Nom de l'instrument : SAM_80E0
Fichier_calib_utilise: /Users/mdlemineahmedou/Documents/Stage/pipeline_LOG/data/calibration/ALL_2023/Cal_SAM_80E0.dat
Date : 2023-10-10
Heure : 10:34:57
Comment : LIDAR_20231010

l_onde		data
280			nan
281			nan
282			nan
283			nan
284			nan
285			nan
286			nan
287			nan
288			nan
289			nan
290			nan
291			nan
292			nan
293			nan
294			nan
295			nan
296			nan
297			nan
298			nan
299			nan
300			nan
301			nan
302			nan
303			nan
304			nan
305			nan
306			nan
307			nan
308			nan
309			nan
310			nan
311			nan
312			nan
313			nan
314			nan
315			nan
316			nan
317			69.7412402433791
318			73.80187950314348
319			78.99290470930762
320			85.14320138341577
321			92.08165504701208
322			99.63715122164076
323			107.63857542884602
324			115.91394548024839
325			124.26950912150149
326			132.48868663476412
327			140.3536994693751
328			147.59912242541733
329			153.83933997709315
330			158.67007875595465
331			161.80881441563824
332			163.78906052718725
333			165.47969639419347
334			167.7228690258187
335			170.7345208013578
336			174.1111615336717
337			177.42328273827823
338			180.3544321804058
339			182.85733507047814
340			184.92391592289903
341			186.58048308100277
342			188.070950254781
343			189.72410758266793
344			191.85942003785624
345			194.59716409546195
346			197.86881100626718
347			201.59798589049964
348			205.61189831485038
349			209.5173560628
350			212.89050830287627
351			215.37585822894727
352			217.03398485878188
353			218.08202423667888
354			218.73625857205377
355			219.19027671899218
356			219.61674724642847
357			220.18817142734645
358			221.20706439685242
359			223.26587126698533
360			226.9962436300543
361			232.87707042726748
362			240.47736943702816
363			249.03067061555353
364			257.7684746149403
365			265.8930304792528
366			272.5799892609682
367			277.00643244722255
368			278.8346868041067
369			278.79851615755456
370			277.77493532219415
371			276.5876254888576
372			275.7444032785312
373			275.6372360179805
374			276.6243278928272
375			278.4095823101955
376			280.1022261169605
377			280.79140347745204
378			279.88469153693853
379			277.49565281234084
380			273.83268368335575
381			269.22391146358245
382			264.71328374149334
383			261.6096154999078
384			261.16245834652216
385			263.4346543121382
386			267.397392613953
387			271.9821384672568
388			276.32416719559444
389			280.0184703821497
390			282.7230228533688
391			284.3166185333108
392			286.0298560133676
393			289.60466932680265
394			296.7326361938496
395			308.0428813361111
396			323.16366953186184
397			341.68278104724055
398			362.80242644802945
399			384.8289485087135
400			405.9417549042528
401			424.4791418795708
402			439.78887160523857
403			451.6138493435359
404			459.73608174254264
405			464.77742575929824
406			468.17882454523243
407			471.413667329537
408			475.4531201648936
409			480.0521411307622
410			484.7851978136077
411			489.2583610861475
412			493.28875671863636
413			496.77996273705213
414			499.63546408327255
415			501.7503089630402
416			503.0109402942505
417			503.30375629049337
418			502.6616726814567
419			501.49153266794633
420			500.25897022684137
421			499.31371906933373
422			498.18194405113513
423			496.0332152702938
424			492.0719712251163
425			486.46010557240186
426			480.3904682020927
427			475.1065832487345
428			471.62662541831696
429			470.3562861331129
430			471.59818713450244
431			475.56723282707793
432			481.8073025942691
433			489.55238623695396
434			498.04080928381353
435			506.68998395874615
436			515.122659607358
437			522.9730360989427
438			530.064538166761
439			536.7737462609589
440			543.5777817387846
441			550.9026753555731
442			558.7488847791241
443			566.9055852037234
444			575.1597527901565
445			583.2750915701776
446			590.9866652811845
447			598.027798941288
448			604.1940937583536
449			609.4787732046476
450			613.9141704413298
451			617.5394494453238
452			620.4564285308277
453			622.8005953701058
454			624.7079986905555
455			626.3244536873908
456			627.8087711541054
457			629.32065600067
458			630.9521840915215
459			632.5604782257429
460			633.9516712911386
461			634.9396638832519
462			635.4176945465754
463			635.3254217281201
464			634.6066076184014
465			633.3820595472099
466			632.0290262515026
467			630.9448404840143
468			630.4413821087888
469			630.5030524582353
470			631.0358174491166
471			631.9507518050362
472			633.2177012947285
473			634.8441366972643
474			636.8362935848074
475			639.0821602763285
476			641.2821233051445
477			643.1199159061096
478			644.279754632857
479			644.4479120083085
480			643.3112071431896
481			640.5956883901739
482			636.5417221328595
483			631.7514406911828
484			626.834193730063
485			622.3727823017371
486			618.9036083006279
487			616.9583987984665
488			616.9174378561438
489			618.44210338417
490			620.9806722777765
491			623.9877660475319
492			627.0144974342375
493			629.686802871759
494			631.6325752379981
495			632.4797074108567
496			631.8560922682362
497			629.389622688039
498			nan
499			nan
500			nan
