Nom de l'instrument : SAM_80E0
Fichier_calib_utilise: /Users/mdlemineahmedou/Documents/Stage/pipeline_LOG/data/calibration/ALL_2023/Cal_SAM_80E0.dat
Date : 2023-10-10
Heure : 10:13:50
Comment : LIDAR_20231010

l_onde		data
280			nan
281			nan
282			nan
283			nan
284			nan
285			nan
286			nan
287			nan
288			nan
289			nan
290			nan
291			nan
292			nan
293			nan
294			nan
295			nan
296			nan
297			nan
298			nan
299			nan
300			nan
301			nan
302			nan
303			nan
304			nan
305			nan
306			nan
307			nan
308			nan
309			nan
310			nan
311			nan
312			nan
313			nan
314			nan
315			nan
316			nan
317			60.74449427730434
318			65.1074997066251
319			70.00689718123834
320			75.42552058668062
321			81.34620380848841
322			87.75178073219826
323			94.6250852433467
324			101.94328087764677
325			109.54126716488618
326			117.10476970001929
327			124.31247320370188
328			130.84802103800908
329			136.4075649100392
330			140.68919826996824
331			143.49329687870318
332			145.3057963678388
333			146.89437575776952
334			149.00195681325604
335			151.79352004566113
336			154.8623548341429
337			157.77785027902132
338			160.24646031208746
339			162.3009787291913
340			164.02172297929843
341			165.50284378563455
342			166.9260386866308
343			168.50715263679666
344			170.45619356802362
345			172.8593929690157
346			175.6856580886294
347			178.89888841099778
348			182.37170809559194
349			185.76808985944822
350			188.72298231580575
351			190.92842331125368
352			192.4239569245846
353			193.37988355180357
354			193.96661447014316
355			194.35204879074522
356			194.70176973844042
357			195.18177849068857
358			196.06478660129923
359			197.86146899543746
360			201.11467976898658
361			206.23830195341478
362			212.8780527261546
363			220.39641104368712
364			228.1517487483868
365			235.4310726127249
366			241.45649836021659
367			245.45000228013697
368			247.08321332841626
369			247.0206078971291
370			246.05940594507953
371			244.94734830929227
372			244.13913926927023
373			243.98200641478712
374			244.7932155554947
375			246.3095369922564
376			247.740144110647
377			248.2764151894697
378			247.3968252241681
379			245.21636016957382
380			241.93550745888007
381			237.85591743009937
382			233.88405035610816
383			231.15015792383758
384			230.73347183829856
385			232.69171866735928
386			236.14294354479017
387			240.17095151653535
388			244.02469836684133
389			247.32565565132245
390			249.7463313006509
391			251.15749773842293
392			252.6436578571945
393			255.74842186040524
394			261.97117889171466
395			271.8779199737384
396			285.1553494296016
397			301.4545730666929
398			320.0798462365077
399			339.5295203215722
400			358.1877585379188
401			374.57843672878954
402			388.1130662456504
403			398.5506125046551
404			405.68545812364755
405			410.07323931097267
406			413.0120249439373
407			415.8292861791122
408			419.3949359557535
409			423.4708420687695
410			427.6544336489854
411			431.57509348555135
412			435.075599140234
413			438.08613888958286
414			440.5367036750689
415			442.34629341521116
416			443.4226974235379
417			443.6734830651732
418			443.12714287687294
419			442.12078262353697
420			441.0400298091472
421			440.17198236555726
422			439.1036027549792
423			437.1187037558224
424			433.531941601615
425			428.50360680861496
426			423.10454108391735
427			418.45031744934005
428			415.44156900038377
429			414.3947378154444
430			415.5279573605617
431			418.98973099547436
432			424.3959017727891
433			431.1163220964585
434			438.52381124536026
435			446.1191850865091
436			453.5500177425482
437			460.4721012339322
438			466.7153669099792
439			472.6188027168817
440			478.61392210577503
441			485.08520714321423
442			492.02537916487034
443			499.2326637108136
444			506.50363183937253
445			513.626203575074
446			520.3776523808767
447			526.5346164744822
448			531.9265217935549
449			536.5503065913435
450			540.4360600141315
451			543.6191660393412
452			546.1835744595895
453			548.2393334972708
454			549.8970682836872
455			551.2808048454884
456			552.5324009019879
457			553.7949441471084
458			555.1530913350626
459			556.488501701943
460			557.6387796194227
461			558.4478305758357
462			558.8239185148923
463			558.7129629192273
464			558.0643789461604
465			556.9795898416606
466			555.7801952898276
467			554.8050387908015
468			554.3215411460046
469			554.323412099689
470			554.738803997798
471			555.499104419513
472			556.5729186436882
473			557.9526785857761
474			559.6298117876386
475			561.5066586965031
476			563.3442211865598
477			564.890954591288
478			565.8885781903924
479			566.050157049686
480			565.0811383955884
481			562.7222554285017
482			559.1768617206496
483			554.9737131866169
484			550.648068423315
485			546.7122237138083
486			543.6383439777395
487			541.89455080687
488			541.8162208583791
489			543.1085851698243
490			545.2900845124072
491			547.8846127126603
492			550.4990042720137
493			552.8044096674125
494			554.473661070484
495			555.1795906528555
496			554.595030586154
497			552.3928130420072
498			nan
499			nan
500			nan
