Nom de l'instrument : SAM_80E0
Fichier_calib_utilise: /Users/mdlemineahmedou/Documents/Stage/pipeline_LOG/data/calibration/ALL_2023/Cal_SAM_80E0.dat
Date : 2023-10-10
Heure : 11:48:01
Comment : LIDAR_20231010

l_onde		data
280			nan
281			nan
282			nan
283			nan
284			nan
285			nan
286			nan
287			nan
288			nan
289			nan
290			nan
291			nan
292			nan
293			nan
294			nan
295			nan
296			nan
297			nan
298			nan
299			nan
300			nan
301			nan
302			nan
303			nan
304			nan
305			nan
306			nan
307			nan
308			nan
309			nan
310			nan
311			nan
312			nan
313			nan
314			nan
315			nan
316			nan
317			95.53554321986793
318			101.27048811838993
319			108.36315673516519
320			116.60610737500333
321			125.79189834271402
322			135.7130879431069
323			146.16223448099166
324			156.93244514435244
325			167.83059810914418
326			178.6780114122602
327			189.2962915237234
328			199.34981577745734
329			208.1063455564043
330			214.77207324490553
331			218.7669014997395
332			220.94315257878338
333			222.74182781792356
334			225.55796238732813
335			229.70900047245502
336			234.44644883609072
337			238.9772555379838
338			242.76514240189718
339			245.8851880405148
340			248.5015006677631
341			250.7942971399837
342			253.0457412795255
343			255.57776106758155
344			258.7029042745324
345			262.5355273794404
346			267.00212686152076
347			272.0212895045012
348			277.3912617820264
349			282.6351974263569
350			287.2379838621422
351			290.763427809439
352			293.2557233641008
353			294.9398201833884
354			296.04193173625345
355			296.8069570934218
356			297.4970209897688
357			298.3756789154079
358			299.872915476534
359			302.789851010553
360			307.9777935790836
361			316.0828573658501
362			326.5289992344817
363			338.28954203090376
364			350.3340921680509
365			361.57365198795424
366			370.865936143875
367			377.06999596629845
368			379.70770491314795
369			379.76446885001985
370			378.4213677257046
371			376.7962702659553
372			375.6326812521099
373			375.5368004212484
374			377.0642568800029
375			379.7895930804873
376			382.3956679308113
377			383.5352806404812
378			382.34965018772886
379			379.0628520153726
380			374.04441990785097
381			367.81504076103624
382			361.79908156622736
383			357.75528848865974
384			357.3613734130191
385			360.67328340958204
386			366.255105908216
387			372.6167592898473
388			378.57299600325723
389			383.6261554804483
390			387.3727797345162
391			389.6985304796292
392			392.25899497332
393			397.37925487691126
394			407.3182252266687
395			422.93888352464234
396			443.78919572584425
397			469.36372340498804
398			498.5958700914237
399			529.1151935553465
400			558.3665102548837
401			584.021780729856
402			605.1960788336136
403			621.5693674780737
404			632.8741921681979
405			639.9707941528087
406			644.8192297375498
407			649.4231047139949
408			655.1062862364066
409			661.5465534466429
410			668.1773989472415
411			674.4729574822159
412			680.1787824998339
413			685.1516059118909
414			689.2485504732405
415			692.3280607840369
416			694.2499296979673
417			694.8744500140958
418			694.2495880384776
419			692.902271785868
420			691.4347340633666
421			690.2949363384378
422			688.8346124740393
423			685.930843832161
424			680.5087327639094
425			672.8102545122017
426			664.4953497505295
427			657.2936444407126
428			652.6174219621769
429			651.01645173914
430			652.8953579477901
431			658.5398607613866
432			667.3260818176726
433			678.2100762865684
434			690.1535099266611
435			702.3528537771272
436			714.2738017829523
437			725.3970771335256
438			735.4699919777747
439			745.0191704637786
440			754.7128835362032
441			765.1463104772873
442			776.305793654308
443			787.8754087425758
444			799.536632642502
445			810.9565466290728
446			821.784515723251
447			831.6688461603906
448			840.3411034531184
449			847.797061425007
450			854.08478104893
451			859.261454220444
452			863.4680244585023
453			866.8904419570869
454			869.7152971733176
455			872.137731232941
456			874.3642630757266
457			876.6021916804724
458			878.969154141486
459			881.2712892251044
460			883.2471338041416
461			884.6467683829475
462			885.3381780112245
463			885.2583326012066
464			884.349720363059
465			882.7887379234194
466			881.0905870504478
467			879.7970040935137
468			879.3333853544393
469			879.6792806747981
470			880.7074538047221
471			882.2968997258881
472			884.3982966919692
473			887.0082143278703
474			890.121287948982
475			893.560577092614
476			896.8769326698846
477			899.5970417947474
478			901.258734135008
479			901.4472381964384
480			899.76038365881
481			895.8496771010076
482			890.0703590061821
483			883.2726689426855
484			876.3166894571856
485			870.0234236592019
486			865.1455753089369
487			862.4289668488468
488			862.4075232067892
489			864.6092831647378
490			868.2641167397595
491			872.6101889298686
492			877.0118641982328
493			880.9313678190254
494			883.8334838708862
495			885.1829964324558
496			884.444689582374
497			881.0833473992817
498			nan
499			nan
500			nan
