Nom de l'instrument : SAM_877D
Fichier_calib_utilise: /Users/mdlemineahmedou/Documents/Stage/pipeline_LOG/data/calibration/ALL_2023/Cal_SAM_877d.dat
Date : 2023-10-10
Heure : 12:19:24

l_onde		data
280			0.26573079447573117
281			0.2994219443449853
282			0.33088762805729793
283			0.3475582978523469
284			0.344332969652018
285			0.3273648837485961
286			0.30996335085428306
287			0.3194200950940158
288			0.3693286221787413
289			0.4197499331113433
290			0.43006571051445774
291			0.4171084986077625
292			0.4128166758656412
293			0.41595344930166644
294			0.4106521283111397
295			0.4094096563205225
296			0.44423606079657685
297			0.5049459890476276
298			0.5356543685183298
299			0.510842271352076
300			0.456744622623195
301			0.4088983449389518
302			0.4139353099120295
303			0.4929033847261122
304			0.5698832201077801
305			0.569973551664275
306			0.5425015536648364
307			0.5678951810175554
308			0.6292170398032317
309			0.6653348255486342
310			0.6947053824875814
311			0.7927613947802888
312			0.95946883236665
313			1.112128582560884
314			1.206390369407246
315			1.2647868691553712
316			1.3279251176073552
317			1.4646412647994935
318			1.708810383806397
319			1.9590945685492542
320			2.118147404675744
321			2.2647773579941175
322			2.516814690817583
323			2.8366613952162694
324			3.120857776035804
325			3.4024716137724393
326			3.8062356182957435
327			4.315815908387491
328			4.7700421584928705
329			5.09129022833875
330			5.33455219540487
331			5.562627258288849
332			5.83231308188397
333			6.1679318100460145
334			6.4934811352211455
335			6.746371851743645
336			7.022140011523405
337			7.434911945721828
338			7.892712700008866
339			8.232888470557498
340			8.52392272496549
341			8.970281913438878
342			9.544149564811727
343			10.008222923903444
344			10.298908443656131
345			10.587647540272396
346			10.996997852090372
347			11.529390583275317
348			12.159660387161065
349			12.82334975420744
350			13.47606024448524
351			14.180339029035592
352			14.983656659411393
353			15.681746513568605
354			16.021037501791085
355			16.155065386075393
356			16.435833737922874
357			16.905156313132544
358			17.372923309786323
359			17.846169788240974
360			18.54944232123015
361			19.57891926220718
362			20.81794126575998
363			22.14760189365432
364			23.483287541878553
365			24.76676220483855
366			26.009110559997513
367			27.195401264267606
368			28.124957648508786
369			28.594877022951064
370			28.764334324812605
371			28.928194970555353
372			29.186706376043226
373			29.528628638814645
374			30.06060368841815
375			30.98311740903248
376			32.244361840304215
377			33.48934981662366
378			34.40198932289441
379			34.7611825446996
380			34.521332176332805
381			34.03097468155379
382			33.63571259276157
383			33.47622915792807
384			33.665230975269
385			34.39417598259498
386			35.81409197482174
387			37.59707303032603
388			39.23063048057946
389			40.53508380337925
390			41.53917054880764
391			42.239924682711134
392			42.61216874953889
393			42.9116797745445
394			43.73408235590202
395			45.55214213677678
396			48.59643479392172
397			52.83797820042502
398			57.688570660848484
399			62.555398404713394
400			67.10340493342737
401			71.07295406834697
402			74.30695125924393
403			76.72364266465317
404			78.55518619403436
405			80.15192562002687
406			81.67301469313568
407			83.1645426814927
408			84.72340577016911
409			86.48591433194328
410			88.46005208792324
411			90.5062790034792
412			92.53048877058745
413			94.52255692621162
414			96.44160346032336
415			98.16366717403055
416			99.60707731129624
417			100.8535001719842
418			102.02003357255983
419			103.2421931604945
420			104.63081142480891
421			106.11026078569682
422			107.53494022208662
423			108.7791320071887
424			109.72870139521594
425			110.28082578657265
426			110.35198356908414
427			110.11349826212951
428			109.99156622213812
429			110.41393448042516
430			111.79356375989211
431			114.359844662393
432			118.00290329498247
433			122.431468954256
434			126.98362054018001
435			131.1021230906387
436			134.81649475652907
437			138.29626137599803
438			141.7527433303567
439			145.3945287290941
440			149.3147500161473
441			153.5403388198054
442			157.9348756177916
443			162.2731770316214
444			166.48100281403853
445			170.60957342223725
446			174.75974988321533
447			179.07821941035033
448			183.48297185300217
449			187.5540367240098
450			191.02113164730503
451			193.96502208178316
452			196.5154617051461
453			198.82275106117643
454			201.03667492177152
455			203.29199597794766
456			205.69386705126286
457			208.21005566550053
458			210.76200511615167
459			213.26205922746354
460			215.62113831821796
461			217.77877564387305
462			219.69130428593581
463			221.30513207603792
464			222.5644764407529
465			223.5748249096105
466			224.6140047676557
467			225.8602130903143
468			227.3360905636864
469			229.06018099509186
470			231.06623881535106
471			233.35718377498077
472			235.85134269124464
473			238.44598109254426
474			241.01168538650492
475			243.46075179277358
476			245.93873750694607
477			248.602201833381
478			251.19838089536165
479			253.33150529046657
480			254.8664428765224
481			255.79809937563724
482			255.90392115724188
483			254.8324483408302
484			252.94731068898517
485			251.300615905415
486			250.59081787223903
487			251.02516214573015
488			252.56278030419003
489			254.7990527829079
490			257.3490414399193
491			259.9499071864926
492			262.3863490653715
493			264.5361216442613
494			266.2971475473645
495			267.5786363839575
496			268.30393247899895
497			268.4588360435015
498			268.05067834353554
499			267.0868107768938
500			nan
