Nom de l'instrument : SAM_8172
Fichier_calib_utilise: /Users/mdlemineahmedou/Documents/Stage/pipeline_LOG/data/calibration/ALL_2023/Cal_SAM_8172.dat
Date : 2023-10-10
Heure : 10:37:52
InclX : -7.11
InclY : 1.5
Pressure : 0.840966352084306
Comment : 

l_onde		data
280			nan
281			nan
282			nan
283			nan
284			nan
285			nan
286			nan
287			nan
288			nan
289			nan
290			nan
291			nan
292			nan
293			nan
294			nan
295			nan
296			nan
297			nan
298			nan
299			nan
300			nan
301			nan
302			nan
303			nan
304			nan
305			nan
306			nan
307			nan
308			nan
309			nan
310			nan
311			nan
312			nan
313			nan
314			nan
315			nan
316			nan
317			0.39938616937207855
318			0.5706056345537708
319			0.6733505415330618
320			0.7184320896632401
321			0.716661478297594
322			0.6788499067894117
323			0.6158085744919819
324			0.5384636148582495
325			0.46318691739192913
326			0.41404873144947807
327			0.41570090172997015
328			0.4790589264704362
329			0.5664717811321008
330			0.6295601561953887
331			0.6260898639818655
332			0.5743185918127898
333			0.5268931988864175
334			0.5358247853504654
335			0.6093069821604339
336			0.6963868942812891
337			0.7419300356277331
338			0.7132011679428488
339			0.6531482870361978
340			0.6206879789003282
341			0.6673098963364115
342			0.7745852430615042
343			0.8857184769563072
344			0.9445640779507151
345			0.9365053772115508
346			0.901403237501619
347			0.8828101612836055
348			0.9111748178447986
349			0.9737995912777542
350			1.0491194825825758
351			1.1172086917329822
352			1.1732311133773161
353			1.2204832673967188
354			1.262386550592495
355			1.3041436409641638
356			1.3532662197538723
357			1.4174188470027889
358			1.5005752725761428
359			1.594646066883208
360			1.689081184306549
361			1.77519098304102
362			1.8613835386690156
363			1.9652695065245391
364			2.1040286472795264
365			2.274557529009965
366			2.447357866706829
367			2.5911651632135158
368			2.685907401638599
369			2.7484663435855943
370			2.80333965239714
371			2.87322653661662
372			2.9639972489342936
373			3.072331943468569
374			3.1947728012825927
375			3.3260338982458095
376			3.4584049829788808
377			3.5840089186500186
378			3.696495903866579
379			3.7946955454739597
380			3.878534306629412
381			3.948938771875044
382			4.016546138995239
383			4.097454531072559
384			4.207621560253858
385			4.354142885888954
386			4.531965940084406
387			4.735158797195776
388			4.955214146621564
389			5.174511417524417
390			5.373415220574542
391			5.53613885960709
392			5.686390983878441
393			5.871072941778162
394			6.13689226749702
395			6.506439307513952
396			6.967664067817044
397			7.505835571783194
398			8.103343887410567
399			8.731787628970965
400			9.360237382862072
401			9.958364870656842
402			10.502481896284637
403			10.973024481323266
404			11.350932385537764
405			11.642506246137554
406			11.892709190911104
407			12.149755681426237
408			12.451427023358333
409			12.793488535886146
410			13.161130220490767
411			13.540069045526241
412			13.922404111783287
413			14.30447700698379
414			14.682716063986222
415			15.054263711654896
416			15.417432154553923
417			15.770641955067385
418			16.113985004449887
419			16.454880096955122
420			16.802753249419066
421			17.165541117992017
422			17.53102172043921
423			17.87247572278553
424			18.163115573069025
425			18.398722849744157
426			18.61527871924389
427			18.85291338087093
428			19.148722139246612
429			19.525135712009515
430			20.000161385668562
431			20.59037376888463
432			21.290248556507294
433			22.07689741397727
434			22.92700402061849
435			23.822184892241978
436			24.753720032070685
437			25.71401141464914
438			26.698157970885458
439			27.715796523630512
440			28.781440681445318
441			29.909110842788568
442			31.103887759686952
443			32.36310812640142
444			33.68381261528654
445			35.055429404575115
446			36.45080118525836
447			37.840587085431864
448			39.197907963541034
449			40.510865916080746
450			41.773198816527035
451			42.97889387332782
452			44.1270825659683
453			45.22185029184448
454			46.267493124243494
455			47.27155508372577
456			48.249536132766195
457			49.218132005187755
458			50.191683298706835
459			51.1681524781748
460			52.138545017737215
461			53.093823376323535
462			54.02448321217179
463			54.920516574575224
464			55.77191005891756
465			56.58363175222625
466			57.40234671134294
467			58.28191655224997
468			59.27033317751352
469			60.368348354109784
470			61.55393022653463
471			62.805122882340655
472			64.1074912665077
473			65.45575707998974
474			66.84519273446217
475			68.26162970384843
476			69.66074165822228
477			70.9921933738697
478			72.207453221955
479			73.27501961933895
480			74.17275825398283
481			74.87940346046265
482			75.40840045823087
483			75.82122343996896
484			76.18286998971186
485			76.55450791221283
486			76.9831364350294
487			77.51247897373499
488			78.18181876065663
489			78.98049794664381
490			79.86641703062556
491			80.79694267721187
492			81.72666305138199
493			82.60576694707238
494			83.38405367232653
495			84.01132253518792
496			84.4373728437
497			84.6120039059063
498			nan
499			nan
500			nan
