Nom de l'instrument : SAM_877E
Fichier_calib_utilise: /Users/mdlemineahmedou/Documents/Stage/pipeline_LOG/data/calibration/ALL_2023/Cal_SAM_877E.dat
Date : 2023-10-10
Heure : 10:58:30

l_onde		data
280			2.685910017368377
281			2.8320766092416045
282			2.98239716674265
283			3.1053259586643795
284			3.2049236513890795
285			3.316040913529825
286			3.445966803784818
287			3.5639864575765774
288			3.65250018806376
289			3.7257873073839236
290			3.802654990048372
291			3.9040549248920913
292			4.042769464218351
293			4.188491905569869
294			4.302281126546569
295			4.384631739510146
296			4.457027956708458
297			4.566184115514995
298			4.776083011904614
299			5.1166598889285915
300			5.58044035628275
301			6.202352295127544
302			7.090620856748171
303			8.33637182834148
304			9.970191175715309
305			12.027539338524546
306			14.600342673726338
307			17.780575507050933
308			21.572964878426028
309			25.950283071738376
310			30.903863378200505
311			36.42706769332222
312			42.347999254859516
313			48.35436927076067
314			54.3314430521098
315			60.42811727871507
316			66.72342033297477
317			73.12507305456732
318			79.48487914221629
319			85.54671407362984
320			91.19124680075889
321			97.03216149407154
322			103.82591574073174
323			111.80175360191967
324			120.93636497082392
325			131.01189421280662
326			141.654640643449
327			151.90686223563006
328			160.25219334728604
329			166.17619694470574
330			170.66720051431585
331			174.3041208038508
332			176.50695986150356
333			176.97990355690033
334			176.89175048666357
335			177.53885453384422
336			179.2897642930668
337			182.1851570414065
338			186.04060400185
339			190.5327773711669
340			194.94728856983986
341			198.3140767696638
342			200.3972390405682
343			201.74982432652416
344			202.93721266046478
345			204.4837984409332
346			206.83690318624065
347			210.27317387873495
348			214.91759134956834
349			220.44510423500932
350			226.45522571544333
351			232.67693077365567
352			238.7573251093294
353			243.26673002145805
354			244.38336048024348
355			242.49764069974736
356			239.6361875879527
357			237.39019282108427
358			236.8340635226171
359			238.88345486920502
360			244.24211201190835
361			252.9936129552514
362			263.82330604533433
363			275.3955302826251
364			286.9951543169503
365			297.9866276316525
366			307.4334344482227
367			314.3298896392053
368			317.9295207907621
369			317.6940699815869
370			314.1725955667312
371			308.72108528175534
372			303.2067283919361
373			299.99775780598287
374			300.6855311932143
375			305.64930950532965
376			313.9978668063774
377			322.2673338899014
378			326.9458437648794
379			325.4843188504166
380			316.57257550716605
381			304.05986586840413
382			293.04286441340065
383			285.9890628716889
384			284.07880048630915
385			287.5075629621812
386			295.757139061796
387			306.9935312080745
388			318.14938099133525
389			326.6055530969835
390			330.4333971725658
391			329.18613833793023
392			325.23426411915966
393			321.67476915659705
394			322.75297828940325
395			332.1714191575704
396			350.40624134225465
397			376.7992934175253
398			408.9680567317302
399			443.7237770828273
400			476.6938979069986
401			503.0058132091323
402			520.8804652510922
403			531.1396943393005
404			535.7504888061336
405			537.9201595181424
406			540.0718600710337
407			543.2015666515321
408			547.8865082285977
409			554.0223990349599
410			561.2756870055332
411			568.8571759239293
412			575.9220995582283
413			581.8619960979414
414			586.1861963857907
415			588.7250646430521
416			589.5043235536023
417			589.0814452172413
418			588.3562780727397
419			587.8530964783474
420			587.7235897573653
421			587.8192341276231
422			587.6077724582711
423			586.5458610279773
424			584.120341909416
425			579.7529426391729
426			572.6778095397075
427			562.8554328269319
428			553.2854369726502
429			547.462017057519
430			547.3011925100058
431			553.9168861557325
432			566.425443812899
433			582.8015114569205
434			599.6948291568671
435			612.9188023239406
436			621.5825284604933
437			628.2052984810305
438			634.8454095528244
439			642.6679452073068
440			652.2132015273875
441			662.8965612765301
442			673.8836561257516
443			684.0104327931429
444			692.4878308111792
445			700.3511983709307
446			708.9323809844593
447			718.4417300346728
448			728.5299302437963
449			737.6156023612784
450			743.5920758951471
451			746.3239291294985
452			747.1552307876215
453			747.3481636794321
454			748.0302173291194
455			749.7183215697281
456			752.0618030747995
457			754.6819041816433
458			757.2779589397252
459			759.6641886062228
460			761.9536597129944
461			764.0946679978399
462			765.1521245047884
463			764.2152736750523
464			761.836378245422
465			759.0518058392885
466			756.4754062515465
467			754.5031769147537
468			753.5193417745195
469			753.8813004362011
470			755.513293513014
471			757.9200547505986
472			760.6881882094108
473			763.537584375617
474			766.2674565114082
475			768.8061213927839
476			771.2085600736422
477			773.8190984044038
478			776.7628019047669
479			779.2016398576503
480			780.0603735142535
481			778.167859455795
482			772.5288576151478
483			763.6997304128506
484			753.0365284762454
485			742.9641079620288
486			736.468229890314
487			734.6810133534731
488			737.1192496434857
489			742.5033958697513
490			748.703276799701
491			754.3111756809583
492			759.1324020299998
493			763.021923220047
494			765.7116882226512
495			766.937660023185
496			766.4960993038951
497			764.1945529568432
498			759.8405678740907
499			nan
500			nan
