Nom de l'instrument : SAM_80E0
Fichier_calib_utilise: /Users/mdlemineahmedou/Documents/Stage/pipeline_LOG/data/calibration/ALL_2023/Cal_SAM_80E0.dat
Date : 2023-10-10
Heure : 12:03:08
Comment : LIDAR_20231010

l_onde		data
280			nan
281			nan
282			nan
283			nan
284			nan
285			nan
286			nan
287			nan
288			nan
289			nan
290			nan
291			nan
292			nan
293			nan
294			nan
295			nan
296			nan
297			nan
298			nan
299			nan
300			nan
301			nan
302			nan
303			nan
304			nan
305			nan
306			nan
307			nan
308			nan
309			nan
310			nan
311			nan
312			nan
313			nan
314			nan
315			nan
316			nan
317			86.70103437637646
318			91.55947191714353
319			97.80375414214242
320			105.19469047570541
321			113.49309034216462
322			122.45976316585224
323			131.85551837110046
324			141.44342974375533
325			151.0433818749684
326			160.53482952835577
327			169.7996786249333
328			178.57411037493722
329			186.22671034964574
330			192.06900011339337
331			195.5948920931645
332			197.52079608933371
333			199.0655295948846
334			201.4096333292381
335			204.83547504857103
336			208.73696279926506
337			212.47082589912887
338			215.5964888168595
339			218.15597616939252
340			220.26159182717936
341			222.0413603305369
342			223.72279781907767
343			225.57222688162062
344			227.8505992874088
345			230.70462450360478
346			234.17272490408567
347			238.28831868453628
348			242.90988757643717
349			247.49601612409532
350			251.4496618541784
351			254.26973818553392
352			256.03924889157133
353			257.0609736708613
354			257.6351948758474
355			258.0044243240933
356			258.35791700774064
357			258.88368764389594
358			259.92847703270405
359			262.1929839972671
360			266.42577218787886
361			273.1918295163763
362			281.96274659225446
363			291.8069564190282
364			301.7930479505546
365			311.0050405688974
366			318.54098428305736
367			323.5020643647892
368			325.5204070330952
369			325.40047306053526
370			324.103464189504
371			322.54120687353617
372			321.333105951679
373			320.99131511521796
374			321.98550545346177
375			323.96093238572126
376			325.81356187459045
377			326.41411389136726
378			325.04649988655206
379			321.9107020616988
380			317.3297569072845
381			311.7500424176262
382			306.3553429222692
383			302.6022974063793
384			301.8815424131382
385			304.26277048622177
386			308.60053926035215
387			313.70512037474026
388			318.5983548089737
389			322.77930160922665
390			325.81240089303407
391			327.5221507770562
392			329.3250657424571
393			333.2398585101936
394			341.2268188924689
395			354.0132414242488
396			371.1649051806251
397			392.200662005489
398			416.20621796225976
399			441.26086872136716
400			465.3013121228036
401			486.4381335757351
402			503.8866774786885
403			517.2947326263399
404			526.3578022271128
405			531.7987820322916
406			535.3425595041816
407			538.753718452775
408			543.1840320741059
409			548.3012616953217
410			553.5529349008858
411			558.4334004557888
412			562.7496910459254
413			566.4369208687103
414			569.4291022571899
415			571.624767420135
416			572.8862596091983
417			573.0746671020773
418			572.2113394485868
419			570.7266291204924
420			569.1151941061498
421			567.7476104021537
422			566.1127471053356
423			563.3177055269201
424			558.508048128881
425			551.8842222032147
426			544.7825403418349
427			538.5951383812705
428			534.4610023461315
429			532.8310755663091
430			534.040516430505
431			538.3276329392507
432			545.18984154129
433			553.7824036740649
434			563.2647600355152
435			572.9759527433259
436			582.4609512094468
437			591.2762397433376
438			599.2040703987478
439			606.6866757194313
440			614.286245496459
441			622.502997646373
442			631.3209384734843
443			640.4677928830131
444			649.6693218772366
445			658.6473521943183
446			667.1188687944239
447			674.8005846141341
448			681.4782804535428
449			687.1569115297788
450			691.8848079463468
451			695.717248103852
452			698.7732423150267
453			701.2060493207737
454			703.1693006621784
455			704.8184371140796
456			706.3113068800309
457			707.8059189177246
458			709.3941289612478
459			710.9379668977257
460			712.249585420604
461			713.1477216883376
462			713.5183653830651
463			713.2868550185364
464			712.3828824895616
465			710.9302315873517
466			709.3338189217682
467			708.0205789205303
468			707.3296710654994
469			707.26387755716
470			707.7454138127416
471			708.7000522811065
472			710.0944850373941
473			711.9216007533521
474			714.1725552869259
475			716.7003666473813
476			719.1388942049572
477			721.1025427484032
478			722.2148759207953
479			722.138417827771
480			720.5460503725193
481			717.1545738036122
482			712.2565822195787
483			706.5496771049285
484			700.7394304778288
485			695.4923907047425
486			691.4069042993448
487			689.0744462805653
488			688.912965179475
489			690.5166722104861
490			693.2356031022263
491			696.4292700946888
492			699.6011319958643
493			702.3662703362996
494			704.3426852890317
495			705.1483770270975
496			704.4013457235341
497			701.7195915513788
498			nan
499			nan
500			nan
