Nom de l'instrument : SAM_81D7
Fichier_calib_utilise: /Users/mdlemineahmedou/Documents/Stage/pipeline_LOG/data/calibration/ALL_2023/Cal_SAM_81D7.dat
Date : 2023-10-10
Heure : 12:03:57

l_onde		data
280			nan
281			nan
282			nan
283			nan
284			nan
285			nan
286			nan
287			nan
288			nan
289			nan
290			nan
291			nan
292			nan
293			nan
294			nan
295			nan
296			nan
297			nan
298			nan
299			nan
300			nan
301			nan
302			nan
303			nan
304			nan
305			nan
306			nan
307			nan
308			nan
309			nan
310			nan
311			nan
312			nan
313			nan
314			nan
315			nan
316			nan
317			nan
318			nan
319			0.013259970919912292
320			0.010156276933883743
321			0.00824947123278522
322			0.0073014011481619505
323			0.007073914011559167
324			0.007328857154522096
325			0.007828078043709457
326			0.008382827437411942
327			0.008993739430718215
328			0.009706821491466932
329			0.01055048885297856
330			0.011364016435628083
331			0.011871575667526908
332			0.011801213599667763
333			0.011152179270266915
334			0.010313205488213684
335			0.009703158093655465
336			0.009612869004955898
337			0.009871768143888892
338			0.010205384212401233
339			0.010375190290647538
340			0.010504894997878824
341			0.010927950444255726
342			0.011971219431321083
343			0.013555625232110714
344			0.015043727385595555
345			0.015757505050096265
346			0.015311535455962422
347			0.014331145081659016
348			0.013659754132421103
349			0.014048239109944134
350			0.015353018459119974
351			0.016929307709403603
352			0.01813681771652631
353			0.018752872630809197
354			0.019114174895457726
355			0.01959653771184226
356			0.0204391983465122
357			0.02142075335466257
358			0.022222784198685647
359			0.022566474443588
360			0.02254792460126348
361			0.022469888329460966
362			0.022633570172004278
363			0.023189403329668744
364			0.024088040840914142
365			0.02526637706985624
366			0.026632806243337057
367			0.028000220362916804
368			0.029161530112843777
369			0.02994292980741067
370			0.03048538666303928
371			0.031103226410876397
372			0.03210487383950856
373			0.033482426935923036
374			0.03480712236725843
375			0.035621079851461596
376			0.035687136200341155
377			0.03551516412515228
378			0.03577292778807692
379			0.03703801483244648
380			0.03902004850310258
381			0.04094389241958308
382			0.042044130729776544
383			0.04219776209321399
384			0.04215218107509859
385			0.04271668027695467
386			0.044412451269158666
387			0.04676026578711583
388			0.04906388903698601
389			0.050702144477588834
390			0.051802388908449806
391			0.05292187259473134
392			0.05461703514742295
393			0.05717067549042716
394			0.060482952517583045
395			0.06442552386578729
396			0.06886128104083447
397			0.07362141807214335
398			0.0785299669494378
399			0.08342396999828787
400			0.08827725951475336
401			0.0931455075978873
402			0.09808242030389581
403			0.10298373334920063
404			0.10751429288983022
405			0.1113206312640867
406			0.11423815902349657
407			0.11682352330202918
408			0.11980549668467981
409			0.12383449666102055
410			0.12867737064530196
411			0.1335436253652221
412			0.13764434432276113
413			0.14080528335136477
414			0.14380264331680045
415			0.14749411590932754
416			0.15246552226963261
417			0.15819184929479765
418			0.16386441249233316
419			0.16873832365241964
420			0.17285370127188854
421			0.17677850632162043
422			0.1810857103611996
423			0.1860024502150113
424			0.1911836007971686
425			0.1962303194090667
426			0.20088146167828852
427			0.20548530452346014
428			0.2105586644366759
429			0.2165978306111494
430			0.22381846370357153
431			0.23223304392651098
432			0.2418484040996937
433			0.25256940571780157
434			0.2641183445085977
435			0.27619855054857456
436			0.2885970138794315
437			0.3015064520426242
438			0.31524240716310337
439			0.3300989121653601
440			0.34603693139251157
441			0.3627553801415885
442			0.3799474029239422
443			0.3974686581436603
444			0.4154929562385321
445			0.4342310162867291
446			0.45380359896928396
447			0.4738480520242396
448			0.4938400442471829
449			0.5132775729496375
450			0.5320593987856735
451			0.5504297949438589
452			0.5686436574137088
453			0.5868276669407455
454			0.6048312245656036
455			0.622467538442968
456			0.6395978716179908
457			0.6563727605057779
458			0.6730504641443488
459			0.6898800979549949
460			0.7069141605908138
461			0.724017977280324
462			0.7410497313799947
463			0.7579589415210581
464			0.7749154906317794
465			0.7921218303282025
466			0.8097797743769547
467			0.8280867881385399
468			0.8472385224392609
469			0.8674263115446321
470			0.888731394942928
471			0.911118465064907
472			0.9345465128433187
473			0.9589107072104361
474			0.9839327826195953
475			1.0093052929144815
476			1.0346784615200133
477			1.0593719988005987
478			1.082550272029239
479			1.103393792381742
480			1.1216267224888006
481			1.137617427213625
482			1.1517716492090215
483			1.1645751424816955
484			1.1767607791494923
485			1.189108990994995
486			1.2023741574902644
487			1.2170748997540708
488			1.233604521803354
489			1.2523367722657786
490			1.2728848539392243
491			1.2938469099462515
492			1.3137504694154518
493			1.3314328200063168
494			1.3468275430547492
495			1.360110636114539
496			1.3714580967394772
497			1.3810459224833538
498			1.389050110899959
499			nan
500			nan
