Nom de l'instrument : SAM_8172
Fichier_calib_utilise: /Users/mdlemineahmedou/Documents/Stage/pipeline_LOG/data/calibration/ALL_2023/Cal_SAM_8172.dat
Date : 2023-10-10
Heure : 10:38:22
InclX : -11.85
InclY : 4.5
Pressure : 1.05754959389484
Comment : 

l_onde		data
280			nan
281			nan
282			nan
283			nan
284			nan
285			nan
286			nan
287			nan
288			nan
289			nan
290			nan
291			nan
292			nan
293			nan
294			nan
295			nan
296			nan
297			nan
298			nan
299			nan
300			nan
301			nan
302			nan
303			nan
304			nan
305			nan
306			nan
307			nan
308			nan
309			nan
310			nan
311			nan
312			nan
313			nan
314			nan
315			nan
316			nan
317			0.34522303151844025
318			0.30087661608048855
319			0.275575928892774
320			0.26614088378015616
321			0.26939139456749434
322			0.28214737507964793
323			0.30122873914147646
324			0.32342652368216346
325			0.3441635334889468
326			0.35692838032011087
327			0.3550635472672944
328			0.3352927802672711
329			0.30629469108907964
330			0.2793887066193619
331			0.2649133664681512
332			0.2635514683319308
333			0.27049659390475855
334			0.28090849150629127
335			0.2911983266310491
336			0.29946647640130275
337			0.3039329753062955
338			0.3036988731036669
339			0.30084201972243046
340			0.29806834742158517
341			0.2979540620838492
342			0.3018541027781515
343			0.310453255930495
344			0.3244035904472133
345			0.3433310700698632
346			0.3655156141667532
347			0.3891458745954203
348			0.41250040267687416
349			0.4341537568498827
350			0.4527413306517491
351			0.46703564346769416
352			0.4770715307350956
353			0.48356415599596836
354			0.4872891827063121
355			0.4911077996329252
356			0.5005845782033868
357			0.5214635687383209
358			0.5570859393251454
359			0.6029391895587435
360			0.6529088481247728
361			0.7014233158183162
362			0.7479001650558013
363			0.7944423120746582
364			0.8431206734215717
365			0.8937458770050567
366			0.9431871998465834
367			0.9881172079010958
368			1.0269534240323899
369			1.0638746277306033
370			1.104246951069211
371			1.1529007362070194
372			1.2096526964786491
373			1.2715816603790997
374			1.33573076164886
375			1.3988188977412728
376			1.4571349827210427
377			1.50693850634072
378			1.5459791183595233
379			1.5770598096801653
380			1.604053729971463
381			1.6310806936776499
382			1.664655490763744
383			1.7126397656192651
384			1.78272986226895
385			1.8746872540804156
386			1.977396058820741
387			2.0789533550298267
388			2.170505163013877
389			2.2539864919967063
390			2.3337176506255406
391			2.414354767041775
392			2.504000153936418
393			2.612779813641985
394			2.7507845309028407
395			2.9250986906535767
396			3.1384884830912245
397			3.3933858475746614
398			3.687149526099134
399			3.9981219275139677
400			4.300190655831685
401			4.56892732292065
402			4.798504932335728
403			4.99464998708576
404			5.163310673231429
405			5.313205433609724
406			5.457275949261842
407			5.608819055716593
408			5.77777133154906
409			5.960537063451701
410			6.1501144944234065
411			6.339974793241687
412			6.5293167648297485
413			6.721146628284019
414			6.9185062174113785
415			7.122122490604208
416			7.328930360107342
417			7.53551347607855
418			7.739728532637484
419			7.945013094184158
420			8.15633361786589
421			8.37775113204578
422			8.601071491839607
423			8.809287082236253
424			8.985360749853687
425			9.127052331714587
426			9.258477705442926
427			9.406472977507551
428			9.594831202598106
429			9.832641433389592
430			10.12455740226338
431			10.474753795706102
432			10.88002550533707
433			11.331368813115333
434			11.819633253095452
435			12.336838100733974
436			12.877294169295965
437			13.435578329174094
438			14.008293225976468
439			14.602961408050351
440			15.230768542566864
441			15.90251435510811
442			16.622005225554048
443			17.38698947841241
444			18.19498831330857
445			19.03841626819125
446			19.898561899073314
447			20.755248970431616
448			21.590505308197407
449			22.399771892722548
450			23.183535585525686
451			23.942295954368895
452			24.676629617006636
453			25.38718739010989
454			26.074630597433938
455			26.742151399121116
456			27.3991413131224
457			28.055923615629787
458			28.720748362253655
459			29.38744797811193
460			30.043730666339343
461			30.677628799990277
462			31.28634861300742
463			31.87699357917954
464			32.45716301733825
465			33.03782232846626
466			33.63930550174726
467			34.283563468779555
468			34.99014082710682
469			35.75921571820307
470			36.581625962682466
471			37.448198373393765
472			38.3514205395936
473			39.28580207055981
474			40.24597324879062
475			41.22176589996771
476			42.187683825877826
477			43.11517674426294
478			43.97657531649807
479			44.752528319354596
480			45.42825985743052
481			45.9894590697803
482			46.44060289936813
483			46.81216471460861
484			47.13652502835382
485			47.44731166868538
486			47.782767006930506
487			48.18220030884462
488			48.68099944517407
489			49.27044628995548
490			49.914054688277645
491			50.574959006678036
492			51.21968892360779
493			51.82015012576008
494			52.348724249537696
495			52.777792931343456
496			53.07973780758015
497			53.22694051465058
498			nan
499			nan
500			nan
