Nom de l'instrument : SAM_81D7
Fichier_calib_utilise: /Users/mdlemineahmedou/Documents/Stage/pipeline_LOG/data/calibration/ALL_2023/Cal_SAM_81D7.dat
Date : 2023-10-10
Heure : 12:03:01

l_onde		data
280			nan
281			nan
282			nan
283			nan
284			nan
285			nan
286			nan
287			nan
288			nan
289			nan
290			nan
291			nan
292			nan
293			nan
294			nan
295			nan
296			nan
297			nan
298			nan
299			nan
300			nan
301			nan
302			nan
303			nan
304			nan
305			nan
306			nan
307			nan
308			nan
309			nan
310			nan
311			nan
312			nan
313			nan
314			nan
315			nan
316			nan
317			nan
318			nan
319			0.03806944178309511
320			0.03696858997455067
321			0.0345053384396759
322			0.031535894308734005
323			0.02891646471198823
324			0.0275032567797018
325			0.028152476227148882
326			0.031202948050024798
327			0.035010162048493394
328			0.03745443101593141
329			0.03667769071641306
330			0.03363467766995169
331			0.03099189034200946
332			0.031397114139292144
333			0.03538225891779999
334			0.04044054298041973
335			0.0438300893581893
336			0.043753653527675115
337			0.04181820830361434
338			0.04039730821605261
339			0.041620010711653166
340			0.04515141260617031
341			0.04922991551731157
342			0.052101662063462936
343			0.05312911770863231
344			0.05321023325080312
345			0.05335461532284541
346			0.05436398044539806
347			0.0563219106238204
348			0.05915703288027331
349			0.06275156946294701
350			0.06653922886529062
351			0.06970239823619173
352			0.07144145159084425
353			0.07182202028914494
354			0.07206871741560489
355			0.07348715419704871
356			0.07687204522017546
357			0.08129496261584411
358			0.08546456915595975
359			0.08825330844732421
360			0.0900841531475878
361			0.09223472308028048
362			0.09596562120738161
363			0.10148247257467626
364			0.10759299958229329
365			0.11300875367081357
366			0.11682075139267538
367			0.11939157379318593
368			0.12134984319092733
369			0.12328524235263094
370			0.12541919145686337
371			0.1277702931750894
372			0.13035393281528354
373			0.13314016634472434
374			0.13603874068935443
375			0.13895522430426577
376			0.14178607684178302
377			0.1443969284314737
378			0.14664689315985674
379			0.14842100123887772
380			0.14985373001487792
381			0.1512188734923622
382			0.152792433181341
383			0.15487988980268017
384			0.15782666493157854
385			0.1619810010937622
386			0.1674664701136656
387			0.17362648338029033
388			0.17963522342248384
389			0.18475712160716687
390			0.1891566337737722
391			0.19351511276365027
392			0.19851953124570962
393			0.20483214814031347
394			0.21308066438747866
395			0.22389019827828072
396			0.23763766715986362
397			0.25380251793716363
398			0.27166141421287887
399			0.2904606936892083
400			0.30912784918353065
401			0.32639961243281984
402			0.3410286027137018
403			0.35271756899287626
404			0.3625579704642733
405			0.3717514198651407
406			0.38124022631406684
407			0.3909765410255365
408			0.4006762108168656
409			0.41009771224498254
410			0.41948023549541985
411			0.4293661965773139
412			0.44029335342863335
413			0.4522385104447207
414			0.4643110903597294
415			0.47554614690769703
416			0.4853049636172043
417			0.49428176437257143
418			0.5035111632154312
419			0.5139431364543213
420			0.5254862019378107
421			0.5373485955863364
422			0.5487291904409958
423			0.5590900138100047
424			0.5683285413480591
425			0.5763831237798449
426			0.5834801772888696
427			0.5911210298798683
428			0.601159595031234
429			0.6153193764928103
430			0.6335413876512813
431			0.6544760846744638
432			0.6767541063492419
433			0.6998304681632622
434			0.7246361197899734
435			0.7522553367619851
436			0.7833688378739128
437			0.8167002042869526
438			0.8503805391695312
439			0.8826826345912228
440			0.9140725945753517
441			0.9467421596579385
442			0.9829191030188948
443			1.0235157761713363
444			1.0668693410773844
445			1.1110182133924116
446			1.15422957153662
447			1.1959999053109156
448			1.2362368514804392
449			1.2748700593717361
450			1.3122170329345528
451			1.348929659580523
452			1.385668194360718
453			1.4226154518516523
454			1.4589217285784428
455			1.4936025481008013
456			1.5259661028901945
457			1.5570823483013811
458			1.5886773032554602
459			1.6223858846440786
460			1.6578988800714587
461			1.693056322804383
462			1.725628749012639
463			1.7546386513162495
464			1.7821291132710921
465			1.810589645937042
466			1.8421884058017122
467			1.8769027811944365
468			1.913795980941039
469			1.9519523508353562
470			1.9910738552562894
471			2.0315162736915107
472			2.0736664685779984
473			2.1176892330020216
474			2.1631458928780187
475			2.209496239869076
476			2.2560619111402462
477			2.3010858428350254
478			2.3423039752428463
479			2.3775120725356182
480			2.4065077863275737
481			2.431460913746408
482			2.4546784065579272
483			2.477819053496688
484			2.5005397671111087
485			2.5221121844235834
486			2.5420806891401226
487			2.5624578648195713
488			2.586568264026226
489			2.6176679964443776
490			2.655682099548082
491			2.696089807621407
492			2.7340610621211967
493			2.765882468109987
494			2.79179271308704
495			2.812904382575209
496			2.8303300620973486
497			2.8451823371763143
498			2.8585737933349593
499			nan
500			nan
