Nom de l'instrument : SAM_81D7
Fichier_calib_utilise: /Users/mdlemineahmedou/Documents/Stage/pipeline_LOG/data/calibration/ALL_2023/Cal_SAM_81D7.dat
Date : 2023-10-10
Heure : 10:13:54

l_onde		data
280			nan
281			nan
282			nan
283			nan
284			nan
285			nan
286			nan
287			nan
288			nan
289			nan
290			nan
291			nan
292			nan
293			nan
294			nan
295			nan
296			nan
297			nan
298			nan
299			nan
300			nan
301			nan
302			nan
303			nan
304			nan
305			nan
306			nan
307			nan
308			nan
309			nan
310			nan
311			nan
312			nan
313			nan
314			nan
315			nan
316			nan
317			nan
318			nan
319			0.16363378578579468
320			0.17663001179011958
321			0.19072240915060867
322			0.2055244226267316
323			0.22064949697795805
324			0.2357110769637578
325			0.2503226073554704
326			0.2641018731134659
327			0.2766832969453925
328			0.2877052877105936
329			0.29684200469167615
330			0.3041519725704822
331			0.30992762597152246
332			0.31446718285480185
333			0.3181905684054564
334			0.32169249631016433
335			0.32558119593093005
336			0.3302207132454292
337			0.3350951188350232
338			0.3394903252371755
339			0.3427599239040874
340			0.3449395519759903
341			0.346459768206616
342			0.347752907893471
343			0.3491161640667892
344			0.3506608435947406
345			0.35248473634381783
346			0.35471154498837
347			0.35755448527053935
348			0.3612460875533657
349			0.3659613688854119
350			0.371319465736236
351			0.3766280310298981
352			0.3811998738180968
353			0.3847058197992228
354			0.3872962453546686
355			0.38915509839639645
356			0.3906174414286314
357			0.3925280133738286
358			0.39583889560984303
359			0.4014298996391879
360			0.4094966510442768
361			0.4198576540906225
362			0.4323169492186643
363			0.4462506330536136
364			0.4604677535817321
365			0.47373834536492887
366			0.4849726449359602
367			0.49355069709819477
368			0.49895084162250747
369			0.5007987942160521
370			0.5001140473796991
371			0.49868370440032483
372			0.4982781828194949
373			0.4996548192908101
374			0.5022230831437409
375			0.505299082171981
376			0.5081608533660649
377			0.5099575798240439
378			0.5098112104400222
379			0.5069941425384339
380			0.502226865286241
381			0.4970386296616157
382			0.492959615156426
383			0.4911822563388724
384			0.49244138323461384
385			0.4974392205752444
386			0.5063458378104793
387			0.5174834154839977
388			0.5287732984663815
389			0.5383518128798646
390			0.5464992281012203
391			0.554727110960124
392			0.5645642549582566
393			0.5776577678812582
394			0.5958201999482502
395			0.6208763963739218
396			0.6538431326023201
397			0.6928152824807209
398			0.735227516660014
399			0.7785350558218733
400			0.8204091825650375
401			0.858650446748582
402			0.8910858617868307
403			0.9168149781399583
404			0.9367972873146767
405			0.9521398141855737
406			0.964008805933737
407			0.9737966517246299
408			0.9829497102421865
409			0.9927899780281241
410			1.003237083765751
411			1.013326066803769
412			1.02208391443634
413			1.028884020758409
414			1.0336354158552075
415			1.0362930550543457
416			1.0368793788186303
417			1.035692564718949
418			1.033101204727847
419			1.0294518757083397
420			1.0248202609790857
421			1.019099893671432
422			1.0121815491220323
423			1.0040012195337293
424			0.9945697186573155
425			0.9839048836621669
426			0.9722519222094487
427			0.9608623317423929
428			0.951265905938952
429			0.944933407781319
430			0.9425286897894593
431			0.9441313858286232
432			0.949802493844907
433			0.9590899542009194
434			0.970623147544933
435			0.9829360309224974
436			0.9947661298467709
437			1.0058382201266545
438			1.0161759446837102
439			1.0258208860141356
440			1.0350910644788123
441			1.044521994020405
442			1.0546517753889895
443			1.0656092595354576
444			1.0767221126399091
445			1.0872250558830345
446			1.0964506229097184
447			1.1042569660139239
448			1.110678032260008
449			1.115746227585128
450			1.1194642084500592
451			1.121808983218826
452			1.1227574664967621
453			1.1224244277786588
454			1.1212227630681055
455			1.1196042823553298
456			1.11795376710795
457			1.1162525108981776
458			1.1143315522836876
459			1.1120246422907882
460			1.1092280701028798
461			1.105897659403588
462			1.1019917262835062
463			1.0975082339657198
464			1.0925408021708043
465			1.0871971881481561
466			1.081610097196253
467			1.0760823127647874
468			1.0709875897384038
469			1.0666898800564888
470			1.0632967221654117
471			1.060644213496196
472			1.0585554122366985
473			1.0568589227627896
474			1.0553984210592064
475			1.0540201189313474
476			1.0525416077470462
477			1.0505570124240495
478			1.047555427328124
479			1.0430364994021257
480			1.0368558828516872
481			1.029291084286978
482			1.0206441008418756
483			1.011296492035461
484			1.0018755488410491
485			0.9930558550245598
486			0.985484067391228
487			0.9795541198924789
488			0.9755256119157069
489			0.973643977486484
490			0.9736203844018029
491			0.9744529440151419
492			0.9750901621700876
493			0.9746853037599684
494			0.97311631445048
495			0.9704213838052747
496			0.9666387013880055
497			0.961806456762325
498			0.955962839491886
499			nan
500			nan
