Nom de l'instrument : SAM_81D7
Fichier_calib_utilise: /Users/mdlemineahmedou/Documents/Stage/pipeline_LOG/data/calibration/ALL_2023/Cal_SAM_81D7.dat
Date : 2023-10-10
Heure : 10:54:59

l_onde		data
280			nan
281			nan
282			nan
283			nan
284			nan
285			nan
286			nan
287			nan
288			nan
289			nan
290			nan
291			nan
292			nan
293			nan
294			nan
295			nan
296			nan
297			nan
298			nan
299			nan
300			nan
301			nan
302			nan
303			nan
304			nan
305			nan
306			nan
307			nan
308			nan
309			nan
310			nan
311			nan
312			nan
313			nan
314			nan
315			nan
316			nan
317			nan
318			nan
319			0.03186956323131523
320			0.03273628599699566
321			0.03387580057739797
322			0.03522479634907974
323			0.03671996268859862
324			0.03829798897251222
325			0.03989556462397779
326			0.04146641789250789
327			0.04302959392622032
328			0.04461978681065998
329			0.046270129806373184
330			0.04799697519429945
331			0.04980646299905786
332			0.05170389260858985
333			0.05366027873827528
334			0.05559739854560481
335			0.0574332212139059
336			0.059137797885977256
337			0.0608688699647573
338			0.06282644405169316
339			0.06518222800142016
340			0.06782274427051506
341			0.07046938579487186
342			0.07284647915599503
343			0.07489795104627797
344			0.07686978481755802
345			0.07902992435309392
346			0.0815651035764624
347			0.08438152515169099
348			0.08732486030240813
349			0.09025806566836657
350			0.09321116576240233
351			0.096307800336689
352			0.09966835387714658
353			0.1032345084867826
354			0.1067085807235346
355			0.10977616487689322
356			0.11226875510725681
357			0.11450993388040175
358			0.1169269219021397
359			0.11992161976245597
360			0.1236562200587348
361			0.12816078903032585
362			0.1334588736814295
363			0.13936505657911735
364			0.1454170311394875
365			0.15113344591660047
366			0.15613195460633136
367			0.16036197110861394
368			0.16384232138042254
369			0.16660908665720559
370			0.1688615363265177
371			0.1708888142710766
372			0.17297833803288962
373			0.17530823882502058
374			0.17791124636939132
375			0.1808100054331584
376			0.18393159085701138
377			0.1868796128839092
378			0.18918931517001458
379			0.19045538866354134
380			0.19084471465387567
381			0.1908437437305635
382			0.1909426593300354
383			0.1916422917371913
384			0.19345789646106287
385			0.19690572640589846
386			0.20218771727603763
387			0.2084143502953959
388			0.21445935333659905
389			0.2193217955429931
390			0.22325073678880075
391			0.2272131246068011
392			0.23217910295512403
393			0.23887182603896143
394			0.24766907483887332
395			0.25892289853927436
396			0.27279300950392416
397			0.2887436488838147
398			0.30608191622114084
399			0.3240945866238609
400			0.3418547451928296
401			0.3583076288539183
402			0.37240886560086117
403			0.3837376437008642
404			0.3927845475580096
405			0.40011245483241437
406			0.40629091741049356
407			0.4119149728928887
408			0.41758574112865016
409			0.42385251192409
410			0.43068011437471876
411			0.43766470989147976
412			0.44440052025973087
413			0.4507105601474254
414			0.4567716181725725
415			0.4627908154078672
416			0.4688949948048426
417			0.4748829914225298
418			0.4804698776387206
419			0.4853941479497778
420			0.4896825035285011
421			0.493555437172449
422			0.49723477690048695
423			0.5007790390057566
424			0.5039765035366832
425			0.5065900837547795
426			0.5085537895796245
427			0.5105588655983386
428			0.5135059747589668
429			0.5182593950263379
430			0.5251860278403665
431			0.5342926644950783
432			0.5455760731788715
433			0.5588510208461374
434			0.5736064260340563
435			0.5892973568622174
436			0.6054756063044066
437			0.6221620559021629
438			0.6395195928732272
439			0.6577052738206999
440			0.6767855015191823
441			0.6967553548460039
442			0.7176074736203737
443			0.7392705695614471
444			0.7615482029031762
445			0.7842294151253594
446			0.8070674297702416
447			0.8296229941337644
448			0.8513924812405528
449			0.8718932765477064
450			0.8910187936241151
451			0.9089866334384474
452			0.9260247773556587
453			0.9423172352637321
454			0.9579529238481689
455			0.9730083474275671
456			0.987556020965174
457			1.0016444449221775
458			1.0153131769899886
459			1.0286044571388784
460			1.0416173962253852
461			1.054505244529856
462			1.0674231370981342
463			1.0804434700744625
464			1.0934390157454228
465			1.1062530430380204
466			1.1188147721097241
467			1.1316393778082998
468			1.145486546371654
469			1.1610926153448782
470			1.1785767760376562
471			1.1974049046833632
472			1.2170116588628868
473			1.236951006868504
474			1.2571011404719628
475			1.27739480252881
476			1.2976854552094483
477			1.3172075424309968
478			1.334904565873817
479			1.3497396935561254
480			1.3613571816188346
481			1.370208344632005
482			1.3767913156952682
483			1.3816878769195642
484			1.3857381635703052
485			1.38983203284285
486			1.3948278328062316
487			1.40129877214694
488			1.4096664940160804
489			1.4203335638363903
490			1.4329717825935113
491			1.4462776392232266
492			1.458879771681749
493			1.4696700604928539
494			1.4784720511173297
495			1.4853153019623415
496			1.4902293714350545
497			1.4932438179426328
498			1.4943881998922408
499			nan
500			nan
