Nom de l'instrument : SAM_81D7
Fichier_calib_utilise: /Users/mdlemineahmedou/Documents/Stage/pipeline_LOG/data/calibration/ALL_2023/Cal_SAM_81D7.dat
Date : 2023-10-10
Heure : 12:02:58

l_onde		data
280			nan
281			nan
282			nan
283			nan
284			nan
285			nan
286			nan
287			nan
288			nan
289			nan
290			nan
291			nan
292			nan
293			nan
294			nan
295			nan
296			nan
297			nan
298			nan
299			nan
300			nan
301			nan
302			nan
303			nan
304			nan
305			nan
306			nan
307			nan
308			nan
309			nan
310			nan
311			nan
312			nan
313			nan
314			nan
315			nan
316			nan
317			nan
318			nan
319			0.0420208602119585
320			0.04098859256203207
321			0.03706838071458016
322			0.032068511404829005
323			0.027797271368004934
324			0.02606294733933421
325			0.028673822825014083
326			0.03625750974281489
327			0.04491561541258308
328			0.049665385155047745
329			0.04615859616396399
330			0.036869101413958334
331			0.028422405818034475
332			0.027398066011623073
333			0.035216167928084297
334			0.04588708002675649
335			0.05284789685242385
336			0.05172638300613494
337			0.04604492604313338
338			0.04110367122469487
339			0.04168538223353357
340			0.04735882255613679
341			0.05467371838218742
342			0.060184326710400755
343			0.06228148309796377
344			0.061882209368238086
345			0.060087271958937025
346			0.05812609421616995
347			0.05767253123682478
348			0.06049633507443119
349			0.06798239562576658
350			0.0777958137182358
351			0.08551733405745728
352			0.08680524358141423
353			0.08150773531003744
354			0.0750852338225228
355			0.0733904199933337
356			0.08000801004520272
357			0.0908733722255443
358			0.10031085303442443
359			0.10331211908518823
360			0.10118642123421522
361			0.09872524465368904
362			0.1006700616809345
363			0.10824954281729225
364			0.11803770664693056
365			0.1262883199130402
366			0.1303610569499047
367			0.1313214211161012
368			0.13101026257934695
369			0.13117482183642465
370			0.13267704569024666
371			0.13589131292619033
372			0.14116388814164785
373			0.14789559748508385
374			0.15422939558905072
375			0.1582212393991972
376			0.15876981285528435
377			0.1576260815532864
378			0.15714386148697604
379			0.15940069650767622
380			0.16381496390098163
381			0.16831989180320672
382			0.17087444667332138
383			0.17123269287605083
384			0.17158084074906116
385			0.1742780515261692
386			0.1807621020755296
387			0.1892712972211733
388			0.197349926835166
389			0.2028068874998591
390			0.20608991880026875
391			0.2091622858190698
392			0.21398748952130311
393			0.22170711216969458
394			0.23231342230351926
395			0.24571307642353932
396			0.2616575837587016
397			0.27933745611208494
398			0.2978164480085181
399			0.3161984136825944
400			0.3340088135580323
401			0.35102534999803797
402			0.3670285194879994
403			0.38176767559468944
404			0.39494665337299967
405			0.40626567820873644
406			0.4156856927016275
407			0.4241631952073696
408			0.43289227669369434
409			0.44296371507969146
410			0.45430328021858074
411			0.46610187507140605
412			0.47754695126730956
413			0.4883067489543088
414			0.4987929337381319
415			0.5094809122631122
416			0.5207053530980181
417			0.5322258839549953
418			0.5436552855797792
419			0.5546392389826501
420			0.5652282595527746
421			0.5757450753602054
422			0.5865124880972562
423			0.5974940619343173
424			0.6080589211847809
425			0.6175203907292107
426			0.6255944395515192
427			0.6337790473258508
428			0.6440650208166767
429			0.6583194924212974
430			0.6767190906725729
431			0.6982164868742703
432			0.7217422325301637
433			0.7467038093367905
434			0.7733625775332154
435			0.8020686016262211
436			0.8330520454143546
437			0.8659615876997033
438			0.9002698761981157
439			0.9354749193228451
440			0.9714675396629268
441			1.0084476150164703
442			1.0466238660429223
443			1.0862670555101817
444			1.1277694054820098
445			1.1715372284474903
446			1.2176422883505769
447			1.2643585725860822
448			1.3093587966642883
449			1.3504494759713475
450			1.387833969943487
451			1.4237820437347717
452			1.4606243970199897
453			1.4994451712060284
454			1.5386326870010376
455			1.5762233838561948
456			1.610654524031241
457			1.6427761807082317
458			1.6743369346684056
459			1.707021964173916
460			1.7411476969226283
461			1.7757275500255536
462			1.809724289986367
463			1.8424464039014576
464			1.87403649772853
465			1.904760455819884
466			1.9350429924141814
467			1.9663916115643918
468			2.0007656516497745
469			2.04004352189705
470			2.0839981900016573
471			2.13017378936377
472			2.1760089593523317
473			2.2199996061224136
474			2.2635147283799166
475			2.3084067269358424
476			2.356068874974111
477			2.4043096080698896
478			2.4492524669398055
479			2.487101207795093
480			2.516929800015315
481			2.5412132849614038
482			2.562623585099823
483			2.583363694539123
484			2.6041883043106027
485			2.6255733690612675
486			2.648035870773919
487			2.6724640651085663
488			2.6999435578532798
489			2.7315289359276322
490			2.766916974057438
491			2.8039922479522676
492			2.8405132489998115
493			2.874523098660819
494			2.905072277735923
495			2.9314340177781184
496			2.952881550340402
497			2.9686881069757676
498			2.9781269192372113
499			nan
500			nan
