Nom de l'instrument : SAM_877E
Fichier_calib_utilise: /Users/mdlemineahmedou/Documents/Stage/pipeline_LOG/data/calibration/ALL_2023/Cal_SAM_877E.dat
Date : 2023-10-10
Heure : 11:31:03

l_onde		data
280			2.6526433172501886
281			2.770534887464837
282			2.915401657419265
283			3.0745452436383665
284			3.232842065576441
285			3.3732548409231256
286			3.4881537723025615
287			3.5825461142284913
288			3.6653742219713115
289			3.7517720830221997
290			3.851642347738328
291			3.9560340082729617
292			4.057450007489149
293			4.174278659016257
294			4.327318695205867
295			4.491080521279727
296			4.622764115101183
297			4.752833824548536
298			4.965174729829154
299			5.324619797790519
300			5.873716508344778
301			6.662481461872841
302			7.755189291696934
303			9.21651185131685
304			11.108747310418298
305			13.49085152490363
306			16.41002357122315
307			19.913587837747244
308			24.06788338478345
309			28.93396347120026
310			34.442459272379
311			40.44526300968856
312			46.759513192794486
313			53.17574788787394
314			59.60562420192223
315			66.11980452657528
316			72.74920371664898
317			79.42607855396395
318			86.030191989035
319			92.31847132343789
320			98.18202452612094
321			104.24572984614554
322			111.28039404538531
323			119.5513597286954
324			129.0763940272408
325			139.6196302792712
326			150.74895385591356
327			161.43464127185663
328			170.07675146109162
329			176.13685464767332
330			180.66736720751018
331			184.30269054942
332			186.4840912054919
333			186.9132296736174
334			186.69192566945617
335			187.07933708308417
336			188.6316561435928
337			191.60738154639844
338			195.68875814031637
339			200.26696792910923
340			204.62342700558187
341			207.9832277951613
342			210.1439990287524
343			211.51651457013466
344			212.6026407410351
345			213.99970094251506
346			216.2381138816934
347			219.67370346411872
348			224.46713187605667
349			230.17747971365694
350			236.28637933123733
351			242.57578208790542
352			248.7838441146412
353			253.40274950579527
354			254.45891037889385
355			252.36660648541408
356			249.30406150444077
357			246.9149391153424
358			246.21649953125865
359			248.1367736972978
360			253.5098639891105
361			262.48691889671954
362			273.6507943406593
363			285.5566353089579
364			297.441063809219
365			308.64211051504344
366			318.2422747470803
367			325.2596738458249
368			328.8853711982047
369			328.48485108932584
370			324.63464446811594
371			318.80639530632425
372			312.942982458168
373			309.4448447851254
374			309.95300239582366
375			314.92531799064153
376			323.463733890015
377			331.9044863693551
378			336.55837738674484
379			334.85691665805274
380			325.52094953550744
381			312.5207344259558
382			301.09013525836554
383			293.74567941742504
384			291.67333665576024
385			295.03814333415113
386			303.26992838399593
387			314.5330231215395
388			325.80429463872105
389			334.4009154814213
390			338.1820023250464
391			336.64074300451324
392			332.4078021572376
393			328.7761817987646
394			329.8944225839431
395			339.36516784827427
396			357.777478806666
397			384.6077801909453
398			417.3764017212993
399			452.7140935466474
400			486.16122588609034
401			512.8111905262008
402			530.8306128994834
403			540.9743796639917
404			545.2893891010643
405			547.2334657375387
406			549.3295773566542
407			552.4061454368788
408			556.9348381261876
409			562.91579414177
410			570.11563109698
411			577.7211083068673
412			584.8238872823258
413			590.6883499393444
414			594.7101495481779
415			596.8775840458404
416			597.4762695565269
417			596.9834766245667
418			596.0032404684026
419			595.0957628973031
420			594.762568817894
421			594.8979738739753
422			594.5847053958404
423			593.1082349137091
424			590.2486109429135
425			585.6457869464813
426			578.40423734327
427			568.3382372174874
428			558.4714150506119
429			552.35733563162
430			551.9283305437851
431			558.3031189972058
432			570.6407554754089
433			586.9704561803082
434			603.8831821575186
435			617.0542694193757
436			625.5658284740042
437			632.025380094142
438			638.5163849307645
439			646.131152143621
440			655.3978077621772
441			665.8575977759216
442			676.7584782948186
443			686.8445353030276
444			695.2296173529179
445			702.9615704692059
446			711.4017059636928
447			720.7173010955622
448			730.500802989255
449			739.22618563247
450			744.897695740746
451			747.4108828917588
452			748.0793884827708
453			748.1100210090366
454			748.552170523717
455			749.9242030260227
456			751.992120255591
457			754.4347614700816
458			756.873041283388
459			759.0515987069678
460			761.084752419083
461			762.9506356831735
462			763.8096344163124
463			762.8243951297476
464			760.3927243499079
465			757.3504445436108
466			754.4305498575357
467			752.2910506100916
468			751.2982100940342
469			751.5978524831088
470			753.0346239835725
471			755.1669463605801
472			757.6626242626254
473			760.3511958781512
474			763.0520125588197
475			765.5453949465021
476			767.7822781627366
477			770.161982713325
478			772.8727485846391
479			775.0780885334948
480			775.691984583251
481			773.5412051479288
482			767.634672490601
483			758.558703416463
484			747.7075910364567
485			737.5063290726175
486			730.9160320076202
487			729.0281790169417
488			731.3078693907383
489			736.4929610334449
490			742.5497001883014
491			748.0789290743049
492			752.7495856708553
493			756.3559097742628
494			758.7601149380629
495			759.803662007923
496			759.2389609224317
497			756.8017535337744
498			752.2277816941357
499			nan
500			nan
