Nom de l'instrument : SAM_80E0
Fichier_calib_utilise: /Users/mdlemineahmedou/Documents/Stage/pipeline_LOG/data/calibration/ALL_2023/Cal_SAM_80E0.dat
Date : 2023-10-10
Heure : 12:02:16
Comment : LIDAR_20231010

l_onde		data
280			nan
281			nan
282			nan
283			nan
284			nan
285			nan
286			nan
287			nan
288			nan
289			nan
290			nan
291			nan
292			nan
293			nan
294			nan
295			nan
296			nan
297			nan
298			nan
299			nan
300			nan
301			nan
302			nan
303			nan
304			nan
305			nan
306			nan
307			nan
308			nan
309			nan
310			nan
311			nan
312			nan
313			nan
314			nan
315			nan
316			nan
317			82.95978007701676
318			87.61633392459953
319			93.5307782623377
320			100.50710286244052
321			108.34929749711718
322			116.86135193857693
323			125.84725595902898
324			135.1105727916491
325			144.44416418673046
326			153.62967062816213
327			162.4480111208893
328			170.60398203963788
329			177.61035778327965
330			182.95010406363417
331			186.25458020874873
332			188.14977216025474
333			189.6704258888972
334			191.8196840935203
335			194.859531028157
336			198.31880772862232
337			201.69558208748415
338			204.62794268869857
339			207.0873556347475
340			209.09383554851127
341			210.69872466814934
342			212.15162870105598
343			213.77948552440483
344			215.89995750726433
345			218.63291708636123
346			221.91075713555952
347			225.65808037567922
348			229.7039615221225
349			233.6591024036737
350			237.10382846037163
351			239.68062444817693
352			241.41034330921684
353			242.45620674332355
354			242.98352132609855
355			243.1940489102562
356			243.32315831325394
357			243.60807681454494
358			244.41341193044536
359			246.3878281888278
360			250.2184024119299
361			256.42238915160846
362			264.50556282692634
363			273.60074476115926
364			282.8402108827662
365			291.35706629359805
366			298.2851700488223
367			302.7609451224655
368			304.43394261695084
369			304.08671691583834
370			302.6533047867674
371			301.0137689234775
372			299.72851442995426
373			299.2407059543027
374			299.9563059398028
375			301.5600220724055
376			303.08103278875063
377			303.5263626683459
378			302.250730436386
379			299.37971397951725
380			295.14243943746885
381			289.8930912685541
382			284.7335243706843
383			281.0422462152139
384			280.13651634331586
385			282.10705167653543
386			285.9162739513177
387			290.48540925748074
388			294.91551614149165
389			298.7132851620877
390			301.4409803304742
391			302.90665428961745
392			304.42302220118387
393			307.87195488405945
394			315.08098504397617
395			326.73050648452255
396			342.42027661589526
397			361.7063671975087
398			383.73517075018304
399			406.70119370441563
400			428.6640701838908
401			447.855083922883
402			463.59605923439676
403			475.63569920462186
404			483.7634112924579
405			488.64208856016694
406			491.786513973581
407			494.74520936508833
408			498.5422496277755
409			502.93168354095616
410			507.4790825474698
411			511.77987223280314
412			515.6288518478008
413			518.9024880355499
414			521.4781901978846
415			523.2499697341511
416			524.1287717210251
417			524.0266248055701
418			522.9926484943238
419			521.4258319869606
420			519.7801727731922
421			518.3944341419237
422			516.7885434776902
423			514.1278827145261
424			509.61335861706766
425			503.4204310313733
426			496.7739265178666
427			490.9502451918608
428			486.99279787766204
429			485.3117475278558
430			486.2106931155691
431			489.90467089033893
432			495.9312249929859
433			503.5150233821754
434			511.8848746991752
435			520.443336358398
436			528.7921825442929
437			536.5443096648188
438			543.5110709999614
439			550.0839632158102
440			556.759929131334
441			563.9805827476455
442			571.7266616039867
443			579.7500938489216
444			587.8013923623172
445			595.6392341048067
446			603.0323433204463
447			609.7500814089028
448			615.6126102024168
449			620.601297550441
450			624.7294141712675
451			628.0200135232194
452			630.5858793566606
453			632.5880149301884
454			634.1875455139951
455			635.5316034953984
456			636.7487018500692
457			637.9660586356559
458			639.2553373200034
459			640.4951967075647
460			641.5224094045947
461			642.1786286822087
462			642.3553580315101
463			641.973267847751
464			640.9571868309322
465			639.4226786558928
466			637.761577475971
467			636.3873544457721
468			635.6247759329942
469			635.4586676221082
470			635.7924349327178
471			636.5340787169688
472			637.6444650814134
473			639.1183042770973
474			640.9489737982038
475			643.0093122383207
476			644.9809206579703
477			646.5284240760855
478			647.3259832256368
479			647.0883224097213
480			645.5409499216585
481			642.4461243638015
482			638.0479210338399
483			632.9293200654822
484			627.6801981565167
485			622.8770557279767
486			619.0730154077304
487			616.8188444568004
488			616.5076473159653
489			617.7840965866542
490			620.0710117330715
491			622.7993262008222
492			625.523253713479
493			627.8926051349678
494			629.5596909446094
495			630.1768216217254
496			629.3963076456366
497			626.8704594956647
498			nan
499			nan
500			nan
