Nom de l'instrument : SAM_80E0
Fichier_calib_utilise: /Users/mdlemineahmedou/Documents/Stage/pipeline_LOG/data/calibration/ALL_2023/Cal_SAM_80E0.dat
Date : 2023-10-10
Heure : 10:16:41
Comment : LIDAR_20231010

l_onde		data
280			nan
281			nan
282			nan
283			nan
284			nan
285			nan
286			nan
287			nan
288			nan
289			nan
290			nan
291			nan
292			nan
293			nan
294			nan
295			nan
296			nan
297			nan
298			nan
299			nan
300			nan
301			nan
302			nan
303			nan
304			nan
305			nan
306			nan
307			nan
308			nan
309			nan
310			nan
311			nan
312			nan
313			nan
314			nan
315			nan
316			nan
317			62.702230966601675
318			66.59969277197558
319			71.45088153589242
320			77.11388812154246
321			83.44680339211594
322			90.30771821080312
323			97.55472344079426
324			105.04513984816188
325			112.61696715101364
326			120.08794557362889
327			127.27472608571479
328			133.94159130938604
329			139.72072289300021
330			144.22379568318811
331			147.17524411338684
332			149.05528772979858
333			150.6547498172327
334			152.7397879310135
335			155.49868371661353
336			158.54809232419214
337			161.48073145112718
338			164.01479163983134
339			166.16720374963248
340			167.99840307421192
341			169.58454369199887
342			171.1012593503517
343			172.76298559242548
344			174.77861236087543
345			177.23912992839968
346			180.1237747573612
347			183.40697710515897
348			186.96763366810853
349			190.46625555589637
350			193.53297572285013
351			195.85380839800558
352			197.45492111225678
353			198.49047102349408
354			199.11555827165597
355			199.499473671838
356			199.82458997287625
357			200.27429828031876
358			201.14395373366312
359			202.97859046240345
360			206.3570060395341
361			211.7175064784798
362			218.66161460156033
363			226.4823144160391
364			234.4708904624943
365			241.89497776350248
366			248.00070723560424
367			252.03561847996133
368			253.69058477897127
369			253.6353743297344
370			252.67063344586776
371			251.55017325762506
372			250.7504268737806
373			250.64609377709155
374			251.57951267743306
375			253.26562302503555
376			254.84913778425351
377			255.45558269560922
378			254.5301968153364
379			252.22704315172925
380			248.79539987773143
381			244.58135036370385
382			240.50973503773506
383			237.71954567179336
384			237.29814413875076
385			239.29957119851557
386			242.82731667394557
387			246.95023666516977
388			250.90478946349396
389			254.30547865490846
390			256.8186017706041
391			258.3128487175232
392			259.8959098384001
393			263.1441414383123
394			269.58870036308826
395			279.80671698769027
396			293.47660251475503
397			310.24039255578055
398			329.38808734763535
399			349.39173604535705
400			368.60749268755274
401			385.5296049710982
402			399.5296703141375
403			410.32271395398504
404			417.66193393202593
405			422.1225996545993
406			425.0817273377487
407			427.94810288063763
408			431.64224091902724
409			435.90223474410584
410			440.2907012350429
411			444.4048726096004
412			448.0731512455528
413			451.2186313853135
414			453.7644128922128
415			455.6269194437005
416			456.7157651524491
417			456.94055798843743
418			456.3393395939949
419			455.277927290341
420			454.1736729556035
421			453.33795121454716
422			452.3290791839005
423			450.3793097323353
424			446.75314292612904
425			441.6001641295349
426			436.02298945369495
427			431.17107429539857
428			427.9825218894386
429			426.82099573481844
430			427.9534916796289
431			431.5678096285601
432			437.24591189999734
433			444.2899757807805
434			452.00627731491187
435			459.8682765918851
436			467.5411234895116
437			474.7006485994661
438			481.1892931744055
439			487.33654672102654
440			493.56042404147036
441			500.23474548887583
442			507.36520171327356
443			514.7747195656563
444			522.2838802664788
445			529.6778208526445
446			536.698058293091
447			543.0834512469581
448			548.6404989377364
449			553.3903457292961
450			557.3966145224675
451			560.7242064378198
452			563.4497468193989
453			565.6561614063309
454			567.4272678901149
455			568.8810213072164
456			570.1808010204619
457			571.4931271912477
458			572.9188494606451
459			574.330668603629
460			575.5517721427163
461			576.4126152357277
462			576.8178833408563
463			576.7156933807186
464			576.0578044020767
465			574.9516886080339
466			573.7303612529738
467			572.7445017076296
468			572.2705436684449
469			572.300391370441
470			572.7578005002173
471			573.5700885603655
472			574.7055477184007
473			576.1587019739893
474			577.9230264574406
475			579.8975539567155
476			581.8314824721821
477			583.4607092596056
478			584.5153471320378
479			584.7009027066302
480			583.7163409432001
481			581.2966720594386
482			577.6494811820846
483			573.3147576978528
484			568.8392076525731
485			564.7523718112708
486			561.5537910823871
487			559.7399838192796
488			559.6685961915819
489			561.0380424476793
490			563.3513246925952
491			566.1164437582196
492			568.9174881643763
493			571.3975482883025
494			573.2012572516163
495			573.9732481759366
496			573.3581541828817
497			571.00060839407
498			nan
499			nan
500			nan
