Nom de l'instrument : SAM_81D7
Fichier_calib_utilise: /Users/mdlemineahmedou/Documents/Stage/pipeline_LOG/data/calibration/ALL_2023/Cal_SAM_81D7.dat
Date : 2023-10-10
Heure : 11:31:22

l_onde		data
280			nan
281			nan
282			nan
283			nan
284			nan
285			nan
286			nan
287			nan
288			nan
289			nan
290			nan
291			nan
292			nan
293			nan
294			nan
295			nan
296			nan
297			nan
298			nan
299			nan
300			nan
301			nan
302			nan
303			nan
304			nan
305			nan
306			nan
307			nan
308			nan
309			nan
310			nan
311			nan
312			nan
313			nan
314			nan
315			nan
316			nan
317			nan
318			nan
319			0.09521891496470221
320			0.10205112132415109
321			0.10681446909951833
322			0.11044749225073792
323			0.11388872473774388
324			0.11807670052047016
325			0.123949952304096
326			0.13198822060732443
327			0.14091250493583082
328			0.14902243714540112
329			0.15475892668841082
330			0.1580818082454943
331			0.15987527574961713
332			0.1610374379387816
333			0.16250700946822164
334			0.16528102073752368
335			0.17036099440328198
336			0.17821927977977917
337			0.1874212187782358
338			0.19610272214819144
339			0.20258260116094753
340			0.20702287797097554
341			0.21065284020891453
342			0.21469650899874923
343			0.2195660778560291
344			0.22455708359492307
345			0.22888389722866262
346			0.2322462264690696
347			0.23602032357858985
348			0.24194419607184814
349			0.2514984988731567
350			0.26367650971054224
351			0.27607772301153277
352			0.28631853171600496
353			0.29335998097301696
354			0.29796423018502666
355			0.3010194418008568
356			0.3034335341079436
357			0.30618105750987384
358			0.31025059573549757
359			0.31656871886352844
360			0.32547490773146176
361			0.3369850412708162
362			0.3510957513242652
363			0.3671584931157458
364			0.38366982804781513
365			0.3990675105755558
366			0.41206048809548973
367			0.42226645904415694
368			0.42949325400250105
369			0.4336749214994268
370			0.4359391896513005
371			0.43807119551579216
372			0.44183677871145044
373			0.4479286254734164
374			0.45561163043947744
375			0.4640517870017743
376			0.4723500306291766
377			0.4793871026797299
378			0.4839972048904661
379			0.4852018383933222
380			0.4838252929919264
381			0.48169871909675926
382			0.48065300802198707
383			0.4820379987857392
384			0.48655176127376054
385			0.494845946619944
386			0.5070446930797884
387			0.5214403705716746
388			0.5359280101415176
389			0.5486065355285659
390			0.5596082308751877
391			0.5702331684542872
392			0.5818020126085431
393			0.5959439386423363
394			0.6147195220473417
395			0.6402214431651644
396			0.6737338405063555
397			0.7136172440602219
398			0.7575715949403727
399			0.8032754716729179
400			0.8481828476893588
401			0.8896133178799306
402			0.9249166143476768
403			0.9530869867375833
404			0.975522312697438
405			0.9938111288273588
406			1.009478436627617
407			1.0238066270956865
408			1.038020191445206
409			1.053267707144935
410			1.0698417114416383
411			1.087494766249769
412			1.1059659010894591
413			1.1246919165286997
414			1.142642287714304
415			1.1587464214750012
416			1.1723149914164264
417			1.184216486775228
418			1.1957172128684377
419			1.2079719189861435
420			1.2207626693834777
421			1.232948527965636
422			1.2433805203577013
423			1.251566532283092
424			1.2581013732944355
425			1.2636818813202884
426			1.2691396004311402
427			1.2759022532655233
428			1.2855624396709637
429			1.299648036002412
430			1.3188022577950178
431			1.3430278091787393
432			1.3723103379376909
433			1.4063825002163113
434			1.4445240050908177
435			1.4859675077111352
436			1.5299008031538144
437			1.5752941276503265
438			1.6210518565414003
439			1.6661841675153637
440			1.7113377628308828
441			1.7584469165157293
442			1.8094692012522364
443			1.864933937225507
444			1.9225743671347022
445			1.9797993622858232
446			2.0344349274055324
447			2.086548633332327
448			2.1369577495705374
449			2.1864278445254643
450			2.234791768006802
451			2.2810782394766687
452			2.3242932352030894
453			2.3641068347545158
454			2.401625314842756
455			2.4381424167451624
456			2.474769846526833
457			2.51152352293993
458			2.548011304072322
459			2.5838405257316177
460			2.618622039172421
461			2.6519700422522727
462			2.6835002990270467
463			2.713274543212027
464			2.7424304979553846
465			2.7722649120022833
466			2.8039343220309787
467			2.837639398028836
468			2.8731819390513094
469			2.9103798691016234
470			2.949496886824093
471			2.991268590839009
472			3.036452189256528
473			3.0851138602000003
474			3.135441927372719
475			3.1853087626721597
476			3.232692632991998
477			3.2763986262285534
478			3.315620441034987
479			3.349566471256911
480			3.3778419130869533
481			3.4005221554405307
482			3.41771011766767
483			3.430054579185191
484			3.439890228997484
485			3.449876221581714
486			3.4625617371799913
487			3.479500752766798
488			3.501718246078662
489			3.5301867077066857
490			3.5639109479196707
491			3.599269619730837
492			3.6324586833128483
493			3.660464398286021
494			3.68307004259464
495			3.7006773804682336
496			3.713688176136333
497			3.7225041938284664
498			3.7275271977741626
499			nan
500			nan
