Nom de l'instrument : SAM_81D7
Fichier_calib_utilise: /Users/mdlemineahmedou/Documents/Stage/pipeline_LOG/data/calibration/ALL_2023/Cal_SAM_81D7.dat
Date : 2023-10-10
Heure : 12:20:03

l_onde		data
280			nan
281			nan
282			nan
283			nan
284			nan
285			nan
286			nan
287			nan
288			nan
289			nan
290			nan
291			nan
292			nan
293			nan
294			nan
295			nan
296			nan
297			nan
298			nan
299			nan
300			nan
301			nan
302			nan
303			nan
304			nan
305			nan
306			nan
307			nan
308			nan
309			nan
310			nan
311			nan
312			nan
313			nan
314			nan
315			nan
316			nan
317			nan
318			nan
319			0.01541728486744952
320			0.016505530814383683
321			0.015469201015151162
322			0.013251605589814143
323			0.010796054658434858
324			0.00904585834107551
325			0.00894432547786538
326			0.010966766502754155
327			0.013794459572678643
328			0.01567885994353948
329			0.015069479189262477
330			0.012545202155449417
331			0.009980768051511726
332			0.009241322524126563
333			0.010815479373372688
334			0.013214961228458447
335			0.014798540794062207
336			0.014454244532812308
337			0.012977396108098973
338			0.01159281560334679
339			0.011413432894510673
340			0.012424585403781128
341			0.01395870615262126
342			0.015346490266236494
343			0.016195253739170048
344			0.016492800423582272
345			0.016254620207498603
346			0.01562225377661254
347			0.015172671032141413
348			0.015576796316065403
349			0.017384582646107836
350			0.019976764914012946
351			0.02207891533613185
352			0.02243818071167176
353			0.021002022032285222
354			0.019325678855569198
355			0.01907675984756984
356			0.021250711881478538
357			0.024575927339431917
358			0.02730333645917236
359			0.027890542796606913
360			0.02675174625819578
361			0.025379617047267097
362			0.02525336192571899
363			0.026846626600025722
364			0.02930063413712735
365			0.03166492035742802
366			0.03323019304670096
367			0.034095312567217644
368			0.03452822385514074
369			0.03479006557535891
370			0.0350776075195715
371			0.03555216886675
372			0.0363704744001582
373			0.03751583464793587
374			0.03874083877056409
375			0.03978211354607229
376			0.04049653210739387
377			0.04114795166975162
378			0.04208624848346998
379			0.04360263448065389
380			0.0454236675091156
381			0.046960545129074605
382			0.047634551957679926
383			0.04744601025645655
384			0.047179770011258636
385			0.04767646980417016
386			0.04948507284159713
387			0.052141710720012474
388			0.05496281620076168
389			0.057327601317450703
390			0.0592413568722015
391			0.061068939710387016
392			0.06317704309527743
393			0.06581951555505566
394			0.06909241141965887
395			0.07308003007323301
396			0.07781930662024766
397			0.08317591154243305
398			0.0889768181075251
399			0.09505144473714047
400			0.10125491806912822
401			0.10745774565957437
402			0.11352984653471637
403			0.11930017621288501
404			0.12453781792027285
405			0.1290071062429329
406			0.13261769235274137
407			0.1358341227477324
408			0.1392533714963271
409			0.14342744481301828
410			0.1484012695721739
411			0.15389991579078832
412			0.159645360745295
413			0.16547403579512812
414			0.17139934840397797
415			0.17744987990478636
416			0.18362340855153003
417			0.1897918544830759
418			0.19579499771782966
419			0.20149365791288631
420			0.2070075450559556
421			0.21263044830051891
422			0.21865665699107054
423			0.22518337843941438
424			0.23198170308987848
425			0.23879210914565893
426			0.24545904273349378
427			0.25228708822541557
428			0.2597080843325128
429			0.2681383626727048
430			0.2777822575505742
431			0.2886906131488146
432			0.3009105662928823
433			0.3144634701255156
434			0.32932451561780973
435			0.34546409823256635
436			0.3628268295683384
437			0.381232276672798
438			0.4004621522581593
439			0.42031128175848115
440			0.4407774152240266
441			0.4620179581186203
442			0.4841942568930992
443			0.5074215922640977
444			0.5317250624612412
445			0.5571193036940227
446			0.5835381263541413
447			0.6104810039876815
448			0.6373021448496624
449			0.663385156817594
450			0.688640469100436
451			0.713432702581219
452			0.7381403067191509
453			0.7629481446815589
454			0.7876224277796309
455			0.8118747213529437
456			0.8355008888457042
457			0.8588042383465785
458			0.8822770454530392
459			0.9063889652497616
460			0.9311260000828075
461			0.9560137290076709
462			0.9805601469933048
463			1.0044929526874347
464			1.0280699230328816
465			1.0516271777653943
466			1.0755312846658975
467			1.1003563847494116
468			1.126763236683936
469			1.1553876205913414
470			1.1862199727665346
471			1.2185675642716662
472			1.2517051758249493
473			1.2851318658254733
474			1.3189561609188432
475			1.3533891316917814
476			1.388493469152492
477			1.4231733265474118
478			1.4557883375292706
479			1.4847340852505648
480			1.509653509441049
481			1.5316676106074638
482			1.5519829533513048
483			1.5716065749489903
484			1.5909292649409552
485			1.6102232115413961
486			1.6298111327470268
487			1.6504730118826734
488			1.6732318911717599
489			1.6990827196550309
490			1.7277661134451638
491			1.757348597857353
492			1.7857802311442303
493			1.811411642564812
494			1.834011157478284
495			1.8536605870680372
496			1.8704417425174622
497			1.884436435009949
498			1.8957264757288872
499			nan
500			nan
