Nom de l'instrument : SAM_81D7
Fichier_calib_utilise: /Users/mdlemineahmedou/Documents/Stage/pipeline_LOG/data/calibration/ALL_2023/Cal_SAM_81D7.dat
Date : 2023-10-10
Heure : 10:21:55

l_onde		data
280			nan
281			nan
282			nan
283			nan
284			nan
285			nan
286			nan
287			nan
288			nan
289			nan
290			nan
291			nan
292			nan
293			nan
294			nan
295			nan
296			nan
297			nan
298			nan
299			nan
300			nan
301			nan
302			nan
303			nan
304			nan
305			nan
306			nan
307			nan
308			nan
309			nan
310			nan
311			nan
312			nan
313			nan
314			nan
315			nan
316			nan
317			nan
318			nan
319			0.04437347457601316
320			0.04865117034553849
321			0.05176986310391554
322			0.05397464040823178
323			0.055510589815574704
324			0.0566227988830318
325			0.05755635513747971
326			0.05854529973849742
327			0.05978132853163257
328			0.06144599206797218
329			0.06368465134887501
330			0.06625358077309222
331			0.06867227165460765
332			0.07046669866351543
333			0.0716473733726096
334			0.07292066973322286
335			0.07504679491780257
336			0.078471171310395
337			0.08250481622613266
338			0.08620329496366498
339			0.08872913004541
340			0.09032272347157372
341			0.09184859657923074
342			0.09416483549498063
343			0.09750593149730076
344			0.10124863050239331
345			0.10470732075526128
346			0.10745926485989549
347			0.10998979722969238
348			0.11298019085080252
349			0.1170219369606645
350			0.1218387637245927
351			0.12666815472846152
352			0.13075385145452517
353			0.13382381413853
354			0.13625459697436537
355			0.13846812525532357
356			0.1408712656655863
357			0.1438200954993758
358			0.14765999534682608
359			0.1526785462956618
360			0.1586161359376957
361			0.16491154037915567
362			0.17101081217785408
363			0.1767839985139466
364			0.1826629623129421
365			0.18911818765754235
366			0.19629701109732892
367			0.20326392146747185
368			0.2088568503295462
369			0.21208341039811665
370			0.2135559380579716
371			0.21477055768877568
372			0.2172074807975905
373			0.22131588266395574
374			0.22617318231617645
375			0.23076182516488983
376			0.23431296805045262
377			0.2368995529389333
378			0.23877243918292154
379			0.24017997780205036
380			0.2413463766827534
381			0.24248235972960513
382			0.2438016516790797
383			0.24565274076039234
384			0.24856670384325427
385			0.25308758285795513
386			0.25948470779954286
387			0.2670734819526208
388			0.274962387150066
389			0.282341278220625
390			0.2892115183653167
391			0.29604053171735645
392			0.3033086726851633
393			0.3118368600719194
394			0.3229222341507852
395			0.33789738703655564
396			0.35753111700978485
397			0.38055359875147354
398			0.40523438026780895
399			0.42990091795399266
400			0.4534895138890009
401			0.475300735241093
402			0.4946464720757218
403			0.5111687821737804
404			0.5249922966826421
405			0.5362799257812341
406			0.545372010799511
407			0.5532864187322569
408			0.5612027102729386
409			0.5702040988196199
410			0.5802873389179277
411			0.5907638657034724
412			0.6009394469876966
413			0.6104222525332172
414			0.6192880450258147
415			0.627652678404882
416			0.6356225520236138
417			0.6432654347983134
418			0.6506392306723813
419			0.6577875185853608
420			0.6645776100901988
421			0.670758293658897
422			0.6760788057943441
423			0.6804793903112011
424			0.684216355889762
425			0.6875756798808041
426			0.6908950535321718
427			0.6947410419697612
428			0.6997435069360317
429			0.7065281178167959
430			0.7156632166542678
431			0.7276756393941071
432			0.7430848780485408
433			0.7618219610867811
434			0.7827643531650014
435			0.8046800705788921
436			0.8265755431120188
437			0.8486134394742265
438			0.8713064528736413
439			0.8951492875470252
440			0.9203572544871016
441			0.9469258458949751
442			0.9748432455383402
443			1.0039266058936995
444			1.0336582529670129
445			1.0634816697317189
446			1.0928873601256066
447			1.1216185064742719
448			1.1495028001656222
449			1.1763663592723377
450			1.2020061356652636
451			1.2261939359805254
452			1.248702036673866
453			1.2695416268404514
454			1.2892405706921561
455			1.3083941732352657
456			1.3274939483981842
457			1.3464066246904265
458			1.3647662665360034
459			1.382224526213579
460			1.3988121569997511
461			1.4149208052561582
462			1.4309559758127421
463			1.4471744723482953
464			1.4634743277958424
465			1.4797005506531442
466			1.4957781160332053
467			1.5121771548660732
468			1.5295952846244858
469			1.548710128825499
470			1.5696692961018996
471			1.5920593178333173
472			1.6154398136651162
473			1.6394081123776674
474			1.6636640162578413
475			1.6879245689127533
476			1.711848368696936
477			1.7346376773666543
478			1.7552802757805441
479			1.7727807900791077
480			1.7867208100379073
481			1.797365601082498
482			1.8050201729203286
483			1.8102235737301597
484			1.814237688415124
485			1.8184635170250019
486			1.8242268630554508
487			1.8321730446471531
488			1.8425856686744304
489			1.8557272295533336
490			1.8711256716838864
491			1.8873285750073607
492			1.9028153166570654
493			1.91632426700355
494			1.9275104221754833
495			1.9362314657330881
496			1.9423450812365897
497			1.9457089522462108
498			1.946180762322176
499			nan
500			nan
