Nom de l'instrument : SAM_80E0
Fichier_calib_utilise: /Users/mdlemineahmedou/Documents/Stage/pipeline_LOG/data/calibration/ALL_2023/Cal_SAM_80E0.dat
Date : 2023-10-10
Heure : 10:16:02
Comment : LIDAR_20231010

l_onde		data
280			nan
281			nan
282			nan
283			nan
284			nan
285			nan
286			nan
287			nan
288			nan
289			nan
290			nan
291			nan
292			nan
293			nan
294			nan
295			nan
296			nan
297			nan
298			nan
299			nan
300			nan
301			nan
302			nan
303			nan
304			nan
305			nan
306			nan
307			nan
308			nan
309			nan
310			nan
311			nan
312			nan
313			nan
314			nan
315			nan
316			nan
317			65.3687099468841
318			69.81059766358162
319			74.96083430983953
320			80.75048372916535
321			87.11060976506657
322			93.97227626105062
323			101.26654706062503
324			108.92144044268416
325			116.78856419371064
326			124.63940426092434
327			132.24152918380676
328			139.3110505150217
329			145.43427777265
330			150.17737055073204
331			153.23157583614764
332			155.1265543771292
333			156.73652841746855
334			158.90844449787164
335			161.8501504115273
336			165.1373067104293
337			168.31909771035467
338			171.0826784816805
339			173.44370088580547
340			175.4656545424456
341			177.2288534428694
342			178.92008818826136
343			180.7676803149165
344			182.99392329424282
345			185.6929845207374
346			188.8375842525029
347			192.3952515461593
348			196.23726251939073
349			200.01486323661146
350			203.3486928561435
351			205.91502198527215
352			207.72875382602624
353			208.93220901032058
354			209.66994471226874
355			210.12653980847136
356			210.5234679148091
357			211.08407556849104
358			212.13615425653458
359			214.2404069524267
360			217.98903264705692
361			223.8278085951669
362			231.3304080760271
363			239.7489420693084
364			248.33389971902608
365			256.3140343441592
366			262.8983352462419
367			267.2973724311605
368			269.187035063601
369			269.27065185895805
370			268.3889200603525
371			267.3342378259838
372			266.6129554403652
373			266.6265097300176
374			267.74214463941166
375			269.6641082631887
376			271.49406941686703
377			272.3133786625292
378			271.5325019462947
379			269.29157412618815
380			265.8287452943197
381			261.4911234898704
382			257.2772299255418
383			254.42662133086847
384			254.12291021433492
385			256.4297523642659
386			260.38055663369323
387			264.97117814395085
388			269.3755039784888
389			273.16899201830586
390			275.9821171917614
391			277.6668836321909
392			279.4314472572368
393			282.99694377269606
394			290.0351417877833
395			301.1757742650319
396			316.06694793068294
397			334.31705154256485
398			355.1533727691868
399			376.91771426601525
400			397.82641472011574
401			416.24772132591613
402			431.5150008080492
403			443.3394041286783
404			451.4720269576302
405			456.5232529987952
406			459.9415093052151
407			463.2084626552925
408			467.3054862550833
409			472.0024181603379
410			476.88929940082653
411			481.5811019862311
412			485.8592934409358
413			489.5735411415037
414			492.57561154878437
415			494.7624086291498
416			496.076875625471
417			496.46431597452096
418			495.9924412429918
419			495.04136088476326
420			494.04030113611236
421			493.3072319386279
422			492.3695536977685
423			490.4123603436126
424			486.65528524581316
425			481.2652282118484
426			475.4290744029333
427			470.3838345621107
428			467.1375044032982
429			466.0756335221427
430			467.47902527143253
431			471.54604892713576
432			477.84446492358967
433			485.6508089203119
434			494.2449141218017
435			503.0517374278271
436			511.66263158259255
437			519.6782703131767
438			526.900721905198
439			533.7207856866466
440			540.6362680203005
441			548.0913857379148
442			556.0839670728953
443			564.3902235963875
444			572.7843708200759
445			581.0269379383828
446			588.8616108154757
447			596.031062101758
448			602.339499051994
449			607.7863978977533
450			612.4098788409927
451			616.2525621973015
452			619.3983447047369
453			621.9533043374573
454			624.0246312399236
455			625.7564359360658
456			627.3419564776883
457			628.9778269532335
458			630.7807091415016
459			632.5894294748749
460			634.1825180893558
461			635.3488205983074
462			635.9825430178901
463			636.0395367646306
464			635.4797279523306
465			634.4289680033168
466			633.2534432046658
467			632.3381624197749
468			631.9862922319533
469			632.1873575194812
470			632.8557618469607
471			633.9099939795423
472			635.3155382947224
473			637.0679655908929
474			639.1617204393777
475			641.487835958232
476			643.7732807924144
477			645.730459681598
478			647.0628016290933
479			647.4355541334022
480			646.5038139845645
481			643.9637888176599
482			640.0506743431523
483			635.3787848597004
484			630.569955707765
485			626.2145901530222
486			622.8481574495025
487			621.000592122238
488			621.0524412027229
489			622.6751031965565
490			625.3297679878496
491			628.4829747451254
492			631.682688895327
493			634.5400174934258
494			636.6677185829573
495			637.6785502074567
496			637.1852704104599
497			634.8006372355026
498			nan
499			nan
500			nan
