Nom de l'instrument : SAM_877D
Fichier_calib_utilise: /Users/mdlemineahmedou/Documents/Stage/pipeline_LOG/data/calibration/ALL_2023/Cal_SAM_877d.dat
Date : 2023-10-10
Heure : 12:18:13

l_onde		data
280			0.7524777148794902
281			0.8856523680831093
282			1.0218414303347343
283			1.0777203821300831
284			1.0371170379217
285			0.9846519927102406
286			0.9826361124137856
287			1.0246204887290244
288			1.0928519120005578
289			1.1629330615615896
290			1.2163335303212375
291			1.2733349500634539
292			1.3574354769633445
293			1.4107979718881087
294			1.3466556218374859
295			1.2457543869886682
296			1.3055425909260179
297			1.5216782670396054
298			1.6707602886901998
299			1.6801441356094649
300			1.7330840420117848
301			1.944610194512034
302			2.2160994587625416
303			2.478305900521234
304			2.8762154603311694
305			3.558291579707913
306			4.429966113214449
307			5.335710519975637
308			6.309465291230782
309			7.476336545760389
310			8.880622908187618
311			10.503746178587921
312			12.276902681247707
313			14.079950715076565
314			15.883312489167562
315			17.803571946104398
316			19.883227544377156
317			21.963865371719674
318			23.930648772318825
319			25.918336333218686
320			28.07995481349318
321			30.37888368102485
322			32.748811789431706
323			35.39171390363029
324			38.6095612626523
325			42.28606810001448
326			46.011234192037115
327			49.48580545460175
328			52.53284340052247
329			55.10513946791883
330			57.33760243274867
331			59.263517789853296
332			60.66794435943141
333			61.4777389829968
334			62.169535600352184
335			63.21331534198475
336			64.53084069168543
337			65.92467457467238
338			67.51491562510219
339			69.52199383492946
340			71.71191042121825
341			73.57999522556673
342			75.01100290199554
343			76.2469008076555
344			77.4469619679926
345			78.64684128985519
346			79.9599450692362
347			81.65946157473523
348			83.9223172550807
349			86.61783094732274
350			89.56898326438308
351			92.61956113822055
352			95.57008173471394
353			97.92979837509183
354			99.16838732216259
355			99.38732725746341
356			99.04000594194446
357			98.75224906957799
358			99.26535397780407
359			100.94417288730016
360			103.7419959212416
361			107.5530721651462
362			112.21223991621181
363			117.44848594293238
364			122.7707443304285
365			127.75373417579961
366			132.27285478133942
367			136.1770117180922
368			138.91317672332167
369			139.9272121356929
370			139.47428714486517
371			138.1704973983738
372			136.8134004006814
373			136.29041738499572
374			137.15141329166323
375			139.63627538249656
376			143.2933833437034
377			146.86082446644505
378			149.11949089821283
379			149.00321366767594
380			146.21216028633444
381			142.22629489640266
382			138.58567672138653
383			136.15574461185778
384			135.57568431944958
385			137.0742724137506
386			140.6395615183569
387			145.42696266011134
388			150.24527264002126
389			154.19210828227799
390			156.58258950186692
391			157.36549212437018
392			157.05946059988472
393			156.78174770040235
394			158.3472125985587
395			163.21940262300134
396			172.19682343999386
397			185.26938448307726
398			200.66452397218254
399			216.42935437795558
400			230.8628600010618
401			242.59193482390796
402			251.58464155033712
403			258.22671079354393
404			262.96831804932424
405			266.3066970553348
406			268.9438913454508
407			271.68233723663775
408			274.92564785459604
409			278.73522903871907
410			282.9320912678845
411			287.0773801911075
412			290.9350697010624
413			294.60938205225386
414			298.00513933385514
415			300.52754317343135
416			301.8494148218184
417			302.66663549629857
418			303.67548912671464
419			304.71866707249944
420			305.48315444419933
421			306.14292818311094
422			306.9859502866428
423			307.6163422824298
424			307.30310661397726
425			305.7763298728877
426			303.1223433348792
427			299.7509018366143
428			296.39525449696197
429			294.1262841426372
430			294.44814183128216
431			298.1746292175814
432			304.7793317197254
433			313.29283178163263
434			321.9830906493277
435			329.41077764684326
436			335.6216945882847
437			341.0266073513813
438			346.1958119222238
439			351.71465661295645
440			357.91215717427065
441			364.9382326095813
442			372.2400683915158
443			378.8958863181232
444			384.8474037360929
445			390.73124424342336
446			396.89210335129485
447			403.3283716830542
448			409.7456044218713
449			415.4468285325345
450			419.94006982502185
451			423.20474287683703
452			425.40661514595797
453			427.06716199384664
454			428.70027630102163
455			430.56487406852756
456			432.8001845877555
457			435.2318021031128
458			437.6129046752311
459			439.92367879853055
460			442.216184449918
461			444.21608007255367
462			445.4770367472927
463			445.98846629243724
464			446.08940696669754
465			445.9435164186544
466			445.51958918333133
467			445.06436057893933
468			445.23513799829493
469			446.3600580701441
470			448.0734443617304
471			450.0324628917757
472			452.1580477515852
473			454.4157669593768
474			456.7795821719303
475			459.22004268033675
476			461.6818582082172
477			464.09552588136273
478			466.34865333479377
479			468.2740431446872
480			469.3494154649206
481			468.88746226373974
482			466.66142792885825
483			462.81076254491205
484			458.01736523338053
485			453.477847139304
486			450.2328361638363
487			449.08840336245044
488			450.2281987340007
489			452.81393183919215
490			456.03783209871756
491			459.37975102671027
492			462.44490368677737
493			465.097902710712
494			467.19990732658783
495			468.4003823178113
496			468.3834643305434
497			467.3246396382346
498			465.5687824924389
499			463.4609255239311
500			nan
