Nom de l'instrument : SAM_81D7
Fichier_calib_utilise: /Users/mdlemineahmedou/Documents/Stage/pipeline_LOG/data/calibration/ALL_2023/Cal_SAM_81D7.dat
Date : 2023-10-10
Heure : 11:45:44

l_onde		data
280			nan
281			nan
282			nan
283			nan
284			nan
285			nan
286			nan
287			nan
288			nan
289			nan
290			nan
291			nan
292			nan
293			nan
294			nan
295			nan
296			nan
297			nan
298			nan
299			nan
300			nan
301			nan
302			nan
303			nan
304			nan
305			nan
306			nan
307			nan
308			nan
309			nan
310			nan
311			nan
312			nan
313			nan
314			nan
315			nan
316			nan
317			nan
318			nan
319			0.041824983119314776
320			0.042468296517106936
321			0.04245986337002631
322			0.042246084823747185
323			0.042273362023943856
324			0.0429880961162906
325			0.0448366875070819
326			0.047995187621569985
327			0.05160328794949643
328			0.05455238387149353
329			0.05585806702655662
330			0.0558712067950701
331			0.05575527103937226
332			0.056669282997762915
333			0.05898647478805585
334			0.06195157319629488
335			0.06472199240899205
336			0.06672140321285666
337			0.06833299809966367
338			0.07015604031151802
339			0.07272352993523823
340			0.0759006889244766
341			0.07916607889261963
342			0.08200181541035131
343			0.0842571479265148
344			0.08628631303388744
345			0.08848026807542585
346			0.09115784715727937
347			0.09438874225397259
348			0.09818888686721132
349			0.10254598544684504
350			0.10717490159128787
351			0.11163761455837527
352			0.11550218249715251
353			0.11866029834329281
354			0.12143715242541
355			0.12418824861428221
356			0.12718968644539932
357			0.1304497520247496
358			0.1339203275320583
359			0.13758475494039762
360			0.14172420913808098
361			0.14678402966211207
362			0.15319722497508553
363			0.16082565920034117
364			0.16877439940353578
365			0.17609645517048833
366			0.18209364689258598
367			0.18690154482626686
368			0.19083015935816683
369			0.19418883988611366
370			0.19728068464587337
371			0.20040534909855467
372			0.20385761040437636
373			0.20773349232558821
374			0.21186458444759854
375			0.21606415708133486
376			0.2201181387763436
377			0.2237199175500888
378			0.226543322307961
379			0.22831837543502936
380			0.2293159711576126
381			0.23010908156554247
382			0.23127269196602804
383			0.2333269790755617
384			0.23671786043359283
385			0.2418859419604833
386			0.24896249366169945
387			0.25700462838437566
388			0.2648364576809444
389			0.2714138826409498
390			0.2770071017028409
391			0.2826411331794433
392			0.28934757312059267
393			0.29804676474872954
394			0.3095034831006113
395			0.324470903152843
396			0.3433395909749771
397			0.36518895414133234
398			0.3888021441748674
399			0.41297021370594766
400			0.43656728718274473
401			0.45851718992827634
402			0.4777566084422099
403			0.4938497793856249
404			0.507278167179514
405			0.5185959922649416
406			0.5284181807154326
407			0.5375914647093202
408			0.5470178977041302
409			0.5575186813712331
410			0.569003293410547
411			0.580806111845814
412			0.5922586930007022
413			0.6030616572499617
414			0.6134862950245715
415			0.6238528258064431
416			0.6343880671303679
417			0.6449372060770749
418			0.6552479735660066
419			0.6650813839047421
420			0.6743619022920003
421			0.683123899131174
422			0.691403036780962
423			0.6991808875231249
424			0.7063495193542682
425			0.7127925985995947
426			0.7186006928356344
427			0.7247800672453664
428			0.7325902293685512
429			0.7432414710985554
430			0.7572713290369505
431			0.7747302520476675
432			0.7956542414872558
433			0.8197514953378778
434			0.8461433242933577
435			0.8738900708833687
436			0.9022198367862787
437			0.9311743087661417
438			0.9610414675881491
439			0.9921046059887542
440			1.0245736815093751
441			1.0586009536106773
442			1.0943352148434387
443			1.1316874810830218
444			1.1701032748763378
445			1.2089741171483055
446			1.2477172362610858
447			1.2858880056337638
448			1.3230880017237037
449			1.3589318000006765
450			1.393265508503964
451			1.426134847853191
452			1.4575925452050142
453			1.4877778503297394
454			1.5170171277589992
455			1.5456611658213988
456			1.5739969192594168
457			1.6019270873028228
458			1.629211276121335
459			1.655621606646911
460			1.6811991521970757
461			1.7062410209103787
462			1.7310542964781974
463			1.755885277983556
464			1.7808336096981219
465			1.8059772610813254
466			1.8314452549001965
467			1.8577146592595881
468			1.8854077771277211
469			1.9151320083604015
470			1.9471017592943478
471			1.9811154107342732
472			2.0169511536678515
473			2.0542637079439876
474			2.0923722640885294
475			2.1305395593184877
476			2.1679859019155407
477			2.2036003178901384
478			2.236116128627745
479			2.2642908313645904
480			2.2876818206902287
481			2.3067943331546603
482			2.322188652346722
483			2.3346436434925875
484			2.345613269522896
485			2.3566814207958706
486			2.3693783674657785
487			2.3847491478308793
488			2.4035808757126897
489			2.4266239770619977
490			2.4532107399862184
491			2.4807807401716646
492			2.5066418833063975
493			2.528664660873943
494			2.5467106612558443
495			2.561081751008964
496			2.5720797966901663
497			2.5800066648563145
498			2.585164222064271
499			nan
500			nan
