Nom de l'instrument : SAM_81D7
Fichier_calib_utilise: /Users/mdlemineahmedou/Documents/Stage/pipeline_LOG/data/calibration/ALL_2023/Cal_SAM_81D7.dat
Date : 2023-10-10
Heure : 12:20:34

l_onde		data
280			nan
281			nan
282			nan
283			nan
284			nan
285			nan
286			nan
287			nan
288			nan
289			nan
290			nan
291			nan
292			nan
293			nan
294			nan
295			nan
296			nan
297			nan
298			nan
299			nan
300			nan
301			nan
302			nan
303			nan
304			nan
305			nan
306			nan
307			nan
308			nan
309			nan
310			nan
311			nan
312			nan
313			nan
314			nan
315			nan
316			nan
317			nan
318			nan
319			0.006589674249276101
320			0.007806413922812581
321			0.007954260784468058
322			0.0074119032461201885
323			0.0065580297196466434
324			0.00577132861692508
325			0.005430487925459097
326			0.0057590262627435366
327			0.006385633600440982
328			0.006796487995881725
329			0.006534353341418032
330			0.005750367783011974
331			0.004965902549691037
332			0.004699903738911262
333			0.005093590437560433
334			0.005745713213518273
335			0.006213051855408429
336			0.006182430293209655
337			0.005809318778360623
338			0.005354720101879509
339			0.005063293784812612
340			0.00501499728618592
341			0.005194421427245123
342			0.005583668868394003
343			0.006106130172389629
344			0.006604438292112153
345			0.006915360612807741
346			0.006954050655855431
347			0.006906438600899912
348			0.007016881275573603
349			0.007491370217841033
350			0.008165086838856113
351			0.008665431854839823
352			0.00862625730966423
353			0.008045791235841131
354			0.007410330463341325
355			0.0072402831278138135
356			0.007850312496303349
357			0.008861149462222245
358			0.009747376495781493
359			0.010042374184315667
360			0.009836170593435903
361			0.009525616282303402
362			0.009504100396805704
363			0.009893932776527855
364			0.01045822855788057
365			0.010935389091379618
366			0.011147554136482057
367			0.01119746576408772
368			0.011246574664784037
369			0.011442696424924388
370			0.01180469551210303
371			0.012280417655423719
372			0.012816186447232421
373			0.013326218243451876
374			0.013682011888148484
375			0.013752119957489256
376			0.01348894416890112
377			0.01312868083660914
378			0.012967508319458742
379			0.013264160351919421
380			0.013916959762302193
381			0.014622939261340935
382			0.015082466008556337
383			0.015232613229721432
384			0.015331162956496974
385			0.01565870428492561
386			0.01638879852224774
387			0.017323357063920235
388			0.018183674693622354
389			0.018723148530754682
390			0.019015322617280374
391			0.01931760597828225
392			0.01988664471139878
393			0.02084284286537664
394			0.02211609312079273
395			0.0236220981013352
396			0.025281979118394436
397			0.027036450930393065
398			0.028830655431962986
399			0.030614657519001772
400			0.0323902822576143
401			0.0341903222045592
402			0.036046975917785704
403			0.03794038518607924
404			0.03977460558758516
405			0.041447657643063844
406			0.04291643812363154
407			0.04436266436000597
408			0.046021707839062995
409			0.04810060509794563
410			0.05048687403197216
411			0.052866485716152274
412			0.05492655627790858
413			0.05661074899990098
414			0.058259416517424056
415			0.060246923472057956
416			0.06283853283044952
417			0.0658537296817192
418			0.06899816176194742
419			0.0719965012283751
420			0.07480751391203035
421			0.07754737141243233
422			0.080334377118622
423			0.08322964745864603
424			0.08619967007919867
425			0.08920204992460068
426			0.09222418243303195
427			0.09538530895344753
428			0.09884113371178463
429			0.10274731242110635
430			0.10725882050197844
431			0.11253014083014747
432			0.11871378255281326
433			0.1257822769849251
434			0.13338592964943727
435			0.14114157198429597
436			0.14877337890141126
437			0.15652611122495008
438			0.1648021250810605
439			0.17398110554081497
440			0.18409158282917382
441			0.1948858083576686
442			0.2061096434385303
443			0.21764218070919752
444			0.229623338613161
445			0.24222329385052513
446			0.2555455232704667
447			0.2693350761349727
448			0.2832171244994218
449			0.2968328348604157
450			0.31011050146453306
451			0.3232259617492768
452			0.33636291858750816
453			0.3496602624041735
454			0.3631599717286733
455			0.3768913753323452
456			0.39085898713002487
457			0.40491794441544926
458			0.4188677580642397
459			0.43251889243290825
460			0.4459147327459805
461			0.45932039809596287
462			0.473009448754997
463			0.48714120998501276
464			0.5015993926395164
465			0.5162269732074376
466			0.5309298783105065
467			0.5460431840470827
468			0.5620810450976177
469			0.5795395974609866
470			0.5984395302339549
471			0.6182982212860448
472			0.6386090940122637
473			0.6590194023762428
474			0.6795944305555566
475			0.7004697969345073
476			0.7217124907774131
477			0.7428536497991224
478			0.7631725583199439
479			0.7819609248452492
480			0.7989533252873193
481			0.814409113280774
482			0.8286180819406851
483			0.8419174248236145
484			0.8547907335533664
485			0.8677497751188136
486			0.8812882321034797
487			0.8957361336743699
488			0.911336519199075
489			0.9283204887629919
490			0.9464588072378757
491			0.9649078548072759
492			0.9827812689747961
493			0.999344160462767
494			1.0143977321920246
495			1.0278617296290726
496			1.0396558982404156
497			1.049699983492557
498			1.057913730852001
499			nan
500			nan
