Nom de l'instrument : SAM_80E0
Fichier_calib_utilise: /Users/mdlemineahmedou/Documents/Stage/pipeline_LOG/data/calibration/ALL_2023/Cal_SAM_80E0.dat
Date : 2023-10-10
Heure : 12:02:13
Comment : LIDAR_20231010

l_onde		data
280			nan
281			nan
282			nan
283			nan
284			nan
285			nan
286			nan
287			nan
288			nan
289			nan
290			nan
291			nan
292			nan
293			nan
294			nan
295			nan
296			nan
297			nan
298			nan
299			nan
300			nan
301			nan
302			nan
303			nan
304			nan
305			nan
306			nan
307			nan
308			nan
309			nan
310			nan
311			nan
312			nan
313			nan
314			nan
315			nan
316			nan
317			81.2253737319154
318			86.19664296818476
319			92.25041094376247
320			99.23314870726205
321			106.99132730729704
322			115.37141779248098
323			124.21989121142744
324			133.38143921862041
325			142.6561100611945
326			151.7971401965041
327			160.55539841741373
328			168.62023333547322
329			175.52580677038162
330			180.78218999442885
331			184.04201469928785
332			185.91344146504767
333			187.39732297445542
334			189.46433423366392
335			192.3772605704914
336			195.69865307734932
337			198.96164458363623
338			201.8254247234739
339			204.24931380692468
340			206.23633905118575
341			207.82200067208356
342			209.2473111565612
343			210.8334425383663
344			212.89268376147132
345			215.54761116672785
346			218.7409778073131
347			222.40802242195122
348			226.3823193744923
349			230.26504266712996
350			233.62503864527037
351			236.0972051997864
352			237.7185006863607
353			238.67716692210303
354			239.16197313352959
355			239.36674565014118
356			239.4899727844262
357			239.73100303607214
358			240.43426388798613
359			242.26770791164367
360			245.94303713877298
361			251.99832599608112
362			259.9375037855545
363			268.88318967440443
364			277.95837306818913
365			286.3049799947849
366			293.082155231907
367			297.4521335297737
368			299.07545091730924
369			298.7129085473409
370			297.27241286962067
371			295.6110026636812
372			294.28445657277734
373			293.738060397672
374			294.3800665143008
375			295.900560908445
376			297.33690725128827
377			297.70441317346047
378			296.36520049225595
379			293.45029926351026
380			289.1940257318513
381			283.95433711226605
382			278.8283873377771
383			275.1868474734145
384			274.3384551043262
385			276.351876651375
386			280.1550384572113
387			284.6343404315172
388			288.885546025995
389			292.476661336572
390			295.04039187477537
391			296.4385222539705
392			297.9352076360909
393			301.3250657428237
394			308.35108277514814
395			319.6666468347083
396			334.89871464843725
397			353.63270364981355
398			375.05336662083573
399			397.4145155666717
400			418.8380579176101
401			437.60695015982213
402			453.027340909083
403			464.8058948275564
404			472.6912654889662
405			477.3351954099072
406			480.2701884492283
407			483.0636425600169
408			486.7444738603445
409			491.03758477116037
410			495.4743564734217
411			499.62149118956876
412			503.28157416798547
413			506.3538130046896
414			508.73814922555476
415			510.34507229742877
416			511.09583035814444
417			510.91245953200774
418			509.84663191698843
419			508.28086368409885
420			506.6496879897717
421			505.2756290228186
422			503.68529306176725
423			501.0606641323138
424			496.6185996005378
425			490.5322756170883
426			484.00460095568076
427			478.2890894549282
428			474.40835331911313
429			472.75743097912834
430			473.62575173288354
431			477.2162915366736
432			483.07067070706654
433			490.4250854458064
434			498.5201329101719
435			506.77672535342793
436			514.8225206096052
437			522.2967017235233
438			529.0245638735851
439			535.3754585979929
440			541.8176244540281
441			548.7686569641617
442			556.2243066954431
443			563.9708926314147
444			571.7926228797079
445			579.4530164918942
446			586.6901311337533
447			593.2404821035333
448			598.9049341715221
449			603.6885535600823
450			607.6368182097925
451			610.8008672427048
452			613.2837658736945
453			615.2164835025403
454			616.730428593939
455			617.9640395482858
456			619.0651090404152
457			620.1820719623704
458			621.3996221663989
459			622.5810079325003
460			623.5414190483745
461			624.104283841776
462			624.1771775847284
463			623.7169091506015
464			622.6840675025536
465			621.1982163130871
466			619.6091865093414
467			618.2848431259926
468			617.51735133362
469			617.3087739935756
470			617.5916906484407
471			618.2997896115944
472			619.3795143505293
473			620.7854741362262
474			622.4712395194781
475			624.3154418900417
476			626.0778200626149
477			627.507558829019
478			628.3385088873281
479			628.2392918835935
480			626.861188054887
481			623.8968063622848
482			619.5806011265668
483			614.5281550406821
484			609.3625324320773
485			604.6684639997989
486			600.9636845476681
487			598.7591788877806
488			598.4181458774302
489			599.6022384177319
490			601.7651543722101
491			604.3677591799869
492			606.9798476757813
493			609.2556835070941
494			610.851738960137
495			611.4244863211223
496			610.6303978762622
497			608.1259459117688
498			nan
499			nan
500			nan
