Nom de l'instrument : SAM_81D7
Fichier_calib_utilise: /Users/mdlemineahmedou/Documents/Stage/pipeline_LOG/data/calibration/ALL_2023/Cal_SAM_81D7.dat
Date : 2023-10-10
Heure : 10:16:30

l_onde		data
280			nan
281			nan
282			nan
283			nan
284			nan
285			nan
286			nan
287			nan
288			nan
289			nan
290			nan
291			nan
292			nan
293			nan
294			nan
295			nan
296			nan
297			nan
298			nan
299			nan
300			nan
301			nan
302			nan
303			nan
304			nan
305			nan
306			nan
307			nan
308			nan
309			nan
310			nan
311			nan
312			nan
313			nan
314			nan
315			nan
316			nan
317			nan
318			nan
319			0.0381615229992329
320			0.04093012062473701
321			0.04297197409762964
322			0.04458734232564462
323			0.04607648421651583
324			0.04773965867797714
325			0.0498771242301231
326			0.052647401834876394
327			0.055665673522086845
328			0.0584169455611
329			0.06044412340840833
330			0.06191260708564471
331			0.06336662277395816
332			0.06534742188661026
333			0.06798546013141557
334			0.07082123345235439
335			0.07334959407195993
336			0.07524499595008571
337			0.07682913245811022
338			0.07856944615114902
339			0.08088654401293781
340			0.08372903965040109
341			0.08677225063003187
342			0.08969228033117325
343			0.09234815192961737
344			0.09485049203813972
345			0.09732822704684894
346			0.09991483044348498
347			0.10275948318603888
348			0.10601475550113738
349			0.10979578240267776
350			0.1138558782041386
351			0.1177456136822438
352			0.1210219768243944
353			0.12360259566350465
354			0.12588816286577129
355			0.12831314564770724
356			0.13119095605203301
357			0.13442671353725985
358			0.13783954745730895
359			0.14128702704910007
360			0.14499063565060136
361			0.1493724450085657
362			0.1548452895202867
363			0.16136118587172524
364			0.1682615424242993
365			0.17484575546013528
366			0.180554410620135
367			0.18530121049266016
368			0.18909884488678835
369			0.1919875560298334
370			0.1942681573259097
371			0.196384969551859
372			0.19877682027014065
373			0.2015957093890186
374			0.2046120230410555
375			0.20756971979863093
376			0.21023803192964835
377			0.21247173268815686
378			0.21414367503552087
379			0.2151540756697234
380			0.21566653192815682
381			0.21599173969314717
382			0.2164441448595021
383			0.21743007712097207
384			0.2194803578833529
385			0.22313463679203635
386			0.22861975558376577
387			0.23507634247115894
388			0.24140940915999312
389			0.2466468615698166
390			0.2510421925893332
391			0.2555527673343849
392			0.26114015836911636
393			0.268573304172216
394			0.2783517771678031
395			0.29095507731807035
396			0.3066108362234884
397			0.32463595401674283
398			0.3441415512016823
399			0.364228074909017
400			0.38388375299903377
401			0.4020296738849482
402			0.41759821634237654
403			0.4301494992771752
404			0.44016114701368647
405			0.44818356183225605
406			0.45480291876105994
407			0.4607419920365633
408			0.46675615573959495
409			0.4735350106651921
410			0.48102646612340294
411			0.4887105852929961
412			0.4960646789759291
413			0.5028390561036881
414			0.5092061524918902
415			0.5153745969674879
416			0.5214878208155522
417			0.5274228650768472
418			0.5329887432792962
419			0.5380072059764145
420			0.5424567315623282
421			0.5464211830227093
422			0.5499851833856193
423			0.5531469920471149
424			0.5557619602104122
425			0.557672024439696
426			0.5588962784803938
427			0.560237873234612
428			0.5627167959058845
429			0.5673115959530679
430			0.5744343861772347
431			0.584087168372498
432			0.5962599897830289
433			0.6106861322042038
434			0.6266391738720177
435			0.6433449372052484
436			0.660176796761562
437			0.6772237138221758
438			0.6947912769398803
439			0.7131764663540185
440			0.732542397545166
441			0.7529468649450157
442			0.7744436440234812
443			0.7969401328805412
444			0.8200571679127506
445			0.8433823416529189
446			0.866516345958108
447			0.8891302650343959
448			0.9109187260250339
449			0.931586414854623
450			0.9510173348313326
451			0.9692500852482924
452			0.9863287529954505
453			1.0023757344146107
454			1.0176827787343654
455			1.0325637405505907
456			1.047274473935084
457			1.061721690408359
458			1.0756820841602608
459			1.0889443495620084
460			1.101554818571678
461			1.1138050866102482
462			1.12599615066128
463			1.1383227623903545
464			1.1507233357570468
465			1.16309839935191
466			1.1754122339882085
467			1.1880637380374772
468			1.2016331702138046
469			1.2166833035654683
470			1.2333148838884669
471			1.2511395518813995
472			1.2697455334789665
473			1.2887827904230535
474			1.3080690497632934
475			1.3274502653124642
476			1.3467122052955447
477			1.365170712919016
478			1.381920763853929
479			1.3960735025129276
480			1.407296640346858
481			1.4159173954175275
482			1.4223012646262585
483			1.4269212286739863
484			1.4305822360667648
485			1.434153124911627
486			1.4384831355684826
487			1.4442441601123126
488			1.4520138213259515
489			1.4623480997010467
490			1.4749442852000856
491			1.488353619650656
492			1.5010476147412928
493			1.511785493996473
494			1.5203447472187843
495			1.5267280267427643
496			1.5309379849029516
497			1.5329772740338845
498			1.5328485464701007
499			nan
500			nan
