Nom de l'instrument : SAM_80E0
Fichier_calib_utilise: /Users/mdlemineahmedou/Documents/Stage/pipeline_LOG/data/calibration/ALL_2023/Cal_SAM_80E0.dat
Date : 2023-10-10
Heure : 10:14:21
Comment : LIDAR_20231010

l_onde		data
280			nan
281			nan
282			nan
283			nan
284			nan
285			nan
286			nan
287			nan
288			nan
289			nan
290			nan
291			nan
292			nan
293			nan
294			nan
295			nan
296			nan
297			nan
298			nan
299			nan
300			nan
301			nan
302			nan
303			nan
304			nan
305			nan
306			nan
307			nan
308			nan
309			nan
310			nan
311			nan
312			nan
313			nan
314			nan
315			nan
316			nan
317			62.29507931176871
318			65.98781927423204
319			70.67925279621029
320			76.22231161364664
321			82.46992746248415
322			89.27503207866594
323			96.49055719813518
324			103.96858623809572
325			111.53991905725945
326			119.01303818855469
327			126.19525518705818
328			132.84772399956586
329			138.61516440451572
330			143.12422142785286
331			146.10957268308863
332			148.02999759794466
333			149.6418585067483
334			151.67880402510278
335			154.34153839557226
336			157.30358499201915
337			160.2163069886764
338			162.82241187713316
339			165.08209030485907
340			166.98720417741043
341			168.5577404192562
342			169.99168111256185
343			171.55643490510315
344			173.51204523852394
345			175.96111857558566
346			178.857031255808
347			182.1469334378368
348			185.69591621063233
349			189.1814871807821
350			192.2550604738057
351			194.6185291976026
352			196.2810556235033
353			197.36741832113734
354			198.0048724389504
355			198.36591067497898
356			198.66472879070017
357			199.11752319970356
358			200.03393623499215
359			201.9319939574086
360			205.3579016198909
361			210.72236175674175
362			217.6290077968288
363			225.38389053578004
364			233.2914842865186
365			240.63467475021915
366			246.67671746916
367			250.6823001253858
368			252.3503892344137
369			252.33885283366706
370			251.43376396319724
371			250.3743075994754
372			249.62197751819366
373			249.53641900460622
374			250.44643877236103
375			252.0831011117247
376			253.63419813610997
377			254.2691778009753
378			253.44892267619883
379			251.2804436754229
380			247.95754507819873
381			243.78105604979876
382			239.69166197826308
383			236.8668074723891
384			236.43094298054697
385			238.44734907781722
386			242.00313735872757
387			246.14987496984588
388			250.11630309599678
389			253.53079857732106
390			256.076490177929
391			257.6336147801676
392			259.2890606705522
393			262.58614570996355
394			269.0246798751788
395			279.18594490368275
396			292.78594367101755
397			309.5055267668541
398			328.65318213131616
399			348.67221637906914
400			367.8833489766284
401			384.75488419038516
402			398.6927760286368
403			409.470010024513
404			416.89462728269416
405			421.5269664707845
406			424.66106432292554
407			427.6200323023787
408			431.28063434845365
409			435.43873761423447
410			439.7297995218069
411			443.81394681023903
412			447.51605428076226
413			450.7284807957032
414			453.34441482249883
415			455.27196928853016
416			456.43447974657613
417			456.75623141418043
418			456.27431494917784
419			455.31371186463855
420			454.24466733600275
421			453.3426048766746
422			452.20916034983196
423			450.1542282029225
424			446.51774330661476
425			441.4628861662419
426			436.0392811178867
427			431.3401179060928
428			428.2611751475644
429			427.1616824355788
430			428.3105780230653
431			431.89996844921814
432			437.53420868412684
433			444.5462210647453
434			452.27209966361244
435			460.1861312780443
436			467.9210516415678
437			475.118463452106
438			481.60161151626806
439			487.72472990253925
440			493.93856463873465
441			500.64482801680913
442			507.83679246733243
443			515.3049540077923
444			522.8381422582427
445			530.2181885704938
446			537.2183117425905
447			543.6112208531949
448			549.2234487681699
449			554.0523284416124
450			558.1289943749016
451			561.4894113159676
452			564.213848515608
453			566.4063836987958
454			568.1718852427796
455			569.6383003334106
456			570.9642856137352
457			572.3106192825475
458			573.7738529951151
459			575.2274061244275
460			576.4962734985123
461			577.4121660987772
462			577.8753924712973
463			577.8263969648377
464			577.2093394315183
465			576.12987576573
466			574.9275811465233
467			573.9603508841183
468			573.5103847054747
469			573.5697964336473
470			574.0612205022096
471			574.9106537047693
472			576.0827729846164
473			577.5670181768411
474			579.3518166101692
475			581.3350113957275
476			583.2707318541355
477			584.9003499186659
478			585.958164139226
479			586.1483838997693
480			585.1672192570096
481			582.7474974642334
482			579.102119286518
483			574.7816641878422
484			570.3434200252111
485			566.3174807005983
486			563.1864130897577
487			561.4279956103945
488			561.3854455716917
489			562.7632132114297
490			565.0764028960674
491			567.8445650650417
492			570.6549625025767
493			573.1473652279145
494			574.9629161872747
495			575.7427583268775
496			575.1280345929429
497			572.759887931691
498			nan
499			nan
500			nan
