Nom de l'instrument : SAM_80E0
Fichier_calib_utilise: /Users/mdlemineahmedou/Documents/Stage/pipeline_LOG/data/calibration/ALL_2023/Cal_SAM_80E0.dat
Date : 2023-10-10
Heure : 10:14:49
Comment : LIDAR_20231010

l_onde		data
280			nan
281			nan
282			nan
283			nan
284			nan
285			nan
286			nan
287			nan
288			nan
289			nan
290			nan
291			nan
292			nan
293			nan
294			nan
295			nan
296			nan
297			nan
298			nan
299			nan
300			nan
301			nan
302			nan
303			nan
304			nan
305			nan
306			nan
307			nan
308			nan
309			nan
310			nan
311			nan
312			nan
313			nan
314			nan
315			nan
316			nan
317			63.318202179457586
318			67.50648110540567
319			72.49838657480251
320			78.18433890564225
321			84.45475841591897
322			91.20006542362681
323			98.31068024675987
324			105.67659840181504
325			113.17715751563556
326			120.68051965926391
327			128.0540700799242
328			135.06614161408137
329			141.23520395537042
330			146.0409390899393
331			149.09693040700333
332			150.91425205362046
333			152.37281844644767
334			154.32677456731435
335			157.02346030965094
336			160.10997274640286
337			163.20811909361885
338			166.02673374745368
339			168.4818555183554
340			170.51969762018845
341			172.1260413419043
342			173.53708294236992
343			175.0866924124999
344			177.0987824203014
345			179.68423849795488
346			182.75202369437835
347			186.20287036907322
348			189.87249926388037
349			193.44801737590566
350			196.59585904021836
351			199.03139642610523
352			200.76788978757952
353			201.93068585449473
354			202.64739954437664
355			203.08685284634535
356			203.45585524301782
357			203.96312056557645
358			204.91981528011019
359			206.8655744912842
360			210.3709285263464
361			215.86737879873016
362			222.9583552098602
363			230.94196101763734
364			239.1139407937106
365			246.73343913841018
366			253.026320918243
367			257.2194839311245
368			258.9938610336811
369			259.0329089801832
370			258.1541218332125
371			257.1249399458376
372			256.4163641588745
373			256.39067052551815
374			257.37882598371465
375			259.1050919411895
376			260.7423112996034
377			261.44470365914333
378			260.6614538954234
379			258.49570291896083
380			255.13843648715766
381			250.8924778746253
382			246.72927925329302
383			243.86769846385116
384			243.4717601899363
385			245.60741659068339
386			249.33050413706454
387			253.6600680224497
388			257.79609146352834
389			261.3466834172638
390			263.9758679453007
391			265.5561083934494
392			267.23588635157824
393			270.64635177757503
394			277.3714050703543
395			287.9979303022295
396			302.17359474681854
397			319.5081213079678
398			339.2613992177202
399			359.88048226334655
400			379.69725394797297
401			397.1833212119689
402			411.69799518326164
403			422.94806793815104
404			430.67895196397177
405			435.4677692253505
406			438.70278832021927
407			441.8044303205899
408			445.70239476351367
409			450.13802614516607
410			454.676311963657
411			458.91945299917893
412			462.71816992869003
413			466.0249820887299
414			468.7909545747319
415			470.92516190610706
416			472.29384912559266
417			472.7616636452512
418			472.3349048355501
419			471.381382144359
420			470.3257434699164
421			469.4872887395758
422			468.4367319538631
423			466.4206590025935
424			462.71796190967814
425			457.49396772994095
426			451.8684876131413
427			447.00823591984704
428			443.86341984378373
429			442.7957959163198
430			444.0680952364523
431			447.8645790824568
432			453.7692258804561
433			461.0887942859238
434			469.1336098231505
435			477.36490563247463
436			485.41694242328657
437			492.93364762768704
438			499.738908787267
439			506.18268576460474
440			512.7105566844416
441			519.7203080431816
442			527.2116329488528
443			534.9865847661606
444			542.8452483882637
445			550.5689979402222
446			557.9161807795314
447			564.6437485828671
448			570.5647271279463
449			575.6700832461282
450			579.9859985218797
451			583.5446449201717
452			586.4331400132797
453			588.7681281932812
454			590.6669038767558
455			592.2618131742335
456			593.7052304983557
457			595.1509122684937
458			596.6926649327112
459			598.2160200859324
460			599.5613091625003
461			600.5734363312836
462			601.1440108369122
463			601.1919686332717
464			600.6401019154157
465			599.5879059877417
466			598.3908221478329
467			597.4243369295565
468			596.9859587386803
469			597.0743627492296
470			597.6166496456789
471			598.542489292031
472			599.8111070572701
473			601.4006496376761
474			603.2882909592485
475			605.369257932077
476			607.4087667801808
477			609.160492756629
478			610.3621100512893
479			610.6832266088919
480			609.7753546858495
481			607.3301845585172
482			603.5661655462686
483			599.0722637829091
484			594.4448020141252
485			590.24991197376
486			587.0009603966027
487			585.2059978214911
488			585.2277565453747
489			586.739137242893
490			589.2085579604478
491			592.1109493333877
492			595.0202540305729
493			597.5871931595599
494			599.4644953834312
495			600.3048893652694
496			599.7611037681572
497			597.4858672551773
498			nan
499			nan
500			nan
