Nom de l'instrument : SAM_80E0
Fichier_calib_utilise: /Users/mdlemineahmedou/Documents/Stage/pipeline_LOG/data/calibration/ALL_2023/Cal_SAM_80E0.dat
Date : 2023-10-10
Heure : 10:35:45
Comment : LIDAR_20231010

l_onde		data
280			nan
281			nan
282			nan
283			nan
284			nan
285			nan
286			nan
287			nan
288			nan
289			nan
290			nan
291			nan
292			nan
293			nan
294			nan
295			nan
296			nan
297			nan
298			nan
299			nan
300			nan
301			nan
302			nan
303			nan
304			nan
305			nan
306			nan
307			nan
308			nan
309			nan
310			nan
311			nan
312			nan
313			nan
314			nan
315			nan
316			nan
317			69.91995145469569
318			74.4712375240252
319			79.84336954824349
320			85.93747331128152
321			92.65467459707017
322			99.89609918954035
323			107.562872872623
324			115.55398149820165
325			123.71472193689124
326			131.8340943415181
327			139.69828129689964
328			147.03137389144237
329			153.40083525954978
330			158.3498142682416
331			161.5498464154523
332			163.53299451277306
333			165.18497083680992
334			167.36461101568204
335			170.30002350169963
336			173.5954105436782
337			176.8287601751265
338			179.68960784820368
339			182.13307406010043
340			184.1529554641958
341			185.7755268332417
342			187.2326076188211
343			188.83618945986933
344			190.88972218367385
345			193.51408424032758
346			196.65709976122076
347			200.2593671587877
348			204.16500937633668
349			207.99761060952042
350			211.35007738683285
351			213.87715857622658
352			215.61004177350014
353			216.7215573340574
354			217.38539080183816
355			217.78717333150306
356			218.12354835769335
357			218.59216150340959
358			219.51556562191664
359			221.49485579111658
360			225.16879363291704
361			231.02055277003933
362			238.6066075782502
363			247.14173975759277
364			255.8394658417125
365			263.89913860181775
366			270.50723193990297
367			274.8521514086062
368			276.60791558656854
369			276.52079210949256
370			275.4804081656914
371			274.3177382009266
372			273.516389990967
373			273.43256802740206
374			274.3906674249941
375			276.0991848096788
376			277.70684306596485
377			278.3434492839631
378			277.4361215171882
379			275.07113438760024
380			271.4233059432271
381			266.793185449014
382			262.23301558213103
383			259.0731801711417
384			258.58359777489153
385			260.82315641340693
386			264.736718467415
387			269.2286989850794
388			273.43173623990623
389			276.9932512530064
390			279.63119265103006
391			281.26853379599464
392			283.08336319703983
393			286.7285308979142
394			293.8100276531838
395			304.94521520033555
396			319.8201395543909
397			338.0829932878806
398			358.97646806871387
399			380.801077796534
400			401.7238396319046
401			420.0728385738292
402			435.1994710820445
403			446.8556963733865
404			454.8323841242512
405			459.755777443581
406			463.06683944275215
407			466.2387920235722
408			470.2407628961137
409			474.82114085612216
410			479.54715179520457
411			484.0162761511642
412			488.0280420253453
413			491.46474023381853
414			494.20997895130364
415			496.17282007838253
416			497.2882877638686
417			497.49286160348987
418			496.84524576941084
419			495.7160738739912
420			494.5250226603726
421			493.58231033020775
422			492.4203600973437
423			490.2348199159236
424			486.2556169488765
425			480.65249546225544
426			474.6071638771818
427			469.3510659865618
428			465.8909943470403
429			464.6231558671947
430			465.8410071119163
431			469.7512420322693
432			475.89683305160764
433			483.51423587533003
434			491.84461857330035
435			500.3189280717709
436			508.5857078308096
437			516.3056153222493
438			523.3167731045265
439			529.9760824269129
440			536.7347371195392
441			543.995319877079
442			551.7554936980091
443			559.8118928092682
444			567.9588236108632
445			575.9603164179158
446			583.5431416978656
447			590.4318041728442
448			596.4218294036682
449			601.5341147829226
450			605.8341590655571
451			609.3898855942681
452			612.2914567742226
453			614.6409858984248
454			616.541270043762
455			618.1184702904882
456			619.5298366660251
457			620.9347673300466
458			622.4315905505591
459			623.9064689774552
460			625.1995207196562
461			626.1545045683968
462			626.6523645795082
463			626.5958015643273
464			625.891793789334
465			624.6487505123713
466			623.2668441375827
467			622.1690974307364
468			621.6858572116735
469			621.7923110638949
470			622.3785812623959
471			623.3402612968471
472			624.6358847943513
473			626.2642794301465
474			628.2231886951317
475			630.3989799173396
476			632.5013197702955
477			634.2241893159627
478			635.2645748255978
479			635.332246303009
480			634.1403723593364
481			631.4384786533845
482			627.4527524404748
483			622.7446597692295
484			617.8826214212285
485			613.4330352383244
486			609.9587635593751
487			608.0223125131174
488			608.0246547908343
489			609.599957266672
490			612.1550871901069
491			615.1062356691652
492			618.0111909324897
493			620.5375420628127
494			622.355749148257
495			623.1362722769461
496			622.5495715370026
497			620.2661070165502
498			nan
499			nan
500			nan
