Nom de l'instrument : SAM_877E
Fichier_calib_utilise: /Users/mdlemineahmedou/Documents/Stage/pipeline_LOG/data/calibration/ALL_2023/Cal_SAM_877E.dat
Date : 2023-10-10
Heure : 12:21:52

l_onde		data
280			2.8682537002595825
281			3.0049235221490003
282			3.157784790975904
283			3.318832869741068
284			3.473650309812856
285			3.6026176909937604
286			3.705175518356573
287			3.806308199488106
288			3.922055369470179
289			4.046767362561497
290			4.171893954662349
291			4.287993604472362
292			4.391394611006556
293			4.508243527108944
294			4.667352491492757
295			4.8433086646597765
296			4.990172923870054
297			5.144352048756145
298			5.402027573502171
299			5.8304247991812375
300			6.463615439166006
301			7.358945343820316
302			8.615063613105697
303			10.319301161938245
304			12.520625394606899
305			15.256956870293521
306			18.546107185315993
307			22.409937564403275
308			26.926895641623343
309			32.18594756238849
310			38.15872581076554
311			44.73993715731218
312			51.680972376661856
313			58.61420263144359
314			65.41555197373862
315			72.28349208677899
316			79.32306629947115
317			86.41420576917871
318			93.38506110845154
319			99.9868475534286
320			106.12707085330878
321			112.51040017625843
322			119.99056681944703
323			128.80195967414966
324			138.88734009690432
325			150.02334230521635
326			161.84384842345222
327			173.25818487509935
328			182.4802728195759
329			188.89216010146623
330			193.6309002103541
331			197.39122009332633
332			199.5928201296269
333			199.93591975335917
334			199.62453784663745
335			200.02059308892026
336			201.67338079352746
337			204.80336026855645
338			209.0907750260507
339			213.93752899991316
340			218.5669020574467
341			222.09909913522927
342			224.31618070539173
343			225.70943530067885
344			226.84558340470534
345			228.35494471089098
346			230.77755411016184
347			234.43099987573012
348			239.45251193665845
349			245.45388149528367
350			251.96425610820614
351			258.6934896424349
352			265.2703894711406
353			270.1054478957887
354			271.16496367447326
355			268.91043201402914
356			265.64568168196985
357			263.09873052687095
358			262.32487826349205
359			264.3162301508294
360			270.0153255622403
361			279.5981492982004
362			291.46900121182256
363			304.0279266130824
364			316.5395960322615
365			328.38976467734454
366			338.5994233361528
367			346.0887816211135
368			349.95092184294236
369			349.4647841722222
370			345.27715071141824
371			339.0417035033347
372			332.840730310597
373			329.1663438194096
374			329.71759412679165
375			334.9627818039423
376			343.95718269438214
377			352.8734780791379
378			357.838295305768
379			356.08234482084436
380			346.19052838754106
381			332.3350561773044
382			320.0506114764766
383			312.112752236598
384			309.92489256993935
385			313.5971934366978
386			322.3287843749635
387			334.1686252272048
388			346.0889342523484
389			355.29711935185003
390			359.39414602129784
391			357.75000214724514
392			353.15856696988885
393			349.1474950141739
394			350.2097373182331
395			360.2372793257032
396			379.7864081055686
397			408.21187980304154
398			442.8984848443081
399			480.32814053088737
400			515.8140984964571
401			544.1821925574818
402			563.4138325386929
403			574.154754042846
404			578.5778486911146
405			580.5377045479391
406			582.7873748276492
407			586.0816817901148
408			590.8362728466276
409			597.1067412607848
410			604.6924242877151
411			612.6745168539894
412			620.0430695070208
413			626.1418793022461
414			630.4799135172068
415			632.9582463094495
416			633.6920686159174
417			633.1406839930498
418			631.9945164578576
419			630.9118431704622
420			630.4992264808727
421			630.6587449378353
422			630.3500129546628
423			628.7703361314335
424			625.6956723653298
425			620.7600589523166
426			613.0312442253759
427			602.3269596096582
428			591.8563114069262
429			585.3842795810287
430			584.9383031909884
431			591.6790784599428
432			604.7137405815433
433			621.9648001639484
434			639.8382725108518
435			653.7735919030126
436			662.7754582546465
437			669.5395150958587
438			676.2782843590837
439			684.2605000177294
440			694.1054973041217
441			705.2657530262101
442			716.8824484254382
443			727.6036635020388
444			736.4808772146941
445			744.6327435230943
446			753.5147070963942
447			763.3166455561642
448			773.6186078253844
449			782.8100067633688
450			788.7787196601658
451			791.4043450296024
452			792.0610409325238
453			792.0381414708332
454			792.486947516828
455			793.9525759499796
456			796.1189967721841
457			798.6357518561858
458			801.2167378258443
459			803.6510393023386
460			805.9188573060688
461			807.8698994388847
462			808.686798351199
463			807.5898284931839
464			805.0173260143605
465			801.8344077032076
466			798.7599838983215
467			796.422819597245
468			795.253911091464
469			795.5256234773119
470			797.0991218570097
471			799.4416833794778
472			802.1638286940637
473			805.0889245328777
474			808.0261159553825
475			810.7315896254538
476			813.1450351936469
477			815.6914232856662
478			818.5733755697923
479			820.9066378194141
480			821.5424421317778
481			819.2403005158069
482			812.9521775943451
483			803.2955871343096
484			791.74432930669
485			780.895736311238
486			773.9306785018424
487			771.9753890017649
488			774.3726145927944
489			779.7800225591029
490			786.1376468790426
491			791.9771812326975
492			796.8265942055375
493			800.4413060258962
494			802.8790811236522
495			804.1147407631825
496			803.7551688669955
497			801.3383807564067
498			796.4023917527302
499			nan
500			nan
