Nom de l'instrument : SAM_877D
Fichier_calib_utilise: /Users/mdlemineahmedou/Documents/Stage/pipeline_LOG/data/calibration/ALL_2023/Cal_SAM_877d.dat
Date : 2023-10-10
Heure : 12:20:52

l_onde		data
280			0.04358397762135102
281			0.04329580057632326
282			0.03980261720236702
283			0.03530556173938369
284			0.03276158016591666
285			0.036244034442336905
286			0.045647658992743756
287			0.051278291204443036
288			0.047091085577705
289			0.04404356822470939
290			0.05262725247884138
291			0.061457345535002525
292			0.055016500105387764
293			0.04407451637592516
294			0.050612451958458565
295			0.06878302372457852
296			0.07291096942965918
297			0.06005295197149405
298			0.052173988975081596
299			0.058100530016757156
300			0.06389323249852187
301			0.06052264174178422
302			0.05524074047791705
303			0.0552370217352289
304			0.05914027618104401
305			0.06355466351207577
306			0.06444713928642533
307			0.05869302894231402
308			0.05287639407070999
309			0.05736206993546831
310			0.06562326138135584
311			0.059279313099429104
312			0.04143376654515061
313			0.03845620973937003
314			0.056244990498804576
315			0.0667286001495912
316			0.05517651450146492
317			0.04458845154691082
318			0.053286449613433665
319			0.06489447254621275
320			0.06091989480404966
321			0.051470541598605965
322			0.05372029528516684
323			0.06559354321714586
324			0.07593549898684061
325			0.07819498898007235
326			0.06954946214162606
327			0.0569240716860027
328			0.05684501179387916
329			0.0703417070745607
330			0.0750885429625304
331			0.06344828474571695
332			0.06315778412092159
333			0.09012719512954875
334			0.10843946511569647
335			0.08593234399832123
336			0.057015968655654975
337			0.06728757280382153
338			0.09994245741091382
339			0.11398106745343735
340			0.10631687492690081
341			0.09753056069779378
342			0.09612944810232632
343			0.0992409273346463
344			0.10349395845188768
345			0.1054646319398974
346			0.10719498071079618
347			0.12088183491069389
348			0.14836885981331607
349			0.16048733548110244
350			0.1369218059559987
351			0.11375000627403131
352			0.13042500772175936
353			0.16168456163916606
354			0.1643380731897247
355			0.15150292965615136
356			0.16343618743334834
357			0.19271630901984527
358			0.19667659121804
359			0.17302396713473436
360			0.16371976613833641
361			0.18721440150764926
362			0.2226572298853188
363			0.25215270596111644
364			0.2714923036675975
365			0.28086557504443177
366			0.28868747181552196
367			0.30210806792029915
368			0.314756801511395
369			0.31907595977040987
370			0.3267280201896638
371			0.3548317604311632
372			0.39149298257071524
373			0.4090329703395522
374			0.41139958457254816
375			0.4288777836606913
376			0.46675311935134434
377			0.49977055978325036
378			0.5174619815305488
379			0.5369666197319999
380			0.5670594020876739
381			0.5905191164901658
382			0.5943806012039341
383			0.5930830806891912
384			0.6045504446250118
385			0.6348934128344021
386			0.685196122687299
387			0.7466033486249716
388			0.8063082215519471
389			0.8570416954349511
390			0.8952820552510975
391			0.9220506450028386
392			0.9425221558457147
393			0.969423886124519
394			1.0242921237097422
395			1.115354708118776
396			1.2275504117552978
397			1.3495384911087298
398			1.4840723335230894
399			1.6313593639971726
400			1.7761105008031528
401			1.9040185121837188
402			2.021539209989469
403			2.139081293504331
404			2.250161763386952
405			2.342482427397452
406			2.419860345300353
407			2.4958676308288856
408			2.5837820524428556
409			2.6960108669935408
410			2.8297809221864965
411			2.965150602094016
412			3.093076602480311
413			3.223108233391148
414			3.3606470235586627
415			3.498499908111288
416			3.6327069238545873
417			3.7743181274330557
418			3.9333958379866965
419			4.103132456695404
420			4.273712607251433
421			4.445381691735272
422			4.6214577839353135
423			4.7977274597516
424			4.966243694316326
425			5.12356732862487
426			5.269825561868847
427			5.410158484011463
428			5.554892969855081
429			5.725076061376638
430			5.95587556485484
431			6.266997097479813
432			6.6475481119791935
433			7.07924523164612
434			7.533377417890601
435			7.983795843034042
436			8.419482620875002
437			8.839089415665763
438			9.273094721404625
439			9.757554858664525
440			10.296016256011642
441			10.877234924496795
442			11.484753049617645
443			12.100249510569471
444			12.725452021808287
445			13.377973711890887
446			14.06392448581675
447			14.7762319101255
448			15.501484228390852
449			16.217951962706945
450			16.904863575823235
451			17.5446926545879
452			18.135289634367666
453			18.715308392406065
454			19.31938210243583
455			19.940994932367282
456			20.56676262771104
457			21.19829458421691
458			21.840286561944225
459			22.48379047910821
460			23.114759615166815
461			23.730387547883304
462			24.33424262718653
463			24.922118216686385
464			25.48398475945233
465			26.024988789083306
466			26.56693670476314
467			27.135376122498137
468			27.75989360481602
469			28.45312334476566
470			29.1945183385198
471			29.96689252783848
472			30.77156789323618
473			31.607331744433885
474			32.45341375010205
475			33.29179825815416
476			34.139232384171535
477			35.01588645907333
478			35.89304065356438
479			36.72205845895539
480			37.45820484508589
481			38.06026335052317
482			38.505427266623535
483			38.787263192975956
484			38.960721316685884
485			39.1396762647993
486			39.42444778200134
487			39.89403679616436
488			40.5591642865464
489			41.318030466688505
490			42.087210717868416
491			42.84852137209299
492			43.58888832344684
493			44.2840095561176
494			44.90726910887066
495			45.43117607761862
496			45.8332377184291
497			46.11992008963039
498			46.30767251314743
499			46.412953645342746
500			nan
