Nom de l'instrument : SAM_81D7
Fichier_calib_utilise: /Users/mdlemineahmedou/Documents/Stage/pipeline_LOG/data/calibration/ALL_2023/Cal_SAM_81D7.dat
Date : 2023-10-10
Heure : 10:37:44

l_onde		data
280			nan
281			nan
282			nan
283			nan
284			nan
285			nan
286			nan
287			nan
288			nan
289			nan
290			nan
291			nan
292			nan
293			nan
294			nan
295			nan
296			nan
297			nan
298			nan
299			nan
300			nan
301			nan
302			nan
303			nan
304			nan
305			nan
306			nan
307			nan
308			nan
309			nan
310			nan
311			nan
312			nan
313			nan
314			nan
315			nan
316			nan
317			nan
318			nan
319			0.0048782789934773375
320			0.004677123469658691
321			0.004479422154988721
322			0.004290414833960131
323			0.004115341291065633
324			0.0039594413107979344
325			0.0038279546862659297
326			0.003729271658912187
327			0.0036838594472010703
328			0.0037150787299687353
329			0.003840470497359493
330			0.0040150062154880204
331			0.004155579953784359
332			0.0041799211873781595
333			0.004073472454753211
334			0.0039189216704651805
335			0.0038064805887129734
336			0.0038021747371598242
337			0.0038848685766355905
338			0.004013799125452856
339			0.004151611227784864
340			0.004295292668184711
341			0.004461716657746844
342			0.004667354924834531
343			0.00490009587520546
344			0.0051085119830037405
345			0.005238318914745389
346			0.005261412684895559
347			0.005240126564807305
348			0.005256307863000005
349			0.00538449255121955
350			0.005628550701394719
351			0.005952755274398137
352			0.006320678944784909
353			0.006684889629432975
354			0.00698321476008055
355			0.007152456632111418
356			0.00716794185957178
357			0.007134931144649842
358			0.007186050481633742
359			0.007438710254355352
360			0.00786627318652987
361			0.008362703344747703
362			0.008822523834805612
363			0.009196716033136003
364			0.009511071570186313
365			0.009796531131060961
366			0.010077231589713045
367			0.01035451066305624
368			0.010624935946785541
369			0.010884502330275728
370			0.011123788453825277
371			0.011330390004343422
372			0.01149280810876104
373			0.011637982381556077
374			0.011843993448718155
375			0.012192457235441281
376			0.01271894159983488
377			0.013303160774852137
378			0.013791888200337952
379			0.014051101978189123
380			0.014131628363220121
381			0.014187531624963915
382			0.014371937479499589
383			0.014749603732128375
384			0.015265560089953351
385			0.0158563195555619
386			0.01647339394649704
387			0.01712037789278914
388			0.017812163591725966
389			0.018561494351287917
390			0.019359683253796486
391			0.020185735694691533
392			0.021019735095790023
393			0.021898274010400162
394			0.02293696341559913
395			0.024257298589939878
396			0.025940700806002952
397			0.0279236876333798
398			0.030110035673250265
399			0.03240200497460315
400			0.03468591063835616
401			0.036838528093737465
402			0.038738253642110636
403			0.040353534804158
404			0.041784438026429616
405			0.04314146988747205
406			0.044516053291926205
407			0.04592673961778523
408			0.04737468921671815
409			0.04886259545805674
410			0.050410438762146764
411			0.052049103921437155
412			0.05380903062893419
413			0.05568393851104925
414			0.05761076831690394
415			0.059521592594549116
416			0.06136808269830716
417			0.06318198862718778
418			0.06501550989419819
419			0.0669175850597179
420			0.06889702697147068
421			0.07093566774534488
422			0.07301463767415652
423			0.07510062865763993
424			0.07713644100349062
425			0.07906263234124339
426			0.08085843166770677
427			0.0826742186045574
428			0.08470770563456179
429			0.08714712321804054
430			0.09005108761158592
431			0.09338437190172505
432			0.09710983342636538
433			0.10120674333769561
434			0.10568375948647878
435			0.11055259252952446
436			0.11581250649496762
437			0.12140240273304709
438			0.12724290919430428
439			0.1332629560567556
440			0.13951993456080736
441			0.1461723055185429
442			0.15338041128683766
443			0.16119904421633902
444			0.1694763623289414
445			0.17803655211305025
446			0.1867177508349618
447			0.19543306359957038
448			0.20412066873547774
449			0.21272034337495466
450			0.22120009583615857
451			0.22955227356099447
452			0.2377700353131838
453			0.24584914744613018
454			0.2537910155155268
455			0.2615977811533169
456			0.2692799230749406
457			0.27689810627689015
458			0.28453168464440654
459			0.29225614412734535
460			0.3000647547281768
461			0.307872519267134
462			0.3155915620652551
463			0.3232057729867694
464			0.3308721903702244
465			0.33877344299089085
466			0.347079735056221
467			0.3558765688590015
468			0.3652141016674887
469			0.3751407238243973
470			0.38566270313751905
471			0.3967417162212814
472			0.40833725001709426
473			0.4203790557457892
474			0.4327160786496027
475			0.4451836682444016
476			0.457603484670897
477			0.4696903023500065
478			0.4811086587827686
479			0.4915294660451629
480			0.500836248150829
481			0.5091644645835863
482			0.5166641862004041
483			0.5235042791430904
484			0.5299116595058835
485			0.5361244155155005
486			0.5423843219196117
487			0.5489665143498943
488			0.5561638613804201
489			0.564259677816736
490			0.5731355313641479
491			0.5821367994483475
492			0.5905715575652748
493			0.5978928415233847
494			0.6040667289301084
495			0.6091727429551401
496			0.6132904067681748
497			0.6164992435389066
498			0.6188787764370302
499			nan
500			nan
