Nom de l'instrument : SAM_81D7
Fichier_calib_utilise: /Users/mdlemineahmedou/Documents/Stage/pipeline_LOG/data/calibration/ALL_2023/Cal_SAM_81D7.dat
Date : 2023-10-10
Heure : 10:17:37

l_onde		data
280			nan
281			nan
282			nan
283			nan
284			nan
285			nan
286			nan
287			nan
288			nan
289			nan
290			nan
291			nan
292			nan
293			nan
294			nan
295			nan
296			nan
297			nan
298			nan
299			nan
300			nan
301			nan
302			nan
303			nan
304			nan
305			nan
306			nan
307			nan
308			nan
309			nan
310			nan
311			nan
312			nan
313			nan
314			nan
315			nan
316			nan
317			nan
318			nan
319			0.04050469814775158
320			0.04299696584748435
321			0.04532362768020831
322			0.047535633448095374
323			0.04968393295331744
324			0.05181947599804641
325			0.05399321234786409
326			0.05624271285477545
327			0.05855426143802838
328			0.06090185444629283
329			0.06325456651764744
330			0.06552855724515454
331			0.06760778416838611
332			0.06938008458688713
333			0.07094687090540142
334			0.07271627908238404
335			0.07512017103086514
336			0.07837933278025687
337			0.08195388605494534
338			0.0851326617098465
339			0.08729043501166169
340			0.0886681005449829
341			0.09000805777084757
342			0.09204800466547126
343			0.0950453817648881
344			0.09859704269801721
345			0.10225180839255925
346			0.10567905651492686
347			0.10896461529856304
348			0.11228417231279299
349			0.11579123367898331
350			0.11942491627234704
351			0.12300420554953237
352			0.1263491246254251
353			0.1293781332212738
354			0.13214154342399143
355			0.13469890043967978
356			0.1371680432477077
357			0.13986342295549184
358			0.14314089895976967
359			0.14731723512489725
360			0.15233907411787623
361			0.15794904886324115
362			0.16388951993268439
363			0.1699784310924307
364			0.17613387791850313
365			0.1822808386933675
366			0.18827482625670616
367			0.1937385789775987
368			0.19824613331744137
369			0.2014451846427105
370			0.2036800418589924
371			0.2056786678892957
372			0.20816149668738318
373			0.21137589243298402
374			0.21493981715440097
375			0.21842764853231136
376			0.2214762335300112
377			0.22393385174572503
378			0.22569347059726763
379			0.22668395416043985
380			0.2271796779762637
381			0.2276479863396752
382			0.22855695995942726
383			0.23031613676406484
384			0.2332557361186876
385			0.2377003121723112
386			0.24373421406841064
387			0.2506076882364087
388			0.257390051331364
389			0.2632587604663963
390			0.26846972496300375
391			0.2738982247600929
392			0.28042490942854414
393			0.2888378586742279
394			0.29979570896740726
395			0.31394744417196274
396			0.3316237894350171
397			0.35200467737751956
398			0.37401001923400584
399			0.3965564926095332
400			0.41852677690295065
401			0.4387832107930367
402			0.45620124168526893
403			0.47034519461860075
404			0.4817862586684554
405			0.4911754888397251
406			0.49917750860971477
407			0.5065087530358219
408			0.5138980221771768
409			0.5220135928563946
410			0.5308412525141573
411			0.5399362861201881
412			0.5488498234067188
413			0.557287478605872
414			0.5651937396032192
415			0.5725335752277924
416			0.5793114076894456
417			0.5856928615294796
418			0.5918847271873725
419			0.5980710702556048
420			0.6041563296743105
421			0.6098569220103968
422			0.6148871733274651
423			0.6190625727863106
424			0.6223660068082048
425			0.624796075216004
426			0.6265240343170736
427			0.6284852785213189
428			0.6318265297911376
429			0.6376446634600161
430			0.646355195708329
431			0.6578803256181582
432			0.6721290188845864
433			0.6888065202351468
434			0.7072533397559226
435			0.7267720974612008
436			0.7467724083512371
437			0.7671827832689557
438			0.7880888167299198
439			0.8095825261852153
440			0.8318547334622903
441			0.8551739969090049
442			0.8798090509418074
443			0.9057891257893913
444			0.9326745764161193
445			0.9599713638278626
446			0.9871902433418628
447			1.013867733653129
448			1.0395489700974379
449			1.0637970457707542
450			1.0864956097363179
451			1.1078046739202942
452			1.1278934079301177
453			1.1469505016128725
454			1.1652068595018263
455			1.1828988963471718
456			1.2002331630577074
457			1.217236440825652
458			1.2338685663284437
459			1.2500893433981777
460			1.2658602666078267
461			1.2811444400663303
462			1.2959053357285522
463			1.3102009889876025
464			1.324317588112337
465			1.3385750411704904
466			1.3532939118598188
467			1.3687992334998043
468			1.38541790452585
469			1.4034661611217882
470			1.422987756646907
471			1.4437379923447782
472			1.4654582901566835
473			1.4878812376970028
474			1.5107154155469307
475			1.5336653650685395
476			1.5563723378563854
477			1.5779834232602452
478			1.5974134514548977
479			1.6135998168103804
480			1.626242571435438
481			1.6359454821507067
482			1.6433647067920074
483			1.6491821893415448
484			1.6541595152758568
485			1.6590735976520972
486			1.6646987347594238
487			1.6717855627478586
488			1.681072140182542
489			1.6932717616220256
490			1.7080787456405024
491			1.7238274382880452
492			1.7387575728379592
493			1.751450329778149
494			1.761695335482108
495			1.7695494320223808
496			1.7750694614715132
497			1.7783122659020496
498			1.779334687386535
499			nan
500			nan
