Nom de l'instrument : SAM_8172
Fichier_calib_utilise: /Users/mdlemineahmedou/Documents/Stage/pipeline_LOG/data/calibration/ALL_2023/Cal_SAM_8172.dat
Date : 2023-10-10
Heure : 10:35:58
InclX : -4.74
InclY : 3.75
Pressure : 0.320394045447632
Comment : 

l_onde		data
280			nan
281			nan
282			nan
283			nan
284			nan
285			nan
286			nan
287			nan
288			nan
289			nan
290			nan
291			nan
292			nan
293			nan
294			nan
295			nan
296			nan
297			nan
298			nan
299			nan
300			nan
301			nan
302			nan
303			nan
304			nan
305			nan
306			nan
307			nan
308			nan
309			nan
310			nan
311			nan
312			nan
313			nan
314			nan
315			nan
316			nan
317			5.83655829392951
318			5.7934644517758755
319			5.886402247524898
320			6.096775158706129
321			6.405986662849124
322			6.795440237483432
323			7.246539360138609
324			7.740833517843156
325			8.266790354332182
326			8.822657323407318
327			9.407421163140308
328			10.009706378282413
329			10.581500537995188
330			11.066698157555237
331			11.418792546121333
332			11.685766439535483
333			11.969319095648395
334			12.370002827490366
335			12.913395645789459
336			13.523872328830372
337			14.118650483497106
338			14.63872721031396
339			15.105446458813239
340			15.557104756203518
341			16.029639732037225
342			16.536781940426945
343			17.080076121435813
344			17.660882189809975
345			18.278199879049613
346			18.927932837774854
347			19.605774950424134
348			20.308340759106493
349			21.035276205819187
350			21.786850242952912
351			22.558709545516493
352			23.303950277252746
353			23.952735907171288
354			24.437151881783528
355			24.77224360513197
356			25.080594140748214
357			25.491942925687834
358			26.106823999154173
359			26.93031540598094
360			27.94802432509546
361			29.144252640407053
362			30.491306149181334
363			31.955033942122157
364			33.50007596032768
365			35.0463125516375
366			36.45537766689944
367			37.58501435857434
368			38.347940969670894
369			38.838385630257214
370			39.18798430146055
371			39.52327090231912
372			39.92303723396386
373			40.440003677918625
374			41.12455897184137
375			41.94286287954776
376			42.74937557714555
377			43.39086405155898
378			43.75635339281744
379			43.87817183296984
380			43.818995270942864
381			43.64793062465539
382			43.4965263707535
383			43.53144603775526
384			43.91700242923333
385			44.69683790837926
386			45.749176226384726
387			46.940270091919565
388			48.14894790408391
389			49.298538414914624
390			50.322208802181684
391			51.17486536853629
392			52.034501633391145
393			53.210113760739766
394			55.009308510553076
395			57.588948870321865
396			60.88937939810865
397			64.83418695792581
398			69.2984492191521
399			73.9754123670603
400			78.51572637404317
401			82.58720098715659
402			86.04719120329149
403			88.8707803580233
404			91.03669211020707
405			92.63117037124486
406			93.90437296917142
407			95.12024212216478
408			96.48909924373838
409			98.00532619584921
410			99.6089534006426
411			101.24047163274118
412			102.84594703385542
413			104.37515193986222
414			105.77821291707622
415			107.02536741686285
416			108.11979695474933
417			109.06773469708236
418			109.88360035395492
419			110.61770245003389
420			111.33018133648548
421			112.07177244341003
422			112.76591570142239
423			113.24450479700357
424			113.33916927214756
425			113.03908519261068
426			112.61404667304289
427			112.36281065003475
428			112.5458564425511
429			113.23870622537363
430			114.46109163583515
431			116.22882166611936
432			118.49733838232903
433			121.17465106320238
434			124.16737760381494
435			127.36785799137576
436			130.6404616157917
437			133.84631036359116
438			136.88220171205234
439			139.83724173132342
440			142.86504706855652
441			146.11238336902082
442			149.601881403084
443			153.24863886927577
444			156.9642320761367
445			160.66690016878445
446			164.28939874243397
447			167.76639455603924
448			171.03841343571185
449			174.08163746042666
450			176.88566219931627
451			179.44089345194953
452			181.75464428108032
453			183.85050939428785
454			185.75278657093068
455			187.50004765857602
456			189.16582925267474
457			190.82892312074458
458			192.55244373488122
459			194.29048221746248
460			195.9508195017285
461			197.4431690534621
462			198.7328808357005
463			199.84532836799931
464			200.8088879418302
465			201.66900345074893
466			202.51862188785694
467			203.45888889634415
468			204.58251968914928
469			205.91438039699773
470			207.4466139618374
471			209.17068012728947
472			211.06209775593643
473			213.0769774501867
474			215.1702511373164
475			217.28378146269523
476			219.31768301121943
477			221.16375213405448
478			222.7165480530324
479			223.89671778512817
480			224.63925777736958
481			224.88151459314304
482			224.65987661333932
483			224.14777501733647
484			223.5286945294313
485			222.98286570195566
486			222.67848001571747
487			222.7809454868032
488			223.43727900644387
489			224.5876427903052
490			226.04196854011886
491			227.6087158905934
492			229.1318327374052
493			230.51145774406143
494			231.652704265035
495			232.4606856547989
496			232.8405152678262
497			232.69730645858988
498			nan
499			nan
500			nan
