Nom de l'instrument : SAM_877D
Fichier_calib_utilise: /Users/mdlemineahmedou/Documents/Stage/pipeline_LOG/data/calibration/ALL_2023/Cal_SAM_877d.dat
Date : 2023-10-10
Heure : 11:33:51

l_onde		data
280			0.030480632888581816
281			0.028279723609453616
282			0.024675196363642862
283			0.024577839431527877
284			0.028455200700735556
285			0.030115393085972865
286			0.02695161712298492
287			0.025639896173754253
288			0.030853594730848827
289			0.03605624902930315
290			0.03425633315835906
291			0.02882739784616311
292			0.026057400028726665
293			0.027843051025601504
294			0.0336743582928085
295			0.04014963737161329
296			0.041917172329647256
297			0.03839804913498447
298			0.034202946669654344
299			0.03222325102068527
300			0.03221620541893187
301			0.03394071068215166
302			0.03781186051346045
303			0.0430870161952933
304			0.04455663337284195
305			0.038080404318976385
306			0.030851434223952683
307			0.03234867265683817
308			0.03841241781133454
309			0.038667075990525795
310			0.033511239641941984
311			0.031192766046900158
312			0.03334550472333102
313			0.0342823190260548
314			0.03158621749813543
315			0.02855671237344209
316			0.027973092001461915
317			0.03025305018459556
318			0.03466323214246962
319			0.03762824338579828
320			0.03601927684493601
321			0.03232746157170309
322			0.03043952767569505
323			0.030518170523987694
324			0.031200708152429483
325			0.03510048898122263
326			0.04722632132719341
327			0.061946966883092584
328			0.0629696913364851
329			0.04885544014963574
330			0.040668976888023775
331			0.04901759026705986
332			0.05831711786927096
333			0.055883777113595975
334			0.0488753573933042
335			0.046114952112755854
336			0.045712799188162075
337			0.04334935165600043
338			0.04018142539585461
339			0.03966000848419633
340			0.0438680145533472
341			0.053698104263866876
342			0.0639615793018221
343			0.06428205267836955
344			0.0576179260601148
345			0.06432865588474303
346			0.08826021494148487
347			0.10040889517642465
348			0.08415743722504943
349			0.06609114582884738
350			0.07049605406750793
351			0.08337931027622865
352			0.08511445463960221
353			0.07992572069730121
354			0.07946360357891026
355			0.08216219918013812
356			0.07996789480414643
357			0.07431101648737898
358			0.07375934997053331
359			0.08200755011201234
360			0.09721456041462123
361			0.11376116120202721
362			0.12071747522217108
363			0.1153339768844906
364			0.11369054024705824
365			0.1275709432194663
366			0.14725827725449764
367			0.16097824747940112
368			0.1672203716386775
369			0.16789778912333872
370			0.16789195119218853
371			0.17272758457477816
372			0.18131811645534102
373			0.1890050503153027
374			0.1987502810533721
375			0.2196028504727199
376			0.24635972648223153
377			0.25688616427827654
378			0.2478030085631953
379			0.24861115383696206
380			0.2736975287790259
381			0.29429174480318554
382			0.2890922086825164
383			0.28367073664206116
384			0.3053131475424517
385			0.33990245359921545
386			0.3639653050959078
387			0.3801041144452761
388			0.4016090930175681
389			0.43081669114014226
390			0.46300324777462426
391			0.49106501706406763
392			0.5063155813714643
393			0.5136102942130724
394			0.534140820364681
395			0.5782484286786652
396			0.6363572576637991
397			0.7008974797555483
398			0.7735703838200793
399			0.8541961851603647
400			0.9317039192831754
401			0.9959104474387839
402			1.0521906381903032
403			1.1091854137335075
404			1.1650432502246857
405			1.2139073461381589
406			1.2557307203799393
407			1.2941807996802417
408			1.3360909171319078
409			1.3906822119383608
410			1.4608832291993479
411			1.5422885617721878
412			1.6274846617997285
413			1.7049907611505553
414			1.7692086989384095
415			1.8281439260173162
416			1.8911345945973959
417			1.9661106394951156
418			2.057048101529943
419			2.1518058091575787
420			2.2373582428129435
421			2.322773016134095
422			2.4232423721459027
423			2.5316970341351497
424			2.6302177564258447
425			2.716768249341574
426			2.800812261852378
427			2.8852679442864577
428			2.9665251320887145
429			3.053792229028275
430			3.1739796232817055
431			3.3419221059105366
432			3.5476761336281926
433			3.777287490888848
434			4.013421099696893
435			4.244089306381328
436			4.478443743588935
437			4.727829000083777
438			4.9906260763537285
439			5.263364408951731
440			5.558856740147897
441			5.894605480243201
442			6.261940979478987
443			6.637675829397581
444			7.018640801601086
445			7.4178970014862005
446			7.843204448747431
447			8.29575759129182
448			8.762966923469067
449			9.212628603444525
450			9.629644545517337
451			10.036001464561568
452			10.446543216925281
453			10.844762615787554
454			11.219081588531115
455			11.596487364861874
456			12.004709680118358
457			12.427409111294246
458			12.837907909679432
459			13.240213532654256
460			13.650281219410587
461			14.06394692776818
462			14.465538112107552
463			14.851836510251907
464			15.230007208611891
465			15.610554587753281
466			16.007232671163987
467			16.43212758277168
468			16.89466775019901
469			17.401016095060637
470			17.951441595377894
471			18.54037194784441
472			19.148795612995286
473			19.76136712641654
474			20.38343299255135
475			21.022955142357933
476			21.678194691235117
477			22.342603218313894
478			22.99710377011825
479			23.617627379703745
480			24.18217283930332
481			24.66961468784047
482			25.05480960343293
483			25.3123983850547
484			25.477319313149046
485			25.64250709070292
486			25.87800188073447
487			26.22113807160958
488			26.678162132411224
489			27.206555944280325
490			27.76052866305662
491			28.297443160955556
492			28.78782163530412
493			29.240428825060064
494			29.663058820946777
495			30.030415350128244
496			30.314055767410313
497			30.514828948197067
498			30.643681733533775
499			30.71157040615067
500			nan
