Nom de l'instrument : SAM_80E0
Fichier_calib_utilise: /Users/mdlemineahmedou/Documents/Stage/pipeline_LOG/data/calibration/ALL_2023/Cal_SAM_80E0.dat
Date : 2023-10-10
Heure : 10:14:05
Comment : LIDAR_20231010

l_onde		data
280			nan
281			nan
282			nan
283			nan
284			nan
285			nan
286			nan
287			nan
288			nan
289			nan
290			nan
291			nan
292			nan
293			nan
294			nan
295			nan
296			nan
297			nan
298			nan
299			nan
300			nan
301			nan
302			nan
303			nan
304			nan
305			nan
306			nan
307			nan
308			nan
309			nan
310			nan
311			nan
312			nan
313			nan
314			nan
315			nan
316			nan
317			61.60118995411804
318			65.54531821722013
319			70.31355408637445
320			75.80994518911417
321			81.93853915297238
322			88.60338360548222
323			95.70852617417681
324			103.15518987857159
325			110.77373084914159
326			118.32019623976011
327			125.54703713645641
328			132.1737862519494
329			137.83693856015762
330			142.1600986043163
331			144.88451682758472
332			146.53997990546256
333			147.9803379246698
334			150.03197609990286
335			152.87933387756803
336			156.07184723108904
337			159.1323876238613
338			161.73102572063505
339			163.8883011346431
340			165.6757909604985
341			167.18208750647074
342			168.6034674755475
343			170.1782095992648
344			172.1378126934777
345			174.56989329153208
346			177.42568592234554
347			180.65072427461646
348			184.11300651826085
349			187.50328798243976
350			190.48766893259966
351			192.78106723574763
352			194.39555697886578
353			195.45502334571665
354			196.08538361140523
355			196.44906125248292
356			196.7421336557742
357			197.16242498048263
358			198.0111451218523
359			199.82005342251716
360			203.1520858300834
361			208.43275887080665
362			215.26910387318676
363			222.9663601893298
364			230.8280227255033
365			238.13285263588375
366			244.13712109292413
367			248.0984498526718
368			249.71330055293467
369			249.6471072935881
370			248.6948556604607
371			247.60301553979812
372			246.8307260593308
373			246.73174236656578
374			247.62895555680453
375			249.24712249264346
376			250.76737175476057
377			251.35252852531414
378			250.4679185215671
379			248.249529626717
380			244.9234386781624
381			240.8135263634133
382			236.82840094696144
383			234.09303124517808
384			233.68158876452156
385			235.65140545345108
386			239.12442368736825
387			243.18849491102006
388			247.09425563129236
389			250.45952208198565
390			252.9524158093112
391			254.44042760096173
392			256.0115417348694
393			259.21540798932693
394			265.55743293704063
395			275.6090671906955
396			289.0619491638279
397			305.5720683678396
398			324.4408822369833
399			344.14609605744124
400			363.04869804853007
401			379.6524729768794
402			393.36843417090455
403			403.9627184849197
404			411.23685752773434
405			415.7527503497482
406			418.81386443019477
407			421.75302223227743
408			425.44187307669836
409			429.63526706186235
410			433.9223164792802
411			437.925670259728
412			441.4919436616406
413			444.55949297603706
414			447.06607744751335
415			448.9286247005811
416			450.04281455914935
417			450.30367329618963
418			449.7359104524735
419			448.6952003412192
420			447.58925323803874
421			446.7238317994803
422			445.68027511452226
423			443.72625615327036
424			440.1604204308858
425			435.1315653945158
426			429.7039041383222
427			424.9866403811003
428			421.8859902435198
429			420.75646438397985
430			421.859731570407
431			425.3811369044443
432			430.9221604086214
433			437.8146443126482
434			445.39394925034213
435			453.1436803120734
436			460.7174166333566
437			467.77822843383325
438			474.1601990273377
439			480.1973294907922
440			486.3144853428009
441			492.8911452226432
442			499.9287253932629
443			507.2409470862355
444			514.6394401787046
445			521.9104009696517
446			528.8087254346519
447			535.0874072717046
448			540.5619683868457
449			545.246352685108
450			549.1937720288771
451			552.4598126623562
452			555.1218393880284
453			557.2689204292234
454			558.9909554983547
455			560.4073700488502
456			561.6768775015298
457			562.9609072171306
458			564.3578365389612
459			565.7469910012353
460			566.9601571443916
461			567.8351214055403
462			568.27095207119
463			568.2025728729776
464			567.568646491716
465			566.4732266365751
466			565.2599280022346
467			564.2911272574331
468			563.8499540770483
469			563.9158422681733
470			564.3954864830597
471			565.200539080413
472			566.299685225002
473			567.6981222775723
474			569.4001177740447
475			571.3123798817604
476			573.1868367519646
477			574.7616768063193
478			575.7707422978905
479			575.9293874972042
480			574.9480515693783
481			572.572026739163
482			569.0035495577247
483			564.7662664474781
484			560.3903481478326
485			556.39190064618
486			553.2624488847083
487			551.4910412083274
488			551.4296107456066
489			552.7791990997091
490			555.047908023684
491			557.7490960322702
492			560.4761072132853
493			562.8843101095682
494			564.630695041368
495			565.3722523289333
496			564.7659722925131
497			562.4688452523563
498			nan
499			nan
500			nan
