Nom de l'instrument : SAM_877E
Fichier_calib_utilise: /Users/mdlemineahmedou/Documents/Stage/pipeline_LOG/data/calibration/ALL_2023/Cal_SAM_877E.dat
Date : 2023-10-10
Heure : 10:55:53

l_onde		data
280			2.28681938814744
281			2.3666944062418094
282			2.475432725838763
283			2.621302063803507
284			2.780597954066095
285			2.902389963858962
286			2.977794764975075
287			3.054965079218525
288			3.157024289377521
289			3.248438319521577
290			3.3075227815875916
291			3.3785947560727423
292			3.5027993264811847
293			3.6402833750420664
294			3.7341048562980426
295			3.7944690870277125
296			3.8640647506496246
297			3.982809568190387
298			4.187746641955835
299			4.4973843223737315
300			4.910483849757576
301			5.470608861112013
302			6.297068253613719
303			7.485336870297128
304			9.052763020402653
305			11.0134297815336
306			13.416507312455463
307			16.322673645128656
308			19.810408471258327
309			23.952169304416806
310			28.68723614147472
311			33.875231896446614
312			39.35403864098466
313			44.945985087985385
314			50.57832118874619
315			56.315689513253865
316			62.1865188752337
317			68.13033176982522
318			74.0342576793034
319			79.65951674098464
320			84.89177995980151
321			90.30769934940763
322			96.6160166575518
323			104.00999164789239
324			112.44024385864716
325			121.72015276065086
326			131.54569701321168
327			141.02620569483253
328			148.70816633738485
329			154.0927883660533
330			158.11524859226276
331			161.33592999703052
332			163.24412038644655
333			163.57282087507716
334			163.34528859099734
335			163.71509603780797
336			165.11175076683924
337			167.6835835438945
338			171.19492206398118
339			175.20687229726062
340			179.0793776546724
341			182.04860158441866
342			183.9113148363784
343			185.06592110885657
344			185.9759142740904
345			187.16052608929454
346			189.07921459585597
347			192.04141249397753
348			196.18927763836865
349			201.14953602215942
350			206.4753289291918
351			211.93778648022533
352			217.26299887656367
353			221.15913103904995
354			221.96056772408085
355			220.04878194210937
356			217.31664184198027
357			215.18109590121816
358			214.50338751467575
359			216.09354564139866
360			220.72225071057466
361			228.53687935256139
362			238.2440133319552
363			248.54099471073582
364			258.8080596847157
365			268.52019914818004
366			276.85959844178643
367			282.9330366867551
368			286.03185489931667
369			285.615013175324
370			282.1805037410919
371			276.99575270277467
372			271.7712051937265
373			268.64925340586296
374			269.0639524463108
375			273.345999043189
376			280.67626596690195
377			287.9084809831303
378			291.874254804657
379			290.3458502251015
380			282.20886715544697
381			270.90914474162435
382			260.98622729789565
383			254.5886460117816
384			252.70248248367253
385			255.51660808170604
386			262.63519450479066
387			272.4404685811404
388			282.1678409587641
389			289.4661868591351
390			292.62166170289674
391			291.2677551214731
392			287.59802789734664
393			284.3967222419054
394			285.2910879645045
395			293.4382138638246
396			309.3176999136968
397			332.4369026084494
398			360.6712193554027
399			391.1494001803108
400			420.04528870235964
401			443.1351118484946
402			458.78410041211635
403			467.54166893087694
404			471.1556290672944
405			472.69064514482716
406			474.38233271021465
407			476.9573091155986
408			480.82368896829666
409			485.96773362258745
410			492.1591888197399
411			498.62219326660784
412			504.52854805709836
413			509.40759584227357
414			512.9263096406062
415			514.9156860278936
416			515.3276254589288
417			514.6489874608646
418			513.713951335844
419			513.0333397477158
420			512.7934513565519
421			512.8050970340919
422			512.392980542398
423			511.0332205036583
424			508.55516535325614
425			504.64232827338645
426			498.470416905376
427			489.830838902344
428			481.3283313924491
429			476.03698373284243
430			475.6381451856349
431			481.11039099385306
432			491.7146809326854
433			505.72728873534265
434			520.2429027310387
435			531.605652436523
436			538.9899770312554
437			544.5013249590136
438			549.9276342085845
439			556.4019888147873
440			564.4629334568375
441			573.5479501330142
442			582.88381693876
443			591.4722718887451
444			598.6413399685543
445			605.2597965293569
446			612.451081616553
447			620.4177257715126
448			628.8941701378798
449			636.5248548899549
450			641.485281205032
451			643.6345602177327
452			644.0978203555088
453			643.985946089806
454			644.3509493516236
455			645.6460597255735
456			647.4692123032955
457			649.4519872237489
458			651.4256126704727
459			653.2900803336177
460			655.0727359342055
461			656.6699270521974
462			657.3544128980524
463			656.4239205778086
464			654.2547417030547
465			651.5994677716683
466			649.0673317538929
467			647.1775102015097
468			646.2326839352681
469			646.372455495179
470			647.5195897791472
471			649.3880225943643
472			651.6527670643018
473			653.9497781051917
474			656.0480867664581
475			657.9666552833355
476			659.8243937093578
477			661.9277511033305
478			664.3708690928102
479			666.3685445103774
480			666.9395720093322
481			665.1219905268624
482			660.1258051492603
483			652.4038423890697
484			643.0627624061364
485			634.2137867467628
486			628.4991983411528
487			626.8817098504436
488			628.863168697734
489			633.3172518906421
490			638.4539614792507
491			643.0776838344489
492			646.9878310982192
493			650.0651104281294
494			652.1769612533411
495			653.1609818116308
496			652.7702402738909
497			650.7419829120039
498			646.8134559978521
499			nan
500			nan
