Nom de l'instrument : SAM_80E0
Fichier_calib_utilise: /Users/mdlemineahmedou/Documents/Stage/pipeline_LOG/data/calibration/ALL_2023/Cal_SAM_80E0.dat
Date : 2023-10-10
Heure : 10:15:56
Comment : LIDAR_20231010

l_onde		data
280			nan
281			nan
282			nan
283			nan
284			nan
285			nan
286			nan
287			nan
288			nan
289			nan
290			nan
291			nan
292			nan
293			nan
294			nan
295			nan
296			nan
297			nan
298			nan
299			nan
300			nan
301			nan
302			nan
303			nan
304			nan
305			nan
306			nan
307			nan
308			nan
309			nan
310			nan
311			nan
312			nan
313			nan
314			nan
315			nan
316			nan
317			62.558591121801506
318			66.61754895158364
319			71.4316086032199
320			76.92257031587789
321			83.01223432872514
322			89.62240088092922
323			96.67487021165772
324			104.08839441733299
325			111.70525041893734
326			119.2875254734316
327			126.59341988698532
328			133.3430999720222
329			139.16078997212696
330			143.65582048606893
331			146.55374374301292
332			148.35910186133978
333			149.89657712604807
334			151.9648802554957
335			154.7547309884796
336			157.85543317691935
337			160.83110305624768
338			163.3770840969295
339			165.50116080613836
340			167.25661730995122
341			168.71750236743063
342			170.08927812919111
343			171.62866421020001
344			173.58514275636014
345			176.05429761943427
346			178.98583674855945
347			182.32336211361135
348			185.92557554799282
349			189.45710084699957
350			192.5555649107366
351			194.912291294328
352			196.54545891900813
353			197.59623271309016
354			198.20723259615494
355			198.54566605591467
356			198.8014070799896
357			199.1657271085779
358			199.94626695008049
359			201.71017026657768
360			205.05967261930596
361			210.44876988413583
362			217.4485260558426
363			225.30445036272874
364			233.26294258672388
365			240.59776936276077
366			246.60758154154325
367			250.59399331836158
368			252.27485457858666
369			252.2870768931395
370			251.39045025488508
371			250.30267745520842
372			249.49220284690807
373			249.33605054466304
374			250.17978852097218
375			251.7589032262217
376			253.25439425557076
377			253.82854998241672
378			252.94350174681708
379			250.72615106317338
380			247.39269693847356
381			243.25994897056125
382			239.24622464211984
383			236.492411027292
384			236.08770673757832
385			238.0865545796576
386			241.5915266517212
387			245.67053339601168
388			249.56381203999186
389			252.90030195065742
390			255.3621964769932
391			256.8310312850555
392			258.40867070598074
393			261.65858222428056
394			268.0990241400765
395			278.29430114314334
396			291.9100673875431
397			308.5756452788515
398			327.57889211009064
399			347.41427400297124
400			366.4638418453145
401			383.24637720440205
402			397.1493519626067
403			407.90027620282046
404			415.2632975997601
405			419.7910403469089
406			422.80511118646535
407			425.65763212842955
408			429.2463356031585
409			433.36858222314333
410			437.6584326914376
411			441.7721253818378
412			445.5140068740073
413			448.7490917948218
414			451.3441758159289
415			453.204151700519
416			454.27277041874515
417			454.49579381435376
418			453.930338798612
419			452.91771164050556
420			451.8439003031516
421			450.99416090019014
422			449.93796504302287
423			447.93485882872835
424			444.2761113514405
425			439.12254264236725
426			433.5712765905631
427			428.76544273158083
428			425.63308865481355
429			424.5176849329921
430			425.6643285698588
431			429.2423682401821
432			434.841688787355
433			441.78456982524096
434			449.39728878466855
435			457.16834043109833
436			464.77221458978033
437			471.89376390606213
438			478.37882620126584
439			484.5438427288265
440			490.79079104688714
441			497.4779884379922
442			504.6000720244759
443			511.97112417540524
444			519.4033938984544
445			526.6908262942479
446			533.6048404072415
447			539.9154904255527
448			545.4489561313939
449			550.2095217645464
450			554.2367186557365
451			557.5734504431963
452			560.2935526039279
453			562.4874828505273
454			564.2465461377036
455			565.6902815272907
456			566.9757973559973
457			568.2627990334802
458			569.650089667747
459			571.0248889806056
460			572.2284985098466
461			573.1070504723253
462			573.5560167590851
463			573.4997374496779
464			572.8663448384269
465			571.7564748213175
466			570.5206265017223
467			569.5288678103208
468			569.0694186175998
469			569.1168349380973
470			569.570546167236
471			570.3364039666924
472			571.3941409084402
473			572.7707878557682
474			574.4923468721561
475			576.4696753846198
476			578.4309514020443
477			580.0881365904769
478			581.152478975255
479			581.3321908557236
480			580.3346774711171
481			577.9033762587987
482			574.2541277343992
483			569.9350558095462
484			565.5008677458973
485			561.4779941766869
486			558.3434465146304
487			556.5692570714335
488			556.4943910615882
489			557.8261387608131
490			560.0845468516162
491			562.7942415841557
492			565.549576178346
493			567.9989733210447
494			569.7922694743693
495			570.5793011004376
496			570.0099046613674
497			567.7339166192763
498			nan
499			nan
500			nan
