Nom de l'instrument : SAM_877E
Fichier_calib_utilise: /Users/mdlemineahmedou/Documents/Stage/pipeline_LOG/data/calibration/ALL_2023/Cal_SAM_877E.dat
Date : 2023-10-10
Heure : 10:55:23

l_onde		data
280			2.273253222303309
281			2.403350186176978
282			2.5351622598894403
283			2.6351661647223152
284			2.709773220648335
285			2.799868654897956
286			2.9130108531903693
287			3.0109866733528334
288			3.079256670591323
289			3.1576169922911226
290			3.2763463857262902
291			3.4150289628596373
292			3.5464624992134857
293			3.659400716549521
294			3.7501682909517102
295			3.8360814893202186
296			3.943354209852505
297			4.079705950093157
298			4.240640372407197
299			4.462150201913466
300			4.825160713531441
301			5.407593039602585
302			6.278520260148598
303			7.488222289203609
304			9.041616634001914
305			10.957651997169489
306			13.338623142879086
307			16.29111958001172
308			19.819452067273374
309			23.891563359594638
310			28.508421642333698
311			33.68073835133265
312			39.238910121957424
313			44.85990741637192
314			50.430043759409955
315			56.11508485341276
316			61.992068602788876
317			67.92779638415465
318			73.76038276024885
319			79.3149198810881
320			84.5421181503866
321			89.99095856817108
322			96.31988849784258
323			103.70471835523875
324			112.09472665287728
325			121.31868190274261
326			131.09820235282132
327			140.54630106518601
328			148.19136837732628
329			153.52918265540896
330			157.5094516382457
331			160.70873455752655
332			162.6326129808294
333			163.01382884542753
334			162.81993054731385
335			163.1571600382409
336			164.5114798810156
337			167.10741094727777
338			170.67117537610693
339			174.67431268080753
340			178.45214318825836
341			181.2658170969554
342			182.99040839585092
343			184.15633745532645
344			185.24146018129633
345			186.59169031160206
346			188.54585948124068
347			191.45296381047336
348			195.5112628080282
349			200.38195077990352
350			205.64332004743702
351			211.06691154310928
352			216.37303265027188
353			220.28273386983486
354			221.14867054897329
355			219.3120048961126
356			216.58453859175026
357			214.3815463785882
358			213.6489514387206
359			215.23598353140002
360			219.87405263035615
361			227.6768885737519
362			237.34653988559003
363			247.58231607276983
364			257.77474209218343
365			267.41090269557395
366			275.6849906895992
367			281.71540401246034
368			284.8021026361905
369			284.4102680407293
370			281.0316902064364
371			275.91859320561076
372			270.7658581864735
373			267.70001021152666
374			268.13172079073337
375			272.3572248237557
376			279.5670529092851
377			286.72358277315533
378			290.7279477695145
379			289.25073581291934
380			281.0749169954174
381			269.71214820541803
382			259.8055118089841
383			253.49841233931775
384			251.72118373923408
385			254.5975482015099
386			261.6648546669075
387			271.33200299944644
388			280.9490513497252
389			288.2227681520151
390			291.41487385169745
391			290.12196326227183
392			286.4878529435341
393			283.26915077775
394			284.13357301048245
395			292.2739587795968
396			308.13273043973703
397			331.16827274202484
398			359.2580268307269
399			389.5570384059207
400			418.3045009004087
401			441.3559641668701
402			457.01166175917075
403			465.6431524137447
404			469.0285309021419
405			470.50796106021176
406			472.38504657280106
407			475.08535391010525
408			478.8327992872747
409			483.7944966054418
410			489.91616185680635
411			496.390846512473
412			502.3185010141234
413			507.182559144572
414			510.62519919670575
415			512.5527127689106
416			513.0250297796365
417			512.4514331948758
418			511.47304944070856
419			510.6332971292131
420			510.36422219782133
421			510.52198145225736
422			510.19682672858397
423			508.7634560145131
424			506.2405049389522
425			502.4344759314421
426			496.3732649568341
427			487.7090869483834
428			479.12615202566656
429			473.81186920995134
430			473.4370805009527
431			478.92745277550057
432			489.5173206429846
433			503.470837322841
434			517.8801241495302
435			529.0956164391902
436			536.3444515310724
437			541.8306101928658
438			547.3514568157715
439			553.9184986905855
440			561.9837568843698
441			570.9897491229272
442			580.1919905359182
443			588.6575505303609
444			595.7749089883464
445			602.425169637776
446			609.7195460396546
447			617.7751124414671
448			626.2254988296432
449			633.728571281738
450			638.5348555057678
451			640.5804723830479
452			641.0636983008347
453			641.047830945079
454			641.4149873277988
455			642.590892262782
456			644.3577311199708
457			646.4263550493048
458			648.4645339433723
459			650.2638561838085
460			651.9808554406098
461			653.6339201338335
462			654.4191040017324
463			653.5253664217447
464			651.32867582708
465			648.6216995994225
466			646.0615424968647
467			644.2126348402885
468			643.3353635743914
469			643.4691613793195
470			644.530458603795
471			646.3184399073272
472			648.5501274611946
473			650.8407827509847
474			652.946595759771
475			654.8960898989651
476			656.7926434690484
477			658.8566396827849
478			661.1376501138684
479			662.9972325066701
480			663.600090322339
481			661.9002060864755
482			656.9666905023603
483			649.2429836316002
484			639.884919854019
485			631.0403832336023
486			625.3763347718991
487			623.8103977236108
488			625.7444458245699
489			630.0889194893685
490			635.2481808487307
491			640.0461652635644
492			644.0134515461459
493			646.9132160856468
494			648.8770955019143
495			649.9466444580834
496			649.7480942730924
497			647.8299381988144
498			643.7406694871219
499			nan
500			nan
