Nom de l'instrument : SAM_877E
Fichier_calib_utilise: /Users/mdlemineahmedou/Documents/Stage/pipeline_LOG/data/calibration/ALL_2023/Cal_SAM_877E.dat
Date : 2023-10-10
Heure : 10:55:15

l_onde		data
280			2.2439154662168943
281			2.338807051165136
282			2.4451210362711273
283			2.558132683679434
284			2.6705414179136926
285			2.7729560800814927
286			2.8635959793039323
287			2.9508663744625907
288			3.0376087080645156
289			3.113977056941986
290			3.178633648736431
291			3.2619002139663467
292			3.389123015813008
293			3.529471649285099
294			3.6403981968278467
295			3.727020462282545
296			3.817153410783515
297			3.931565755020421
298			4.0866901996773235
299			4.325805340882197
300			4.721773784958222
301			5.337465925751479
302			6.216692392795288
303			7.400769316749853
304			8.929227514762092
305			10.845614072461597
306			13.210452679629247
307			16.08536910365256
308			19.512582203452173
309			23.522910488952437
310			28.10701797204662
311			33.2243496488483
312			38.69461084965683
313			44.220207780074915
314			49.71145583529652
315			55.354475104697386
316			61.22619875218384
317			67.15381372080732
318			72.94129997703507
319			78.409677230499
320			83.51600023185014
321			88.83812471574957
322			95.06350005272023
323			102.34915502849546
324			110.60751391871207
325			119.67228865174528
326			129.29791759149717
327			138.62274858114134
328			146.1918912386429
329			151.48393965948736
330			155.3824515438539
331			158.44046186451558
332			160.2419336820418
333			160.58440557725837
334			160.40960184626167
335			160.7771589578944
336			162.11683585611175
337			164.60532756466887
338			168.01560127435062
339			171.90768477732246
340			175.6402002060114
341			178.44908690681783
342			180.16258527643762
343			181.24342509544957
344			182.16426055099132
345			183.3648922423782
346			185.24766055749024
347			188.1345548948097
348			192.1824551787873
349			197.0056552654948
350			202.1459151342134
351			207.40127682509848
352			212.53931072378393
353			216.32344760527155
354			217.14235786769413
355			215.31784603349064
356			212.60263937615557
357			210.39433799917043
358			209.666354464492
359			211.2500600885735
360			215.78415601081568
361			223.33824691090257
362			232.69848771239032
363			242.65260472748963
364			252.63098177710995
365			262.1367561785861
366			270.30963666479204
367			276.20191402745513
368			279.14643793899273
369			278.6855609333633
370			275.32148319860823
371			270.2680295168195
372			265.17605745017823
373			262.12361877665484
374			262.48870639971756
375			266.5591332665274
376			273.54663765282487
377			280.4955308187795
378			284.38603730046253
379			282.9320947938801
380			274.9306286781226
381			263.7978831523559
382			254.05848654468872
383			247.81894715621974
384			246.01180500307606
385			248.78353146944846
386			255.70690109345415
387			265.207754094055
388			274.63561713863254
389			281.71385446967975
390			284.7450645261958
391			283.36185753867824
392			279.7310294782238
393			276.5880882979164
394			277.4568798456223
395			285.3894662785122
396			300.79565516735437
397			323.14896997823786
398			350.4630220156534
399			380.058583301711
400			408.15065004951344
401			430.476173793486
402			445.48010484774215
403			453.8853420811846
404			457.4419071150624
405			459.0132490094313
406			460.6860349536385
407			463.14455083882604
408			466.7872736040883
409			471.645132140076
410			477.5414932514783
411			483.75751351751876
412			489.50486016767076
413			494.2587478684938
414			497.61728493172524
415			499.46942953060915
416			499.8718730753296
417			499.2476667677734
418			498.26029088506607
419			497.41393524578024
420			497.0453145387316
421			497.0393811624839
422			496.68392656212774
423			495.4159964663312
424			493.036641515634
425			489.2118685000921
426			483.1261227196036
427			474.5831627701977
428			466.19671763489555
429			461.0343655534747
430			460.68423266170646
431			466.0121469516257
432			476.27535665938046
433			489.80530150634985
434			503.77496018236207
435			514.6233413818717
436			521.6169112387139
437			526.946992204497
438			532.3484401597815
439			538.7025891364033
440			546.4204782507873
441			555.0947972732399
442			564.0854541788025
443			572.3646892111958
444			579.2194818699709
445			585.5518808692658
446			592.521225429216
447			600.2621836122992
448			608.4169927499892
449			615.6760093640365
450			620.3317032221612
451			622.313130499841
452			622.7748948169574
453			622.7423147625592
454			623.0667744744856
455			624.1636392015891
456			625.8334736272768
457			627.8026554316112
458			629.7443201230612
459			631.4474730308358
460			633.0469916027605
461			634.552713402916
462			635.2190491260508
463			634.2977035029085
464			632.153220390723
465			629.5359374734713
466			627.0269326144944
467			625.1093856110076
468			624.1223609463665
469			624.286694261146
470			625.4616579409059
471			627.1606536813416
472			629.0607048658046
473			631.0762993721308
474			633.115496315182
475			635.0444279990663
476			636.8468633996097
477			638.8198620521471
478			641.0766991513151
479			642.8827327826468
480			643.3196872349042
481			641.5156810171381
482			636.756694599446
483			629.3999255770395
484			620.3878123451678
485			611.7707955879575
486			606.1947680102612
487			604.6161790676879
488			606.5223375828064
489			610.8025982684278
490			615.7178605208201
491			620.1183952495638
492			623.8384072493542
493			626.7752851269881
494			628.7761155069634
495			629.6622882851972
496			629.1976443307972
497			627.1352527848481
498			623.2281827884339
499			nan
500			nan
