Nom de l'instrument : SAM_81D7
Fichier_calib_utilise: /Users/mdlemineahmedou/Documents/Stage/pipeline_LOG/data/calibration/ALL_2023/Cal_SAM_81D7.dat
Date : 2023-10-10
Heure : 10:17:06

l_onde		data
280			nan
281			nan
282			nan
283			nan
284			nan
285			nan
286			nan
287			nan
288			nan
289			nan
290			nan
291			nan
292			nan
293			nan
294			nan
295			nan
296			nan
297			nan
298			nan
299			nan
300			nan
301			nan
302			nan
303			nan
304			nan
305			nan
306			nan
307			nan
308			nan
309			nan
310			nan
311			nan
312			nan
313			nan
314			nan
315			nan
316			nan
317			nan
318			nan
319			0.05785776466645349
320			0.05881396302545498
321			0.06218565076109975
322			0.0670994752193663
323			0.0726820837462332
324			0.07806012368767898
325			0.0823602433377924
326			0.08505576079121456
327			0.0869489234796187
328			0.08916037013133099
329			0.09269162513524937
330			0.09726357264025846
331			0.10181774858722085
332			0.10530120218061291
333			0.10747621857894532
334			0.10927587514847126
335			0.11172383083206527
336			0.1154949776114763
337			0.12000733921068173
338			0.12439591035484736
339			0.12788153242012343
340			0.13055018089957549
341			0.13298876570656235
342			0.13578268907101498
343			0.1391790855711683
344			0.14295980770295047
345			0.14687287456655929
346			0.15073425692859152
347			0.15459465743629153
348			0.1585554278476872
349			0.16271459748199174
350			0.16713808345572598
351			0.17187380905161617
352			0.1769629273208852
353			0.18217262580620167
354			0.18690312490510352
355			0.19052903194849466
356			0.19279838266096258
357			0.19471870493994214
358			0.19756278710605987
359			0.20246481997314128
360			0.20924687831405103
361			0.2170078023030506
362			0.22485171149491168
363			0.23240460816624392
364			0.2399840173510352
365			0.24795501836066894
366			0.2563798677925569
367			0.2643060817615506
368			0.270568868747665
369			0.2741734275123187
370			0.27573260400384797
371			0.2767446422675686
372			0.27869476008562905
373			0.28215492885356286
374			0.2864820788206127
375			0.2909489973647364
376			0.294917678618035
377			0.2980520446088691
378			0.3000798320144677
379			0.3007941501661735
380			0.3006173313585592
381			0.30032313000491434
382			0.3006844291917632
383			0.30227278029918686
384			0.3053869539873497
385			0.3103062924535368
386			0.31707714512121443
387			0.32493680289918836
388			0.332947059395945
389			0.340265139969306
390			0.3469999820621421
391			0.3538071050586767
392			0.3613544185651957
393			0.370581228175745
394			0.38280634068362945
395			0.39937680982623763
396			0.4210561046077117
397			0.44649750846917163
398			0.4738775087627746
399			0.5014171344149039
400			0.5278057220648285
401			0.552012791254303
402			0.5730231419307524
403			0.5904137776943579
404			0.6046272674231545
405			0.6161748381246629
406			0.625642720801238
407			0.6339035512447562
408			0.6418983166795822
409			0.6504992357082438
410			0.6598030585856427
411			0.6694173835759833
412			0.678943864826696
413			0.6880867949795352
414			0.6967091727738953
415			0.7046876043544484
416			0.7119646264255186
417			0.7187521609686391
418			0.7253309223133972
419			0.7319446550232153
420			0.7383821948945207
421			0.7441264947714009
422			0.7486592601853468
423			0.7517819534752423
424			0.7538251470513369
425			0.7551690803196874
426			0.7562908303496731
427			0.7580960555553893
428			0.7616089414160282
429			0.7678102677212825
430			0.7770875280354222
431			0.7893986653136953
432			0.8046896426212838
433			0.8226871239610447
434			0.8427251482377418
435			0.8640969669138033
436			0.8861968179832489
437			0.9089086959547001
438			0.9322648577541787
439			0.9563068357462557
440			0.9812191122781672
441			1.0072986387461376
442			1.0348428723070546
443			1.0638340222701426
444			1.0936371399763734
445			1.1235456806142625
446			1.152906106272132
447			1.181349724280647
448			1.2086031093360103
449			1.234405344027482
450			1.258717651345009
451			1.2816927695313252
452			1.303489566602386
453			1.3242404732822557
454			1.344020746715122
455			1.3628981812672667
456			1.3809503234897393
457			1.3983134246216098
458			1.4151455969635847
459			1.4316005275744892
460			1.447737824519621
461			1.4635275354083652
462			1.4789363379748635
463			1.4939893721237927
464			1.5088528292336054
465			1.5237137473510751
466			1.5387864506676796
467			1.5544712810081946
468			1.5712462029741423
469			1.5895755762606758
470			1.6095696755572864
471			1.630963938830464
472			1.6534757425268083
473			1.6767944545109266
474			1.7005333301190217
475			1.7242928186409205
476			1.7476211495299643
477			1.769658823271095
478			1.789354705324882
479			1.8056798859776282
480			1.8183497727710383
481			1.8279617553206686
482			1.8351643537258868
483			1.8406300284833963
484			1.8451051809180645
485			1.8493504428010095
486			1.8541458991566657
487			1.8604476757089916
488			1.8693054724284581
489			1.8817378228894377
490			1.8974390203613398
491			1.9143359656943955
492			1.9302326031966
493			1.9433812927800596
494			1.95362142148334
495			1.9611433052265292
496			1.9661372599297162
497			1.9687936015129879
498			1.9693026458964327
499			nan
500			nan
