Nom de l'instrument : SAM_877D
Fichier_calib_utilise: /Users/mdlemineahmedou/Documents/Stage/pipeline_LOG/data/calibration/ALL_2023/Cal_SAM_877d.dat
Date : 2023-10-10
Heure : 10:56:37

l_onde		data
280			0.24950074570719713
281			0.28858435119487336
282			0.3320711389716596
283			0.34426467227438245
284			0.32333946954484727
285			0.31824857731265255
286			0.35354753083054813
287			0.38960803301074975
288			0.39422993222649577
289			0.3906987758991829
290			0.4077637360749384
291			0.4399644737234101
292			0.4709302054020558
293			0.4878935245458645
294			0.4816754714436225
295			0.46825134949323877
296			0.48067006808085816
297			0.5108426845568307
298			0.5065006515499404
299			0.4656460938758713
300			0.46924252277943723
301			0.5521486306691628
302			0.6235664539460131
303			0.6157250098117053
304			0.6073640214242816
305			0.6853471564081312
306			0.8018646704843285
307			0.8755719806872082
308			0.9322358873900161
309			1.0479031392122249
310			1.2348971521564525
311			1.4579752462521884
312			1.6926878666757006
313			1.9278250791004876
314			2.1707935602265263
315			2.457140103782489
316			2.798860008546376
317			3.1477935206331606
318			3.4701163650230793
319			3.8112082679932215
320			4.219485462338396
321			4.66859009258369
322			5.11925887436204
323			5.628183206119473
324			6.289398412829246
325			7.068423497400588
326			7.841973888626522
327			8.556250015063762
328			9.230365135366405
329			9.874248836917761
330			10.47941552403933
331			11.030167261507192
332			11.498553211562735
333			11.883080595055535
334			12.270970975188165
335			12.74214423293963
336			13.258402394177512
337			13.761898687856329
338			14.306956549540248
339			14.984730600968886
340			15.7418033084443
341			16.437820295941965
342			17.0403997031347
343			17.61614940108455
344			18.19991090791241
345			18.78091573714089
346			19.384218286622556
347			20.107098616251076
348			21.012855793031274
349			22.051539594092024
350			23.15601036052471
351			24.26626870973332
352			25.31915370581401
353			26.221752972240054
354			26.88081873837241
355			27.30175846106357
356			27.549988184344322
357			27.79320831543057
358			28.27210375957815
359			29.09420237085992
360			30.221105327615298
361			31.624684069627474
362			33.303388439393046
363			35.20706521208072
364			37.17459773402038
365			39.05558024952562
366			40.779985165664534
367			42.27632149746573
368			43.39192456185781
369			43.98387130463653
370			44.142056258760284
371			44.0608780349367
372			43.99415686377216
373			44.223757727046596
374			44.89628431178784
375			46.03766877603186
376			47.50744921929539
377			48.971286897801875
378			50.057161589215944
379			50.35003643219047
380			49.71187446849687
381			48.67002486786192
382			47.76547832428154
383			47.256844505977426
384			47.33191889292083
385			48.125967440981206
386			49.70780805253056
387			51.7769156430691
388			53.87553795151377
389			55.63496300525372
390			56.75948457442208
391			57.25508527662685
392			57.39557704898067
393			57.60915076039929
394			58.49915151365741
395			60.59334538408869
396			64.27322464018677
397			69.55956922600984
398			75.65277178848326
399			81.73345548410032
400			87.31641771379886
401			92.03987503691462
402			95.80014670994788
403			98.5996327127872
404			100.63609069570597
405			102.1893022027489
406			103.51068144424454
407			104.82953392711957
408			106.29490836001321
409			107.98585331206104
410			109.8846144168708
411			111.86548436388306
412			113.82647746908067
413			115.71207211161558
414			117.44149249534102
415			118.8700622137899
416			119.92523390976471
417			120.78160192296198
418			121.63221135814648
419			122.54418335219005
420			123.53621352737248
421			124.53912204882924
422			125.44979190790895
423			126.16565373013279
424			126.58293520600195
425			126.57629243578363
426			126.01733555069804
427			125.07403259244877
428			124.21158422745303
429			123.90767448140443
430			124.63735448847119
431			126.67131634364671
432			129.9007301405928
433			134.01438504178878
434			138.2878237142858
435			142.09587492736898
436			145.40490341119144
437			148.35056489317824
438			151.25346735555138
439			154.45685575250045
440			158.0443155835324
441			161.97092640127772
442			166.0402401606922
443			169.97877813897148
444			173.73654137432362
445			177.44571032879472
446			181.2316179010755
447			185.20208771219734
448			189.24280611310556
449			192.91583325989683
450			195.9323640036093
451			198.3513039488433
452			200.3026164239838
453			201.99794256881611
454			203.64142532922955
455			205.35691613310377
456			207.2198308634048
457			209.1501768524141
458			211.03014245786272
459			212.84000925603917
460			214.59566041045312
461			216.22077460824698
462			217.587205080225
463			218.63788531025875
464			219.37785654869575
465			219.91106865146514
466			220.44565162081224
467			221.15186431521857
468			222.13766670179143
469			223.46268756514283
470			225.10284575726172
471			226.9980442861474
472			229.0192796067387
473			231.0562350811941
474			233.10429609471115
475			235.18450806988622
476			237.32858818119817
477			239.5461221457593
478			241.67427126024376
479			243.48046231729762
480			244.7507166826771
481			245.28419199592244
482			244.91730726377523
483			243.5358034342184
484			241.50451292569488
485			239.64656825425408
486			238.55278420257127
487			238.49009409362355
488			239.49544454121684
489			241.25390240589815
490			243.40477099695337
491			245.56058572993956
492			247.43718678566142
493			249.0716188817569
494			250.49917000591478
495			251.50325963825986
496			251.85471907793453
497			251.6103456649344
498			250.92552073741288
499			249.95571781041184
500			nan
