Nom de l'instrument : SAM_81D7
Fichier_calib_utilise: /Users/mdlemineahmedou/Documents/Stage/pipeline_LOG/data/calibration/ALL_2023/Cal_SAM_81D7.dat
Date : 2023-10-10
Heure : 12:21:51

l_onde		data
280			nan
281			nan
282			nan
283			nan
284			nan
285			nan
286			nan
287			nan
288			nan
289			nan
290			nan
291			nan
292			nan
293			nan
294			nan
295			nan
296			nan
297			nan
298			nan
299			nan
300			nan
301			nan
302			nan
303			nan
304			nan
305			nan
306			nan
307			nan
308			nan
309			nan
310			nan
311			nan
312			nan
313			nan
314			nan
315			nan
316			nan
317			nan
318			nan
319			0.000621273739014006
320			0.0012932206573007731
321			0.0014433240628057963
322			0.001241845419935369
323			0.0008590461930957874
324			0.00046518784669334596
325			0.00023053168646756407
326			0.0002673236356343105
327			0.00046541255913670906
328			0.0006613643626347514
329			0.0007052527017895215
330			0.0005923778127600397
331			0.0004064192217915954
332			0.00023175009820944236
333			0.0001252595604096133
334			0.000104365807349559
335			0.000183432062219401
336			0.00035711477670613345
337			0.0005490521630239522
338			0.0006668901278362842
339			0.000630303590883229
340			0.00048019188178155374
341			0.00032764631344821987
342			0.00028270653670667994
343			0.00037073220516560084
344			0.000500606906110788
345			0.0005727467799632382
346			0.0005262699660531908
347			0.00043398658611810856
348			0.000397554057836397
349			0.0005051010129190332
350			0.000713996980679939
351			0.0009083416005339892
352			0.0009732473707964297
353			0.0008697047617661798
354			0.0006603401135423402
355			0.00041488970154087475
356			0.00020200392346957628
357			8.667074938680055e-05
358			0.00013310680902093382
359			0.0003901335695271473
360			0.0007608250006360798
361			0.0010679194695046642
362			0.0011367732427582794
363			0.0009333171511453298
364			0.0006097509056277738
365			0.0003310895354362437
366			0.00021550641277610086
367			0.0002242113682798275
368			0.0002855737587447532
369			0.00033429038530737026
370			0.00036489851767815463
371			0.0004048920577372037
372			0.00048131668236964627
373			0.0005887288619226914
374			0.0006784593575236697
375			0.0006988479674551221
376			0.0006180219498020825
377			0.00047108091432696686
378			0.0003072795626507662
379			0.0001740280394993485
380			0.00010098231438353043
381			0.00010788261909516238
382			0.00021339418417845008
383			0.0003947882066009006
384			0.0005732518492811927
385			0.0006659849634629789
386			0.000620648513974413
387			0.0004906785199842533
388			0.0003524552452881663
389			0.0002757409836082916
390			0.0002642990069430965
391			0.0002839883996824156
392			0.00030068325005466355
393			0.00030177891234559425
394			0.0003047645765890268
395			0.0003293706197580457
396			0.00038512846559095207
397			0.0004446911161541591
398			0.0004723789000618335
399			0.00043711125534668597
400			0.0003561624088091524
401			0.00027573667892506976
402			0.0002418445883601801
403			0.00027045348867572844
404			0.0003336196112910258
405			0.00039991612206240223
406			0.00044544576704047973
407			0.00047506319856433003
408			0.0005004848047171959
409			0.0005322248630145593
410			0.0005672420689237031
411			0.0005939444917461146
412			0.000600827306946908
413			0.0005895663712119657
414			0.0005822183398211576
415			0.0006025873105941615
416			0.00066555479010333
417			0.0007495455229996124
418			0.0008236743678073289
419			0.0008595199847464102
420			0.0008589778538389025
421			0.0008443286378499602
422			0.0008380840155274498
423			0.0008521022587168234
424			0.0008806131642597874
425			0.0009161917629266768
426			0.0009522287749038888
427			0.000985724975131503
428			0.0010146795235704774
429			0.00103797321679827
430			0.0010665357989000349
431			0.0011200206831078689
432			0.0012180823047293473
433			0.0013626127502382047
434			0.0015237030401151737
435			0.0016681405747930652
436			0.001772561747271115
437			0.0018613678177610274
438			0.0019734197513862554
439			0.002144678481534229
440			0.002366205230794802
441			0.002593735384851978
442			0.002782310655591141
443			0.0029193761059297272
444			0.0030558125571440776
445			0.0032498599775365187
446			0.0035467918214477376
447			0.003922202882038474
448			0.004328383710382691
449			0.0047192596142839926
450			0.00507824280176259
451			0.005414167201207553
452			0.005736735546309552
453			0.006062326286271437
454			0.0064217548465049
455			0.006847721088332987
456			0.0073627630940717535
457			0.007928248646208433
458			0.008482766295450268
459			0.00896809518942094
460			0.009394095199481863
461			0.009835437058889679
462			0.010369238578220984
463			0.011032940614800386
464			0.011768255580020351
465			0.01250274772284868
466			0.013178075619921958
467			0.013831983004069626
468			0.014542308713598693
469			0.015384698349799246
470			0.016375369640008422
471			0.01746762957213254
472			0.018611778473182898
473			0.019769302004006305
474			0.02093208165339304
475			0.022097113053501257
476			0.02326316398113474
477			0.02444283899920876
478			0.025655246041871128
479			0.026918540164574647
480			0.028219281098087873
481			0.029506589551328614
482			0.03072743020739608
483			0.03185593963187856
484			0.032950175783386146
485			0.034084347898547404
486			0.03532384768803569
487			0.03665427334871736
488			0.03801880892009986
489			0.039361103565668715
490			0.04066024929562906
491			0.04194264178431086
492			0.04323796755051608
493			0.044563150978776965
494			0.04588994886112483
495			0.04718013037661764
496			0.04839546470431335
497			0.049497721023269894
498			0.05044866851254522
499			nan
500			nan
