Nom de l'instrument : SAM_80E0
Fichier_calib_utilise: /Users/mdlemineahmedou/Documents/Stage/pipeline_LOG/data/calibration/ALL_2023/Cal_SAM_80E0.dat
Date : 2023-10-10
Heure : 10:17:02
Comment : LIDAR_20231010

l_onde		data
280			nan
281			nan
282			nan
283			nan
284			nan
285			nan
286			nan
287			nan
288			nan
289			nan
290			nan
291			nan
292			nan
293			nan
294			nan
295			nan
296			nan
297			nan
298			nan
299			nan
300			nan
301			nan
302			nan
303			nan
304			nan
305			nan
306			nan
307			nan
308			nan
309			nan
310			nan
311			nan
312			nan
313			nan
314			nan
315			nan
316			nan
317			60.83770704532275
318			65.16994353779006
319			70.06861156083323
320			75.50313199895281
321			81.44292573664933
322			87.85741365842337
323			94.7160166487755
324			101.98377789665939
325			109.51590812484864
326			117.05245089878866
327			124.32791599891637
328			131.04156542543612
329			136.8037474299701
330			141.2110076663163
331			143.97935467724835
332			145.6255118323037
333			146.99527092873907
334			148.90834219494792
335			151.57334521702313
336			154.5944175526123
337			157.55032335626012
338			160.13506645533263
339			162.31702666962966
340			164.10454016791041
341			165.53366283327253
342			166.8158806504013
343			168.23110567587884
344			170.05137114248564
345			172.38057263961363
346			175.16323277184196
347			178.33726651247113
348			181.76285585951663
349			185.12248859321872
350			188.07393464207064
351			190.32488044213926
352			191.88685776868616
353			192.8857264114759
354			193.44927193186874
355			193.73957375619176
356			193.9503257381512
357			194.27689514840318
358			195.0186440817972
359			196.70684234277098
360			199.90412001501548
361			205.03620752481112
362			211.7134458719134
363			219.24552555288426
364			226.94046221142528
365			234.08285940001804
366			239.93603245325846
367			243.76467089214472
368			245.2682291275255
369			245.1061363201483
370			244.0661701238248
371			242.8879215201172
372			242.02559937290596
373			241.82874326666237
374			242.61671518185628
375			244.12409417069503
376			245.553965648667
377			246.0914833671672
378			245.20996206167172
379			243.02158697297588
380			239.72436177419084
381			235.61645289512893
382			231.5948572407107
383			228.77815061375222
384			228.23497907823665
385			230.03422950550208
386			233.32511140283088
387			237.22327128809087
388			240.9944430220279
389			244.24289908095398
390			246.6192932895257
391			247.97405366414367
392			249.38058072554114
393			252.37487820999877
394			258.4488408492105
395			268.1631495673809
396			281.2012562726632
397			297.2111303781127
398			315.5031018680988
399			334.6029984983364
400			352.92549226088937
401			369.0214279848452
402			382.30679667692567
403			392.53624023510633
404			399.4995661036777
405			403.7427503574204
406			406.5492424985321
407			409.23170269521506
408			412.64980802585495
409			416.5662697748706
410			420.5810047858358
411			424.3267313070809
412			427.6552238288948
413			430.5079866060417
414			432.82605877164787
415			434.53293758966464
416			435.53422799800677
417			435.73500373046807
418			435.15771930852867
419			434.1243968566847
420			433.0041580393912
421			432.0714274482436
422			430.92772733548406
423			428.8832218658852
424			425.2779661643021
425			420.27127802830364
426			414.9046303637407
427			410.26283375773505
428			407.2233244847651
429			406.0999105874551
430			407.1115518349433
431			410.4088469266652
432			415.61944220253224
433			422.1294766319766
434			429.32785283944077
435			436.7246886753817
436			443.96908487553776
437			450.71792964926385
438			456.7987071436231
439			462.5375998069597
440			468.35143288141205
441			474.61203344499995
442			481.3164041086173
443			488.27545996290036
444			495.29834158631536
445			502.17929723865547
446			508.6942476605672
447			514.6180075473926
448			519.782866051885
449			524.203497158999
450			527.9306690360329
451			531.0166778525147
452			533.5278350830785
453			535.5379837851125
454			537.1219768383174
455			538.3931585777007
456			539.5160913937362
457			540.6588797966643
458			541.9235177356675
459			543.1823215288133
460			544.2577624665438
461			544.9803047393578
462			545.2620505599302
463			545.0628677950947
464			544.3460064298921
465			543.2145972729584
466			541.9743818082906
467			540.9469696150164
468			540.3873538808704
469			540.2952358032227
470			540.6091707899005
471			541.2700715719827
472			542.245969218655
473			543.5222558609873
474			545.0833604266094
475			546.8340048812719
476			548.5524543980862
477			550.0057486562098
478			550.9497798240144
479			551.0930201458144
480			550.1313350861012
481			547.7960257322114
482			544.2829760572429
483			540.1148527884822
484			535.8208238119203
485			531.9045243717871
486			528.824966172521
487			527.0366649934992
488			526.8671823917966
489			528.0414230522872
490			530.1056497171344
491			532.610095792034
492			535.1654893038934
493			537.4294685631628
494			539.0608984616151
495			539.7186438910238
496			539.0615697431622
497			536.7485409098039
498			nan
499			nan
500			nan
