Nom de l'instrument : SAM_81D7
Fichier_calib_utilise: /Users/mdlemineahmedou/Documents/Stage/pipeline_LOG/data/calibration/ALL_2023/Cal_SAM_81D7.dat
Date : 2023-10-10
Heure : 11:48:13

l_onde		data
280			nan
281			nan
282			nan
283			nan
284			nan
285			nan
286			nan
287			nan
288			nan
289			nan
290			nan
291			nan
292			nan
293			nan
294			nan
295			nan
296			nan
297			nan
298			nan
299			nan
300			nan
301			nan
302			nan
303			nan
304			nan
305			nan
306			nan
307			nan
308			nan
309			nan
310			nan
311			nan
312			nan
313			nan
314			nan
315			nan
316			nan
317			nan
318			nan
319			0.0005972387348483812
320			-0.00015076097093155887
321			-0.0003165177923392256
322			-9.433392166649895e-05
323			0.00032148844879473904
324			0.0007366471267526076
325			0.0009568401052829712
326			0.000855543780582821
327			0.0005660573202049682
328			0.00028392948373596506
329			0.0001881510683960646
330			0.0002796923828506663
331			0.00045118733931939623
332			0.0005946791613734767
333			0.0006486882596725446
334			0.0006184827492820775
335			0.0005144960420603654
336			0.0003581426738691907
337			0.00021041038483855982
338			0.00014119824237128256
339			0.00020974604314825352
340			0.00036787298377755567
341			0.0005051990307445692
342			0.000512869558966653
343			0.0003833957430879714
344			0.0002487158952135279
345			0.0002509023596896796
346			0.00046721147813958574
347			0.0007509995317244954
348			0.000907310919404181
349			0.0007677163932334206
350			0.0004201705470190454
351			9.629075224607357e-05
352			2.479322579003823e-05
353			0.0002474654019020043
354			0.0005557101972181683
355			0.000723427704881554
356			0.0006087122810375634
357			0.00035362708828505664
358			0.0001600416837340654
359			0.0002058939833004007
360			0.0004425587343245725
361			0.000696529715416021
362			0.0007959524012523608
363			0.0006891802786950805
364			0.00048384893490506357
365			0.0002985543058925279
366			0.00022168829931113149
367			0.00024043096222523656
368			0.00032078643405732414
369			0.0004292579474943835
370			0.0005370688043712974
371			0.0006180418447021989
372			0.0006466020650796488
373			0.0006207778846837836
374			0.0005700012191197293
375			0.0005258775535693205
376			0.0005099122534234997
377			0.0005094259639842753
378			0.0005045141422349072
379			0.0004782619071687019
380			0.0004425303853396385
381			0.0004252521535444927
382			0.00045391713704399244
383			0.0005295632657565252
384			0.0006173891352990632
385			0.0006800445412640794
386			0.0006910335191990299
387			0.0006615510386311608
388			0.0006109678153904732
389			0.0005577037677466665
390			0.0005106967963507414
391			0.00047343914273116893
392			0.0004494144333559725
393			0.0004447012197897342
394			0.00046900661566333455
395			0.0005323076744529145
396			0.0006349470604156905
397			0.000742430424638266
398			0.000812392000677909
399			0.0008072709457572472
400			0.0007400251257746995
401			0.0006538371456991823
402			0.0005918440310480339
403			0.0005738709905865344
404			0.0005856706652220005
405			0.0006102930285396232
406			0.0006355910184106391
407			0.0006677578221618689
408			0.0007173635871722375
409			0.0007927188315435696
410			0.0008766533972354651
411			0.0009359243574124136
412			0.0009375918645944024
413			0.0008817985441398211
414			0.0008198412223635462
415			0.000807402668870605
416			0.0008830642376580936
417			0.0010155327115300976
418			0.001155671151943305
419			0.0012581718362224424
420			0.0013248451532005608
421			0.001389183947848157
422			0.0014848809135047276
423			0.0016176004150000468
424			0.0017466275984729658
425			0.00182689404246842
426			0.0018274017241505468
427			0.0017794249861466202
428			0.0017314600142788715
429			0.0017299209444374686
430			0.001792758164580734
431			0.0019173137631054874
432			0.0021003528980810134
433			0.002327919816420895
434			0.0025668644340210703
435			0.0027820426840358186
436			0.002949903992940953
437			0.003103122996572211
438			0.003291395207895157
439			0.0035608632872929855
440			0.0039026652356529967
441			0.004264662925889777
442			0.0045938956169615025
443			0.004880483297684827
444			0.00519888472685499
445			0.005633342757038939
446			0.0062424903171929775
447			0.006947339292144673
448			0.007622873786131372
449			0.00815155572762355
450			0.008549959773596618
451			0.00895028400216937
452			0.009488114591721266
453			0.010225330899494215
454			0.01106441309604361
455			0.011887035225538915
456			0.012597379026551656
457			0.013235114562491419
458			0.013890366446828901
459			0.014650010458517772
460			0.015530628535867865
461			0.01648188493259443
462			0.017450854939075233
463			0.01840618350475125
464			0.01936855661982311
465			0.02036635166747551
466			0.021429511698018388
467			0.02259865337272138
468			0.02391884731405079
469			0.025432873270847346
470			0.027124621018669717
471			0.028915639018844676
472			0.030724541009229764
473			0.03250979479854798
474			0.034338170504482145
475			0.036294660269662764
476			0.03844566915076899
477			0.0407124754884531
478			0.04294814720929633
479			0.04500899540084689
480			0.04686739208968755
481			0.04863323623323545
482			0.05042437577607842
483			0.052315879769647834
484			0.054250693026023644
485			0.056146332093455674
486			0.05793436725351684
487			0.05967354695200121
488			0.06149022105256914
489			0.06350860778126247
490			0.0657389576900859
491			0.06803941479692802
492			0.07025754097318211
493			0.07227657527720663
494			0.07410602503945035
495			0.0757833184637722
496			0.07734588375403113
497			0.07883114911408606
498			0.08027654274779591
499			nan
500			nan
