Nom de l'instrument : SAM_877D
Fichier_calib_utilise: /Users/mdlemineahmedou/Documents/Stage/pipeline_LOG/data/calibration/ALL_2023/Cal_SAM_877d.dat
Date : 2023-10-10
Heure : 12:18:33

l_onde		data
280			0.496445268860698
281			0.4841229427089537
282			0.47189003829066906
283			0.496288213263654
284			0.5644100863865721
285			0.6391046784332979
286			0.6838858658336253
287			0.6719564546129619
288			0.6029202907760464
289			0.5624311151628169
290			0.6277493958571689
291			0.7332921781308173
292			0.7813477510226224
293			0.8024704018628175
294			0.8815823519669422
295			0.963005532571995
296			0.8938715713395005
297			0.7154601157813878
298			0.6789748511467145
299			0.8617361134593591
300			1.0492742461377493
301			1.1013881686466458
302			1.1132128639983918
303			1.1875751888990438
304			1.3342313809987587
305			1.5417128594068554
306			1.7959406891464196
307			2.0887209928112913
308			2.4702931035554725
309			3.010863448713263
310			3.638987209051571
311			4.184187789703095
312			4.6642360991120535
313			5.300990649635543
314			6.158978510754552
315			7.039562862613209
316			7.821578363286774
317			8.616318830220699
318			9.519572280251616
319			10.459582376295108
320			11.357941723661234
321			12.293212326815791
322			13.390058593501168
323			14.727489780849224
324			16.348815886208424
325			18.11925789681615
326			19.7852637120869
327			21.282178120366645
328			22.73901416552857
329			24.163009513891158
330			25.369950939824175
331			26.28420950873661
332			27.094886905573777
333			27.93728716042972
334			28.66869259159147
335			29.174027195348362
336			29.73104374352684
337			30.67751409489384
338			31.939526883113665
339			33.26967030379588
340			34.51137539455154
341			35.57200211639218
342			36.465275746799556
343			37.299534665204575
344			38.12516637832921
345			38.9138605859169
346			39.7458498170416
347			40.912740784333174
348			42.55145424593544
349			44.3179800241338
350			45.90848066865483
351			47.50375900048602
352			49.30946093044528
353			50.9500581124289
354			51.89856585553387
355			52.221552066155965
356			52.30168639467911
357			52.466281364509555
358			52.993990556519655
359			54.06063053720899
360			55.73136416657906
361			58.02993176710834
362			60.92448280958409
363			64.24689805155802
364			67.54193263678839
365			70.45852254386405
366			73.09611542038385
367			75.5367881363727
368			77.36477861347058
369			78.12055174795641
370			78.05184595296735
371			77.69127822838017
372			77.40332329181291
373			77.4505701535408
374			78.1065547493642
375			79.64262197863849
376			81.921064302132
377			84.31629724892805
378			86.10466109089285
379			86.44827570312847
380			85.05253793710895
381			82.93455591420695
382			81.10949422950108
383			79.9372651391325
384			79.66377597784654
385			80.66421627101172
386			83.22210670434639
387			86.64820056584018
388			89.8645080256444
389			92.31321450175668
390			93.78198939164808
391			94.36504386717522
392			94.42831773350997
393			94.60502650577615
394			95.84015312722242
395			98.99744516984022
396			104.77004601474822
397			113.21279656872939
398			122.9087783038132
399			132.46529497944545
400			141.2909432280021
401			148.96913910933023
402			155.11092734877306
403			159.439051143888
404			162.4114368973691
405			164.7689439181436
406			166.870219710257
407			168.84988039294362
408			170.97994489151003
409			173.63638616709483
410			176.7980865406788
411			179.98849454010286
412			182.8982995508394
413			185.52036790881706
414			187.84635742519734
415			189.80756086761357
416			191.36633705708627
417			192.6047613615842
418			193.64231537861662
419			194.66200604098245
420			195.82011994974184
421			196.99633971434994
422			197.9770303505812
423			198.67438963903632
424			199.05478744715234
425			198.89341146083632
426			197.84654031262644
427			196.08698404889128
428			194.31078981487195
429			193.34491425772782
430			194.1587142835209
431			197.24795332116977
432			202.20966485651846
433			208.39532566002586
434			214.77711526527872
435			220.4673339793769
436			225.2973018886269
437			229.36207417488814
438			233.27565513356242
439			237.73030599483724
440			242.79637425419736
441			248.2588859787414
442			253.77786289378272
443			258.96114487087823
444			263.7781222705526
445			268.49097790667327
446			273.32006805044637
447			278.4250208000217
448			283.6635498984829
449			288.4556943988303
450			292.3494257760669
451			295.21661720539953
452			297.1591416969442
453			298.80073621143003
454			300.69626421263064
455			302.8084002360059
456			304.9889299059869
457			307.24193695811334
458			309.597489409965
459			311.9071879294258
460			313.95531824980316
461			315.66645969559545
462			317.05031261014625
463			318.10976358634963
464			318.8419797995466
465			319.26537822183093
466			319.4253642442021
467			319.55685191790656
468			320.1629638683467
469			321.4883780390677
470			323.24113651938455
471			325.16868043036925
472			327.278921523264
473			329.57073285998837
474			331.8624343401275
475			333.9966980998933
476			336.1318395461741
477			338.46606533389144
478			340.81347727105384
479			342.8216061609724
480			344.07170224179396
481			344.12857513081053
482			342.8411143873392
483			340.2888809783175
484			337.0056198208083
485			333.957253575699
486			331.9600402021529
487			331.60931686593335
488			332.97002245409175
489			335.2390710190835
490			337.75043512131174
491			340.33089083172456
492			342.86024040839516
493			345.1768209627702
494			347.0824398422532
495			348.2616419774512
496			348.4458809210075
497			347.79243836039456
498			346.6053960661843
499			345.1889730682928
500			nan
