Nom de l'instrument : SAM_81D7
Fichier_calib_utilise: /Users/mdlemineahmedou/Documents/Stage/pipeline_LOG/data/calibration/ALL_2023/Cal_SAM_81D7.dat
Date : 2023-10-10
Heure : 10:22:04

l_onde		data
280			nan
281			nan
282			nan
283			nan
284			nan
285			nan
286			nan
287			nan
288			nan
289			nan
290			nan
291			nan
292			nan
293			nan
294			nan
295			nan
296			nan
297			nan
298			nan
299			nan
300			nan
301			nan
302			nan
303			nan
304			nan
305			nan
306			nan
307			nan
308			nan
309			nan
310			nan
311			nan
312			nan
313			nan
314			nan
315			nan
316			nan
317			nan
318			nan
319			0.04085757077725592
320			0.040417196030383816
321			0.041655818534499504
322			0.04401764822944085
323			0.0469468950550458
324			0.04988776895115226
325			0.05228448050226407
326			0.05381695783841629
327			0.05506873234845249
328			0.05683982504576949
329			0.05983024977777417
330			0.06366480810701222
331			0.06731396891049587
332			0.06975508206598416
333			0.07076089744522061
334			0.07124646993040233
335			0.0722152336017452
336			0.07437265157339211
337			0.07735037467008316
338			0.08053824633913284
339			0.08338143317012815
340			0.08588263005790919
341			0.0883673548133568
342			0.09115983354653168
343			0.09435209922842726
344			0.09771680664917694
345			0.10100338793158932
346			0.10401966176494885
347			0.10677513708809042
348			0.10932284241531198
349			0.11173634934490077
350			0.11428778352348068
351			0.11736052888099148
352			0.12132674370341885
353			0.1260395188754195
354			0.1306566727876736
355			0.13428744796774625
356			0.13644217156285293
357			0.13798394128517855
358			0.14006076054166403
359			0.14370276897396467
360			0.14882427852489077
361			0.15472456010986488
362			0.16070705689809067
363			0.1665061186401613
364			0.17242706955059808
365			0.17881449634772936
366			0.18575168704895526
367			0.19244633362937583
368			0.19792293272694994
369			0.20133251231737107
370			0.20302274378138951
371			0.20400033973854403
372			0.20526736649418043
373			0.2073533814011967
374			0.21015928581381405
375			0.21354242366578358
376			0.21725562506245935
377			0.2206979841097083
378			0.22319383024647096
379			0.22416867934247928
380			0.22402198394917247
381			0.2236971419476774
382			0.2241335044529904
383			0.22584328424125732
384			0.2287599720103497
385			0.2327758802399287
386			0.23772998378093704
387			0.24327604460428276
388			0.2490276491437012
389			0.25464024004329605
390			0.2601866793229996
391			0.26597955895509356
392			0.27233981768964055
393			0.2798418239033518
394			0.289414324267307
395			0.3020124481386374
396			0.31821048118616163
397			0.3372056153902201
398			0.3578838886334723
399			0.3791318981954253
400			0.3998421228239224
401			0.41891056007895405
402			0.4352463485937541
403			0.4484326193132035
404			0.45903761082173766
405			0.46770770179263116
406			0.47507675696256213
407			0.48173085626174483
408			0.48824467562125595
409			0.4951513288953795
410			0.5025152557938074
411			0.5101052645004337
412			0.5176864232413093
413			0.5250770410347674
414			0.5321777511619242
415			0.5388962453573806
416			0.5451787213262839
417			0.5511287080872829
418			0.5568899120235437
419			0.5625829907441694
420			0.5680449893270312
421			0.5729222503516804
422			0.5768609070989748
423			0.5797473970745562
424			0.5818657955593556
425			0.5835375036664641
426			0.585135699770827
427			0.5872627165634884
428			0.5905842609090907
429			0.5957474553617988
430			0.6031453987521864
431			0.6129872718616631
432			0.6254745422562424
433			0.6404778480903422
434			0.6572755225226289
435			0.6750843677348232
436			0.6932346485537462
437			0.7116068919919414
438			0.7302482041669297
439			0.7492207440861287
440			0.7688189109249688
441			0.7895198239288422
442			0.8118020306560134
443			0.8357074790686406
444			0.860423389898641
445			0.885037827447597
446			0.9087644596055882
447			0.9314919151590294
448			0.9533345656376794
449			0.9743980551734035
450			0.9946293221287698
451			1.013838478897583
452			1.031832096385114
453			1.0485903968853778
454			1.0644691431064996
455			1.0798731164591555
456			1.0951381470899095
457			1.1101850030291056
458			1.1247798871639532
459			1.1386981042801232
460			1.1519123639609183
461			1.1645832993952414
462			1.1768790334355288
463			1.188975299193236
464			1.2010661910250588
465			1.2133485169834755
466			1.226026047790456
467			1.2393500207234136
468			1.2535914802456216
469			1.2690140870377873
470			1.2856912280616648
471			1.3034948652648322
472			1.3222871890852435
473			1.3418729857046061
474			1.3619010468638972
475			1.381993918006873
476			1.4017317185150024
477			1.4203633079310927
478			1.4369818517163992
479			1.450699444429009
480			1.461260730795042
481			1.4691598987024472
482			1.4749346051313788
483			1.4791749393550786
484			1.482632929779158
485			1.486091771164491
486			1.4903220815721299
487			1.4959806671984501
488			1.5036638376642597
489			1.5139457371135034
490			1.5265072793559908
491			1.5398372316438285
492			1.5523414252045737
493			1.5627442021884292
494			1.5708971747818687
495			1.5769012209881916
496			1.5808572188106977
497			1.5828660462526867
498			1.5830285813174576
499			nan
500			nan
