Nom de l'instrument : SAM_877E
Fichier_calib_utilise: /Users/mdlemineahmedou/Documents/Stage/pipeline_LOG/data/calibration/ALL_2023/Cal_SAM_877E.dat
Date : 2023-10-10
Heure : 11:33:10

l_onde		data
280			2.7773933674134446
281			2.9106615521978974
282			3.045354510449184
283			3.1661394697871557
284			3.2826991800200136
285			3.4258754953200885
286			3.5877458127214754
287			3.7080966992326627
288			3.7655147518969145
289			3.8244544496976536
290			3.936480568116608
291			4.0798266643351555
292			4.222227867490934
293			4.3510803843898325
294			4.46165120075512
295			4.563205555014864
296			4.672887246449759
297			4.822832721152254
298			5.056501029655007
299			5.425801580567321
300			5.991628648284879
301			6.811665982571369
302			7.937538238516309
303			9.42827325601093
304			11.3630289487188
305			13.811465309276603
306			16.79332182207421
307			20.326936675037206
308			24.4992558692224
309			29.408581092378544
310			34.99653726958902
311			41.10938754458523
312			47.537805280034874
313			54.02905620023812
314			60.5040186817425
315			67.11141175069442
316			73.90420069232493
317			80.71817479044415
318			87.36562716500816
319			93.66375294539205
320			99.57351244027127
321			105.72334052966207
322			112.868638726644
323			121.2621971323754
324			130.91227102885577
325			141.59517772715319
326			152.9040512765732
327			163.79943828851327
328			172.63687763133655
329			178.84580927649736
330			183.4669373008218
331			187.1323617574737
332			189.2981002050234
333			189.69365771246916
334			189.48496228582943
335			189.97799088760067
336			191.64648495104487
337			194.64452551229496
338			198.71382277168087
339			203.37480633552926
340			207.88982117099908
341			211.36011713376712
342			213.5521102892645
343			214.94618549602995
344			216.08659815443963
345			217.56285199824478
346			219.8923104346573
347			223.4157160417377
348			228.28882779961322
349			234.1027561768602
350			240.36597113676305
351			246.81470458371015
352			253.1230157061641
353			257.7719159648196
354			258.80445102794664
355			256.6645786853435
356			253.56888853328937
357			251.1759463529275
358			250.49263121154215
359			252.45948111427552
360			257.96102982802364
361			267.1613176355602
362			278.5610821826609
363			290.65068705866577
364			302.70987707290925
365			314.1312510141018
366			323.986733032543
367			331.25557220205695
368			335.0350213278031
369			334.5836582741831
370			330.5650512531727
371			324.67076106121664
372			318.8730420285335
373			315.4018960136128
374			315.85458957028544
375			320.84981321934424
376			329.57528354951137
377			338.25083662223096
378			343.05849961698055
379			341.3485044040353
380			331.80424720794616
381			318.527472938949
382			306.91616277123046
383			299.5025055888657
384			297.4242480761582
385			300.8494172309227
386			309.242279920561
387			320.7403151761584
388			332.2353795014352
389			340.99852197494073
390			344.89879897890677
391			343.4186448912308
392			339.129432269928
393			335.34111206943896
394			336.455426720797
395			346.28126509897896
396			365.2290727708934
397			392.5418693632904
398			425.8242358733857
399			461.88805148450166
400			496.1513069692064
401			523.4213363807917
402			541.7863833102467
403			552.0964461917677
404			556.4945674579458
405			558.5290703791233
406			560.7593145720438
407			563.9605156080671
408			568.5858562991202
409			574.7208845062204
410			582.1716619496838
411			589.947977595603
412			596.9958095321971
413			602.848951700448
414			607.2350517312261
415			609.8945192585453
416			610.6310954806047
417			609.9632382959297
418			608.8793958657193
419			608.0541172544193
420			607.8401568321716
421			608.0432152467158
422			607.7525767119009
423			606.2711968116317
424			603.4046216156353
425			598.7852870061929
426			591.4172786978008
427			581.0576488682709
428			570.9089786850385
429			564.7287803154359
430			564.4512073255619
431			571.1214062962254
432			583.8126564686371
433			600.4673834355616
434			617.6648522981062
435			631.1219680820822
436			639.9077804270751
437			646.5607865617164
438			653.1781552048064
439			660.9880763139023
440			670.573326554918
441			681.3462032697863
442			692.4666870218615
443			702.7735659180129
444			711.468462532478
445			719.5199147847367
446			728.1908597842346
447			737.7026004810449
448			747.7450106452978
449			756.7569109275429
450			762.6403950986778
451			765.2516213302206
452			765.9145275262465
453			765.898235850087
454			766.365385816243
455			767.8592669821861
456			770.0410402788075
457			772.540020709052
458			775.0583105899625
459			777.3920366697373
460			779.5789121204767
461			781.5218736083841
462			782.4033225637371
463			781.425051866279
464			778.9794873237086
465			775.88518463531
466			772.8953992280688
467			770.706366333202
468			769.705498563114
469			770.0476843616453
470			771.5897875584099
471			773.9041948700914
472			776.6075576097821
473			779.3924079365318
474			782.0566573151294
475			784.5824940711104
476			787.0421018615053
477			789.6877552889337
478			792.55846068125
479			794.8146659538112
480			795.3998325340973
481			793.1668216993506
482			787.1467799615419
483			777.9274524724262
484			766.8973137787945
485			756.4999654696444
486			749.7320184420721
487			747.7481839310066
488			750.0965812574995
489			755.4867763300113
490			761.7282356543413
491			767.3372210118573
492			772.0232097822563
493			775.6390195345981
494			778.1206424845308
495			779.3452690814368
496			778.9806672762645
497			776.6554064040992
498			771.9980558000254
499			nan
500			nan
