Nom de l'instrument : SAM_877D
Fichier_calib_utilise: /Users/mdlemineahmedou/Documents/Stage/pipeline_LOG/data/calibration/ALL_2023/Cal_SAM_877d.dat
Date : 2023-10-10
Heure : 12:21:34

l_onde		data
280			0.0029558436907267333
281			0.005640271862180603
282			0.00845608854725725
283			0.008087112405152334
284			0.0049097596051213225
285			0.004831185633855647
286			0.009984267928991264
287			0.013003299857704691
288			0.008789962864399174
289			0.004464870136697306
290			0.007431329801934835
291			0.012658833673404923
292			0.012218176620346443
293			0.0084846748059686
294			0.008481905964894568
295			0.011903692896558626
296			0.013141307367704785
297			0.010692288750823353
298			0.007627195284277988
299			0.006529403869032297
300			0.008840260641793097
301			0.013690660161838513
302			0.01501758385957876
303			0.009243775086533651
304			0.0043211528641258785
305			0.008136533725918701
306			0.014113296855513548
307			0.012351265410476504
308			0.006850748978234118
309			0.007873601575045597
310			0.013637570589918803
311			0.013676674454448923
312			0.0072302355274926665
313			0.00418252044022322
314			0.008142736033333231
315			0.012024994270111064
316			0.01136474008866665
317			0.009925901524197799
318			0.011131269320659954
319			0.013194338168284473
320			0.013502005880441368
321			0.011045126137410015
322			0.0059422666965831825
323			0.0032260170245493793
324			0.00945854411249019
325			0.019515819198378827
326			0.020491803866014287
327			0.012613930514879785
328			0.009538334946742687
329			0.015092758803705376
330			0.017784513053473453
331			0.012175850644277075
332			0.008385154101405471
333			0.013655577214796636
334			0.019798281089546094
335			0.01817099263061453
336			0.012471529517316922
337			0.00930230128048668
338			0.009724275415683568
339			0.0123101497759949
340			0.01510297074260478
341			0.015973115332663178
342			0.015903248121787273
343			0.018580045524048714
344			0.022320826736341212
345			0.018422361807195115
346			0.006428921980034666
347			0.0020819637225327017
348			0.013721278088688588
349			0.02488188397994652
350			0.021153257819211048
351			0.01305065251809931
352			0.014195589915208398
353			0.019302415005808857
354			0.017570961534157586
355			0.012106494072796513
356			0.01283394201109243
357			0.019637113876609876
358			0.024796678162154973
359			0.024508942907708928
360			0.019459382017017572
361			0.012765913500185994
362			0.010900154617846197
363			0.016062031961972305
364			0.02051209513809289
365			0.018798162660049064
366			0.016879391814222763
367			0.020562117566621595
368			0.024385251762703657
369			0.021211967238702664
370			0.015144326976368114
371			0.014262830505620903
372			0.01810972335302008
373			0.021293766818789986
374			0.022777730274081254
375			0.025198578450039165
376			0.028249139630318734
377			0.028023337973517335
378			0.023797794556715015
379			0.020502897293707897
380			0.02153430682947119
381			0.025385558757563008
382			0.02976084055122668
383			0.03208981087741651
384			0.030614466313409156
385			0.027924532861759128
386			0.02758150313907742
387			0.030329378310989766
388			0.03555885530917361
389			0.041609236955334604
390			0.046202434960266374
391			0.04780797142950266
392			0.04563487222290993
393			0.041443290809015924
394			0.040022667251260025
395			0.043681259468560434
396			0.050242318284600615
397			0.05743763812982442
398			0.06380143437994047
399			0.06834873768678736
400			0.0713278596443428
401			0.07358392561001284
402			0.07760452586794479
403			0.08569395447960011
404			0.09528968062884667
405			0.10206464768976983
406			0.10538169324816014
407			0.10683061699067035
408			0.1078031430260159
409			0.10950362531021632
410			0.11325435365493759
411			0.12049013079997693
412			0.13083637286009916
413			0.14107029580192307
414			0.14919299271133923
415			0.1564184285187339
416			0.16432206464874016
417			0.17429019424167255
418			0.1868606556626003
419			0.19901825025050876
420			0.2078948144722518
421			0.21763839817824798
422			0.2340490737865186
423			0.25316500914701323
424			0.26648947857586436
425			0.2756022650317862
426			0.2892096652899913
427			0.3083427434920333
428			0.3263085465530068
429			0.34206148554081645
430			0.36266131188901524
431			0.3918091428803736
432			0.42589554107435545
433			0.4617332573094806
434			0.4992547392913235
435			0.5388356094448418
436			0.5806725710725358
437			0.6249260877602633
438			0.6717766264546389
439			0.7216969744063644
440			0.7772291108906291
441			0.841332223878146
442			0.9117481379147875
443			0.9834267363814302
444			1.0569473664408628
445			1.1373333854947283
446			1.225250220280948
447			1.3165055086727413
448			1.409001507173657
449			1.5040648799374323
450			1.6015302032020988
451			1.6977271356319312
452			1.790531482076074
453			1.8831525551425985
454			1.979004976161195
455			2.078885039640965
456			2.1826379414721226
457			2.288353290504726
458			2.394104864697241
459			2.502132324938845
460			2.6158439327807304
461			2.731045179502191
462			2.8396016836500064
463			2.9445813610998326
464			3.0578063768147032
465			3.1805180666479402
466			3.3024334237785986
467			3.422401844605817
468			3.553172156488394
469			3.7016344898538747
470			3.8613499473298147
471			4.026641262068362
472			4.197737123342363
473			4.37553079367822
474			4.559913095347856
475			4.750095667193137
476			4.943054796438107
477			5.135873784720889
478			5.331001091136567
479			5.5314182111872885
480			5.723809948393817
481			5.887078754726068
482			6.01841149317455
483			6.128526013352498
484			6.22742772317121
485			6.324222979389436
486			6.4317996693431825
487			6.567762946613026
488			6.73765668050053
489			6.9262071940596295
490			7.118895032534807
491			7.307356363147345
492			7.486131235691048
493			7.655974735397909
494			7.816778036139462
495			7.960177083611049
496			8.077806271521366
497			8.172952667020711
498			8.252920482519002
499			8.325017686491632
500			nan
