Nom de l'instrument : SAM_81D7
Fichier_calib_utilise: /Users/mdlemineahmedou/Documents/Stage/pipeline_LOG/data/calibration/ALL_2023/Cal_SAM_81D7.dat
Date : 2023-10-10
Heure : 10:16:35

l_onde		data
280			nan
281			nan
282			nan
283			nan
284			nan
285			nan
286			nan
287			nan
288			nan
289			nan
290			nan
291			nan
292			nan
293			nan
294			nan
295			nan
296			nan
297			nan
298			nan
299			nan
300			nan
301			nan
302			nan
303			nan
304			nan
305			nan
306			nan
307			nan
308			nan
309			nan
310			nan
311			nan
312			nan
313			nan
314			nan
315			nan
316			nan
317			nan
318			nan
319			0.03508011983327065
320			0.03613425818260393
321			0.0384033572619244
322			0.04149762272470965
323			0.04502726022443732
324			0.04860247541458502
325			0.05183347423037685
326			0.05443348122713682
327			0.056510634120473295
328			0.058267685824609415
329			0.059884904626832415
330			0.061300818666484284
331			0.06230684236179976
332			0.06270062138978831
333			0.0626893685106125
334			0.0630684917757863
335			0.06467889894153393
336			0.06798550271738525
337			0.0720982243946918
338			0.07582186031466509
339			0.07810521892824088
340			0.07934841503253143
341			0.08079190631365886
342			0.08366165796055575
343			0.08808546894920845
344			0.09268062709760018
345			0.09595462444294064
346			0.09705087308893504
347			0.0973095040876221
348			0.09854464401762812
349			0.10234652867272587
350			0.10814143337507591
351			0.11414307430109409
352			0.11858213180469364
353			0.12095343445506931
354			0.12244509281166394
355			0.12436361126741544
356			0.12761795966756856
357			0.13177631090747036
358			0.1361244539391522
359			0.1400395041793287
360			0.1437631735446162
361			0.14801373706269685
362			0.15349847505939226
363			0.16027516542833906
364			0.1675409603056349
365			0.17443378791413064
366			0.180235013534881
367			0.18470665130037509
368			0.1877112784157192
369			0.18919671383412628
370			0.18991693233971998
371			0.1910698922251731
372			0.19383131903299772
373			0.19827456810797706
374			0.20300633128730491
375			0.20653179414014583
376			0.207880154732055
377			0.20785417628257508
378			0.2076314778591182
379			0.20827152350452233
380			0.20969651496606964
381			0.21119349102211743
382			0.2120618083357536
383			0.21242463641074427
384			0.2135213140007271
385			0.2166705353954905
386			0.22259716374251615
387			0.2299640062118393
388			0.23698657815146892
389			0.24207468196999282
390			0.24557568639758806
391			0.2489497323758923
392			0.2536605454023238
393			0.2607257767509681
394			0.27053931864880604
395			0.2834485933281636
396			0.29953296388067036
397			0.3179025176501369
398			0.33744833428086823
399			0.3570897823572796
400			0.37604365885676583
401			0.3937047086062525
402			0.40947348563067465
403			0.42292613591994704
404			0.43389545080422964
405			0.44223458014702105
406			0.44809626052576884
407			0.4527772085144759
408			0.4578471552258766
409			0.46472360306419946
410			0.4731074496523991
411			0.48161678807527725
412			0.48886805386665483
413			0.49439045102455825
414			0.49912456357512575
415			0.5041319867742367
416			0.5101577622493533
417			0.5166535270611855
418			0.5227406242838828
419			0.5276140705036445
420			0.531375427318066
421			0.5347358217687028
422			0.5384106884089361
423			0.5426095242310128
424			0.546704637923796
425			0.549989752206602
426			0.5520361392245795
427			0.5536434413878031
428			0.555951015198313
429			0.5600671243402482
430			0.5666749228679967
431			0.5761497773085501
432			0.5888533895496559
433			0.6045244439464993
434			0.6217861968298999
435			0.639146029472145
436			0.6554756581472384
437			0.6714137222799939
438			0.6881337562683199
439			0.7067401241345538
440			0.7272656185980123
441			0.7488999500415982
442			0.7708134420146179
443			0.7925970516223719
444			0.8146652066226053
445			0.837527865145202
446			0.8614732834797628
447			0.8855983501004737
448			0.908601496859153
449			0.9292467192476923
450			0.9474738139386703
451			0.9642362782176599
452			0.9805188761722687
453			0.9969487686748448
454			1.0133797599288514
455			1.0295647091020304
456			1.0452740011716457
457			1.0603835202625587
458			1.0748084373682956
459			1.0884743420391927
460			1.101525087542593
461			1.1143123078338661
462			1.1271952909509977
463			1.1403466486868172
464			1.153488599712286
465			1.1662767969562702
466			1.1784971976054381
467			1.1908240811033073
468			1.204302412397773
469			1.2199415688580146
470			1.2378104563169883
471			1.256982391234819
472			1.2764833511525766
473			1.2956725018700475
474			1.3148144388446104
475			1.3343260974234168
476			1.3544673471022386
477			1.374271697781259
478			1.3921962631043037
479			1.4067298804060269
480			1.4174798592365767
481			1.425378847819909
482			1.4314362480020928
483			1.4365423056084052
484			1.4412192485597404
485			1.4459184770741205
486			1.4511066757732898
487			1.4573888442990572
488			1.4654435034949698
489			1.4759289954735244
490			1.4886413356606383
491			1.5022256383632946
492			1.5152469479717794
493			1.5265236202533417
494			1.5357705275616151
495			1.5429007830727637
496			1.5478274999629513
497			1.5504637914083417
498			1.5507227705850983
499			nan
500			nan
