Nom de l'instrument : SAM_80E0
Fichier_calib_utilise: /Users/mdlemineahmedou/Documents/Stage/pipeline_LOG/data/calibration/ALL_2023/Cal_SAM_80E0.dat
Date : 2023-10-10
Heure : 10:35:39
Comment : LIDAR_20231010

l_onde		data
280			nan
281			nan
282			nan
283			nan
284			nan
285			nan
286			nan
287			nan
288			nan
289			nan
290			nan
291			nan
292			nan
293			nan
294			nan
295			nan
296			nan
297			nan
298			nan
299			nan
300			nan
301			nan
302			nan
303			nan
304			nan
305			nan
306			nan
307			nan
308			nan
309			nan
310			nan
311			nan
312			nan
313			nan
314			nan
315			nan
316			nan
317			70.5113829434444
318			74.93767142926586
319			80.37108395622933
320			86.65685877025493
321			93.64023411726278
322			101.16644824317295
323			109.08073939390557
324			117.22835616931636
325			125.45480694024606
326			133.60587246590057
327			141.52712001408474
328			148.97385476882368
329			155.47369267610463
330			160.51890415850988
331			163.74017933180411
332			165.69598346935854
333			167.32606804305829
334			169.54098001535462
335			172.5661175244954
336			175.94913939744978
337			179.2093367343434
338			182.0186295062035
339			184.41233422018388
340			186.47868746102733
341			188.3167678865544
342			190.0942705175922
343			192.0056540155623
344			194.2414270598764
345			196.9081631966885
346			200.0328761992886
347			203.63889572120638
348			207.619245453305
349			211.56907529450078
350			215.04209991683075
351			217.65963908963911
352			219.45452962785492
353			220.61445003948893
354			221.32754409300918
355			221.78564403604636
356			222.18398240828742
357			222.718534571403
358			223.7155061764643
359			225.79151548274734
360			229.60245249477614
361			235.64403538657405
362			243.45798128141104
363			252.23424790192516
364			261.16202792312794
365			269.4264096396215
366			276.20874930243986
367			280.6926645739161
368			282.5467390801791
369			282.5103767704171
370			281.4661501248879
371			280.24577232652626
372			279.37974600986524
373			279.2880991542363
374			280.3548933724182
375			282.2668103159129
376			284.0767015535024
377			284.81606125875277
378			283.8655750677777
379			281.3801074210918
380			277.61851693451223
381			272.95293527446364
382			268.4327054476567
383			265.35775180002935
384			264.96858418264975
385			267.31645737581596
386			271.35863174924975
387			276.0125920599561
388			280.407558737824
389			284.15034546071155
390			286.9131983794138
391			288.58683612463585
392			290.39941653057036
393			294.08499897371024
394			301.3282043683706
395			312.7704152096118
396			328.0702547113614
397			346.84649005304925
398			368.31266946910904
399			390.74081855640753
400			412.26955899790164
401			431.1980568776234
402			446.84546418844667
403			458.9301939337252
404			467.2115573665489
405			472.3280288792909
406			475.7755099347464
407			479.08386539269634
408			483.2567648865326
409			488.0236181991716
410			492.92472947232346
411			497.53553057632905
412			501.6660454143834
413			505.22239142104024
414			508.1110141737561
415			510.23927121700825
416			511.5154502818528
417			511.84819502293755
418			511.2803295602213
419			510.1971200875077
420			509.0376732806098
421			508.12749868653
422			506.98490272115
423			504.77868319155533
424			500.71326082810594
425			494.9696639508591
426			488.78049982119586
427			483.43004350268365
428			479.9597651817923
429			478.751209127364
430			480.07486620392507
431			484.11865317417534
432			490.43880678800264
433			498.299844337297
434			506.9694707389925
435			515.8573155012544
436			524.5357359497863
437			532.5862195746525
438			539.8039744022274
439			546.6089716850088
440			553.5347388759681
441			561.0557089843237
442			569.1540717506278
443			577.5676349786501
444			586.0327678555076
445			594.2970794056987
446			602.122011176335
447			609.2698756752848
448			615.5562603034591
449			620.9658107333189
450			625.516629476944
451			629.2348451221526
452			632.2202038851266
453			634.6120128232783
454			636.5503128844646
455			638.1896857478165
456			639.7040614900494
457			641.2687037942432
458			642.984643682458
459			644.6950171980787
460			646.1869915804131
461			647.256470275276
462			647.7885867470596
463			647.72068212142
464			646.9944911301579
465			645.7397074495942
466			644.3582742875496
467			643.273456925305
468			642.8158944160076
469			642.9612571084729
470			643.6001956779319
471			644.6288545847784
472			646.0065780747673
473			647.7331706674505
474			649.8072822341094
475			652.1115074515408
476			654.3443169587201
477			656.1878368137573
478			657.3265801547628
479			657.4552144183763
480			656.2711066028321
481			653.5101768395396
482			649.413798884116
483			644.5788772973276
484			639.6095096630826
485			635.0922038991905
486			631.5827263663432
487			629.6337461421008
488			629.6406719826533
489			631.2523914834148
490			633.8965054735035
491			637.0074153457934
492			640.1229310571146
493			642.8610502728673
494			644.8418673574763
495			645.685476675366
496			645.0119725909607
497			642.4414494686852
498			nan
499			nan
500			nan
