Nom de l'instrument : SAM_80E0
Fichier_calib_utilise: /Users/mdlemineahmedou/Documents/Stage/pipeline_LOG/data/calibration/ALL_2023/Cal_SAM_80E0.dat
Date : 2023-10-10
Heure : 10:17:35
Comment : LIDAR_20231010

l_onde		data
280			nan
281			nan
282			nan
283			nan
284			nan
285			nan
286			nan
287			nan
288			nan
289			nan
290			nan
291			nan
292			nan
293			nan
294			nan
295			nan
296			nan
297			nan
298			nan
299			nan
300			nan
301			nan
302			nan
303			nan
304			nan
305			nan
306			nan
307			nan
308			nan
309			nan
310			nan
311			nan
312			nan
313			nan
314			nan
315			nan
316			nan
317			61.04574167984901
318			64.92816690252681
319			69.68733593627806
320			75.19475256796265
321			81.32192058444036
322			87.94034377257104
323			94.92152591921455
324			102.13621394036389
325			109.43616553885424
326			116.65322687610359
327			123.61815804213192
328			130.104060004083
329			135.73858659112346
330			140.12681302807363
331			142.9859889049621
332			144.7852264042547
333			146.3026294154324
334			148.29196911169876
335			150.93676387342538
336			153.85644626281416
337			156.64683908679808
338			159.031044426538
339			161.0352056364602
340			162.7295968375217
341			164.1975804233243
342			165.60535070166847
343			167.1514103611002
344			169.02922155001733
345			171.3252253415006
346			174.02442051488012
347			177.1074069232327
348			180.45947717876305
349			183.74805566525708
350			186.61026057737493
351			188.73848207510744
352			190.16155471069604
353			191.03490711038916
354			191.51483252435253
355			191.77030182640883
356			191.98197298989058
357			192.3314235573478
358			193.10232841193883
359			194.80603877166982
360			197.98469393594738
361			203.04706270463706
362			209.60754450376425
363			216.9876387729217
364			224.50767402308108
365			231.47415267330928
366			237.18100531155363
367			240.92376432889682
368			242.41458601754468
369			242.28554553762282
370			241.29171107636657
371			240.14242464383446
372			239.2762182383752
373			239.0322991739013
374			239.7210508139051
375			241.0942855408879
376			242.39614544175154
377			242.8536021912303
378			241.96011472429453
379			239.79996051143198
380			236.5367807127654
381			232.4403236787547
382			228.41470747266186
383			225.59877926333652
384			225.08004272264054
385			226.91771332491484
386			230.2250853807411
387			234.08101336522807
388			237.7367542669619
389			240.83243802752762
390			243.06147197273037
391			244.30999732198939
392			245.64402868319908
393			248.57588115058044
394			254.57368190749392
395			264.17334357313666
396			277.0326070103455
397			292.7737763815581
398			310.7027019164286
399			329.3899559284585
400			347.3019295379283
401			363.0368441461583
402			376.03047779374674
403			386.0464598251516
404			392.8823333632151
405			397.0648290366286
406			399.8318368471187
407			402.4494325196659
408			405.75237262438174
409			409.53091037173584
410			413.42029018219864
411			417.0827848185536
412			420.36116928540645
413			423.1721558716932
414			425.43271249687655
415			427.0605838099628
416			427.9743067072437
417			428.0927191225612
418			427.4480419388942
419			426.36186075524915
420			425.2012565608822
421			424.2398299639447
422			423.08692485134964
423			421.06427046436124
424			417.5225822357583
425			412.60757703493965
426			407.3210031382799
427			402.7066837460386
428			399.62049117665657
429			398.4074609827062
430			399.32666427683785
431			402.5619075303679
432			407.72123352418043
433			414.1467885911146
434			421.18480796747673
435			428.34618661278216
436			435.3306149388491
437			441.84829134011926
438			447.76039424282146
439			453.3694577490064
440			459.0582362289926
441			465.1680002357865
442			471.6944695644265
443			478.46180988445246
444			485.2924041478687
445			491.98983660181796
446			498.3345565048057
447			504.10561017505876
448			509.13651160759065
449			513.4336181532065
450			517.0374930751512
451			519.9918630600233
452			522.3694706836723
453			524.2586511593819
454			525.7484814828603
455			526.9523487226523
456			528.0159877670741
457			529.0873691345164
458			530.2565719132152
459			531.4125520073472
460			532.4006172278163
461			533.0720028550489
462			533.3384862611922
463			533.1472674381248
464			532.4488133936212
465			531.3355100549165
466			530.1053061088835
467			529.0722495489342
468			528.4862404637751
469			528.3513468589355
470			528.6127567225988
471			529.2174347018824
472			530.1327838957143
473			531.3392920258805
474			532.816520123207
475			534.4711199267009
476			536.0940710310568
477			537.4660848838068
478			538.3542118486112
479			538.4673899829675
480			537.4991079512477
481			535.1782235678102
482			531.6973063374589
483			527.575095729492
484			523.3367875426072
485			519.4793200863211
486			516.4502458993891
487			514.6921417896981
488			514.5223924567019
489			515.664090554075
490			517.6641663278384
491			520.074105188362
492			522.5147240586855
493			524.6606026733613
494			526.1877265239641
495			526.7720811020688
496			526.0896518992502
497			523.8164244070831
498			nan
499			nan
500			nan
