Nom de l'instrument : SAM_877E
Fichier_calib_utilise: /Users/mdlemineahmedou/Documents/Stage/pipeline_LOG/data/calibration/ALL_2023/Cal_SAM_877E.dat
Date : 2023-10-10
Heure : 11:34:02

l_onde		data
280			2.635518771450664
281			2.758936175420209
282			2.902499447754785
283			3.0514265318508227
284			3.1900220899028713
285			3.302337715898666
286			3.395161982551341
287			3.5053615121746007
288			3.642116672122417
289			3.754355471558082
290			3.8134369505766093
291			3.8843898289442977
292			4.031106539325871
293			4.219406062994218
294			4.388845836583685
295			4.5149537287678685
296			4.59501916074107
297			4.686047144776897
298			4.887606553259158
299			5.261618854021861
300			5.827674720488114
301			6.626223246514878
302			7.735810144777163
303			9.226647241908285
304			11.138878467638921
305			13.513771028750835
306			16.41550576080332
307			19.913105834584993
308			24.070449553071054
309			28.939056058194872
310			34.46347582962332
311			40.52003363894657
312			46.889043706397395
313			53.27242227132829
314			59.58029357379182
315			65.99736905839981
316			72.61474129519402
317			79.30433321811356
318			85.89223433096953
319			92.14332677475635
320			97.96647264519908
321			103.99649997268484
322			111.00824818334468
323			119.24411950153092
324			128.69170484003195
325			139.1451443758609
326			150.23941183723522
327			160.93284371474397
328			169.53557107056136
329			175.48641659709892
330			179.91834268301955
331			183.51346277261516
332			185.67081538823527
333			186.05570916795475
334			185.79313186742155
335			186.16762703830847
336			187.70764859191303
337			190.63411377113843
338			194.65231815309573
339			199.2009051118844
340			203.5344744878851
341			206.80067759672892
342			208.81243017171914
343			210.09451329066235
344			211.18041839766806
345			212.5630771511387
346			214.7157770159478
347			218.07436777163923
348			222.8642212829663
349			228.58657473850357
350			234.65064338019084
351			240.83369204323003
352			246.89629664420227
353			251.38891535939933
354			252.4077375923529
355			250.34111611194885
356			247.2727528363331
357			244.82821387040806
358			244.0904988124224
359			246.0064584363488
360			251.34850442525428
361			260.22020808455096
362			271.20611403363546
363			282.8859946111248
364			294.57700455815063
365			305.68689562271686
366			315.2445315064523
367			322.1853027913574
368			325.71761532960284
369			325.2698957602308
370			321.425528939802
371			315.6224795407532
372			309.7781093367519
373			306.2766685311423
374			306.735090819927
375			311.574833170632
376			319.908401462791
377			328.1880795899241
378			332.80964089258714
379			331.14190229422354
380			321.8339688437049
381			308.8889374131589
382			297.5894475132158
383			290.3765329825726
384			288.3144533427218
385			291.57762265626184
386			299.689427802051
387			310.8376632453592
388			321.9552987041268
389			330.3595791612405
390			333.9732213241424
391			332.33587755938214
392			328.0819733296573
393			324.4758268451149
394			325.5580635547276
395			334.8346880201433
396			352.9079223599707
397			379.2976479571793
398			411.5723423956385
399			446.41488289683855
400			479.43902440931515
401			505.8157649703707
402			523.653953536777
403			533.5443989703379
404			537.5488822154595
405			539.3514204152598
406			541.5332808922568
407			544.6813086908091
408			549.0995693789358
409			554.8667969092036
410			561.8382608146173
411			569.1968919795211
412			576.0306448936356
413			581.7080146271627
414			585.7354763332245
415			587.9858693800078
416			588.540090156019
417			587.9002346953082
418			586.8443109936874
419			585.957765779462
420			585.6239820916439
421			585.6854058915943
422			585.2698390489719
423			583.7187035102071
424			580.8756626782373
425			576.4017799417142
426			569.3038880480059
427			559.3094665066591
428			549.4795640891343
429			543.4187127626402
430			543.006275677845
431			549.2790288672674
432			561.3951073609547
433			577.4262198672918
434			594.0180577491295
435			606.9076331756538
436			615.1945686590233
437			621.4585525995267
438			627.7738073656262
439			635.2529567525092
440			644.4160880751706
441			654.7343902960193
442			665.4119706560241
443			675.2465571299541
444			683.4100409133482
445			690.9531637287286
446			699.2265142851559
447			708.391939633687
448			718.0363218847764
449			726.608379229034
450			732.0824583131914
451			734.4098834496189
452			735.0189429482136
453			735.0971373294317
454			735.536176982012
455			736.8016778535142
456			738.7663667051072
457			741.1672843829767
458			743.5618215401289
459			745.6505690068849
460			747.5999265209895
461			749.4336279820324
462			750.262655804213
463			749.1954090875435
464			746.6889197482119
465			743.663705268876
466			740.8000579979505
467			738.6429224054901
468			737.579683902374
469			737.8680362328596
470			739.3572554151261
471			741.5052611368675
472			743.9306453637042
473			746.4882829842239
474			749.0503165569235
475			751.4906660745672
476			753.7915170696117
477			756.2122718093576
478			758.8317571955461
479			760.9132681612276
480			761.4949079119552
481			759.4072947725482
482			753.6248281876574
483			744.7032437160644
484			734.0081010588963
485			723.9362261094699
486			717.4214800881027
487			715.5380394800862
488			717.7433516124887
489			722.8032584287854
490			728.7518566971572
491			734.192515701226
492			738.690803736955
493			742.029577878349
494			744.2785453723478
495			745.4243972691643
496			745.0917418972479
497			742.8374148212466
498			738.2182516058083
499			nan
500			nan
