Nom de l'instrument : SAM_81D7
Fichier_calib_utilise: /Users/mdlemineahmedou/Documents/Stage/pipeline_LOG/data/calibration/ALL_2023/Cal_SAM_81D7.dat
Date : 2023-10-10
Heure : 10:34:51

l_onde		data
280			nan
281			nan
282			nan
283			nan
284			nan
285			nan
286			nan
287			nan
288			nan
289			nan
290			nan
291			nan
292			nan
293			nan
294			nan
295			nan
296			nan
297			nan
298			nan
299			nan
300			nan
301			nan
302			nan
303			nan
304			nan
305			nan
306			nan
307			nan
308			nan
309			nan
310			nan
311			nan
312			nan
313			nan
314			nan
315			nan
316			nan
317			nan
318			nan
319			0.040223556967727
320			0.039306231686028065
321			0.04026215580071241
322			0.0424624423071239
323			0.04527820420060646
324			0.04808055447650397
325			0.05024060670439236
326			0.05133943832662539
327			0.051763005519749744
328			0.05209010118735753
329			0.05285824064880161
330			0.054161149368736054
331			0.055822479439769264
332			0.05766296442375196
333			0.05954797389395978
334			0.061406980943762644
335			0.06317442097030873
336			0.06483800580457888
337			0.0665774421223502
338			0.06861567112964088
339			0.07113858919497476
340			0.07395876708355151
341			0.07667261064344959
342			0.07888276817640773
343			0.08058591948076627
344			0.08232072876961556
345			0.0846652583264341
346			0.08799290934671164
347			0.091970102835096
348			0.09611071162975275
349			0.09996281923110968
350			0.10340516375269922
351			0.10650176315972493
352			0.10932046436575457
353			0.11200362735069565
354			0.11479341972124041
355			0.11793897329827442
356			0.12157500533217275
357			0.12545033778935447
358			0.12923251960530074
359			0.13265436071773648
360			0.1360665033030001
361			0.14016013689539852
362			0.1456131004704855
363			0.15241571140753646
364			0.15964728388506746
365			0.16632446284947594
366			0.1717380324247043
367			0.1760974004325732
368			0.17980417243211178
369			0.1832289877401538
370			0.1864496289775865
371			0.18938259041584524
372			0.1919487183203554
373			0.19431644935508768
374			0.19698363021625348
375			0.20047087581974937
376			0.20497934366443105
377			0.20962896027289166
378			0.21331112616548586
379			0.21506540237653193
380			0.21535742019701323
381			0.21544927363514005
382			0.2165989006612386
383			0.21951455837632672
384			0.22415975112537181
385			0.2304449854667164
386			0.23814825367272152
387			0.24658739721523096
388			0.254980443743272
389			0.26263198799973747
390			0.2697099322742589
391			0.2768779887997204
392			0.28480913662145485
393			0.29433151998452467
394			0.30649025531499896
395			0.3223466048280971
396			0.34251750736081876
397			0.3660132716849515
398			0.3914811887671537
399			0.4175775991355009
400			0.44305398991949735
401			0.46671877332208994
402			0.48739472942847273
403			0.5046047346232778
404			0.5188949265377155
405			0.5308926094760043
406			0.5412650766890995
407			0.5508323203061818
408			0.5604507745392725
409			0.5709088452306051
410			0.5822278173160671
411			0.5939450891621006
412			0.6055933048530439
413			0.6168737555808868
414			0.6277485053062578
415			0.6382019765557199
416			0.6482134122566325
417			0.657740892043118
418			0.6667370911238995
419			0.675162509751034
420			0.683073934405446
421			0.6905928949146222
422			0.6978395975697816
423			0.7047521768702416
424			0.7109674882914514
425			0.7160941065695104
426			0.7200431291331907
427			0.724064549642195
428			0.7297786425504743
429			0.7387221167757498
430			0.7512894069875834
431			0.7670479193860662
432			0.7855474032404125
433			0.8064113170869922
434			0.8293950858643107
435			0.8542678437007426
436			0.8807498592271804
437			0.9083244170395702
438			0.9364030603177481
439			0.9644500271205761
440			0.9927447583809978
441			1.022208073857419
442			1.0537731192804018
443			1.087751288607249
444			1.1232367777589054
445			1.159182576189474
446			1.1946359421877826
447			1.2291507101520114
448			1.2624501404148785
449			1.2942678355211077
450			1.3245199258561196
451			1.3532799056411995
452			1.3806266928564899
453			1.406688977497854
454			1.4317030870728973
455			1.4559193988451844
456			1.4795596583131971
457			1.5026732579205453
458			1.5252454074896
459			1.5472613104467698
460			1.5687083202874588
461			1.5895758373099989
462			1.6098536299357968
463			1.6296207113479622
464			1.6491714152531123
465			1.668831898602359
466			1.6889459380137106
467			1.7099774285305156
468			1.7324403890771132
469			1.7568351463793042
470			1.7833080516856914
471			1.8116307354694283
472			1.8415566238964614
473			1.8727156955202922
474			1.9044024635034795
475			1.935854998456421
476			1.9662979973390744
477			1.994851736548945
478			2.0205874142021742
479			2.0425969638649417
480			2.0606427568292687
481			2.075281602580751
482			2.087116391619257
483			2.0968217862697935
484			2.1052941188704066
485			2.1134723837536593
486			2.122312715763976
487			2.132926361471792
488			2.146507016920452
489			2.164211876228039
490			2.1856575665257796
491			2.2084046029208197
492			2.2298704593952565
493			2.2480187990850617
494			2.2627463512270043
495			2.274377291264251
496			2.2832357946399724
497			2.289646036797337
498			2.293932193179513
499			nan
500			nan
