Nom de l'instrument : SAM_81D7
Fichier_calib_utilise: /Users/mdlemineahmedou/Documents/Stage/pipeline_LOG/data/calibration/ALL_2023/Cal_SAM_81D7.dat
Date : 2023-10-10
Heure : 10:15:38

l_onde		data
280			nan
281			nan
282			nan
283			nan
284			nan
285			nan
286			nan
287			nan
288			nan
289			nan
290			nan
291			nan
292			nan
293			nan
294			nan
295			nan
296			nan
297			nan
298			nan
299			nan
300			nan
301			nan
302			nan
303			nan
304			nan
305			nan
306			nan
307			nan
308			nan
309			nan
310			nan
311			nan
312			nan
313			nan
314			nan
315			nan
316			nan
317			nan
318			nan
319			0.0743482084376788
320			0.07570985938079859
321			0.07921769453844932
322			0.08434265719794468
323			0.09055569064659846
324			0.09732773817172442
325			0.1041297432680901
326			0.11050850345882902
327			0.11630159626425614
328			0.12141626567811245
329			0.12578486527832317
330			0.1296097106311905
331			0.13325740574664233
332			0.13709029201537143
333			0.1411461353413975
334			0.14499656609001624
335			0.14817715612444154
336			0.15050307530253204
337			0.1527970942115013
338			0.15610888090682787
339			0.16132733564320567
340			0.16772119402399113
341			0.1736210755564015
342			0.1773785002715628
343			0.17878039130656095
344			0.17958804724568217
345			0.18170629828549176
346			0.18639053899154262
347			0.19265275688574846
348			0.19902086987164624
349			0.2041731293028874
350			0.2082407969543492
351			0.21216931817691825
352			0.216893792939712
353			0.22254407583854519
354			0.22817142366569912
355			0.23275170441321888
356			0.23568235524643902
357			0.23778267380797186
358			0.24017141439451062
359			0.24390206038754444
360			0.2494101690829914
361			0.2567906986906267
362			0.26612148810932384
363			0.2769289402206452
364			0.2880087754381355
365			0.29810646532825613
366			0.30627799429584057
367			0.3126198563670722
368			0.31744624471439936
369			0.321066710778914
370			0.3237469078076685
371			0.3257283124884677
372			0.3272566724572367
373			0.32876337048207743
374			0.3309267701317796
375			0.3344422679592731
376			0.33951021847338053
377			0.34465546400480973
378			0.3480487152434137
379			0.3480983339829682
380			0.34550011448964624
381			0.34222738604160446
382			0.3402471906914847
383			0.3406611063114259
384			0.3433981088700242
385			0.3483037336212906
386			0.3550529041294879
387			0.362728101377812
388			0.37028329639413704
389			0.37678971992637267
390			0.382487998583077
391			0.3882903598379907
392			0.39511840718734964
393			0.4039573491607332
394			0.41588133512517406
395			0.43197112380315245
396			0.4528627028544608
397			0.4775838110902399
398			0.5047988037526434
399			0.5331445507582196
400			0.5609689427901677
401			0.5864469777132891
402			0.6077726792680003
403			0.6242393514132176
404			0.6367470068529587
405			0.6463231046352256
406			0.6539755562548815
407			0.6606376303447014
408			0.6672247817761858
409			0.6745822155402177
410			0.6827629648873093
411			0.6913203748666898
412			0.699802077436358
413			0.7078819579332344
414			0.7154291226122227
415			0.7223294159014242
416			0.7285058656330934
417			0.7340334270869125
418			0.7390258529332405
419			0.7435850199859602
420			0.747666673924555
421			0.7511283011157368
422			0.753826443212573
423			0.7556811567925226
424			0.7567175982632937
425			0.7569707896411151
426			0.7566454578955568
427			0.75669740529699
428			0.7582901490622446
429			0.7625365972099803
430			0.769857878201927
431			0.7801742588292473
432			0.7933929336259683
433			0.8092475939986702
434			0.827161297638902
435			0.8465248323838374
436			0.8667797772753546
437			0.8876140345332457
438			0.9087900750021815
439			0.9300992447848724
440			0.9517792128052907
441			0.9744188023024613
442			0.9986124164035368
443			1.0244684987334163
444			1.0511441342279952
445			1.0776860412310771
446			1.103274921921811
447			1.127811472634612
448			1.1514371939589036
449			1.1742783339977936
450			1.1961857278540493
451			1.216772767147769
452			1.2356465330924566
453			1.2526850488684445
454			1.2683522797505038
455			1.2831886731180207
456			1.2976766106651794
457			1.3119489392880648
458			1.326008342483148
459			1.3398536350876593
460			1.3534066999145704
461			1.3665161827352066
462			1.3790282545608903
463			1.3909243029055067
464			1.4025119516643547
465			1.4141470407595185
466			1.4261778880813571
467			1.4389015316287679
468			1.4525936109584883
469			1.4675228075572517
470			1.4837819072502327
471			1.5012774915548426
472			1.5199070697389256
473			1.539489915660675
474			1.5596327006680828
475			1.5799063254198362
476			1.5998355695346673
477			1.618585102655704
478			1.63515034060969
479			1.648546794933636
480			1.6584622452978581
481			1.665381078515786
482			1.6698338969858268
483			1.6724404240337
484			1.6740956363604
485			1.6757474851663836
486			1.6783273948885635
487			1.6826172323054365
488			1.6893193669813027
489			1.6991097112105178
490			1.7116007807546616
491			1.7249858331307428
492			1.737359390949902
493			1.7472112098947745
494			1.7544298497930417
495			1.759213178842676
496			1.761759065241649
497			1.7622653771879322
498			1.7609299828794973
499			nan
500			nan
