Nom de l'instrument : SAM_80E0
Fichier_calib_utilise: /Users/mdlemineahmedou/Documents/Stage/pipeline_LOG/data/calibration/ALL_2023/Cal_SAM_80E0.dat
Date : 2023-10-10
Heure : 10:35:59
Comment : LIDAR_20231010

l_onde		data
280			nan
281			nan
282			nan
283			nan
284			nan
285			nan
286			nan
287			nan
288			nan
289			nan
290			nan
291			nan
292			nan
293			nan
294			nan
295			nan
296			nan
297			nan
298			nan
299			nan
300			nan
301			nan
302			nan
303			nan
304			nan
305			nan
306			nan
307			nan
308			nan
309			nan
310			nan
311			nan
312			nan
313			nan
314			nan
315			nan
316			nan
317			70.80944588016668
318			75.74343891555336
319			81.39554903104467
320			87.69950161524368
321			94.58902205675328
322			101.99783574417647
323			109.85966806611624
324			118.10472025806143
325			126.57477570561322
326			135.01890538625884
327			143.18167038916147
328			150.75730421551023
329			157.31308727967948
330			162.3965923307188
331			165.68494012381072
332			167.723562989206
333			169.41474180700996
334			171.63356890862337
335			174.61715262439319
336			177.97151673455625
337			181.27616018491003
338			184.22079654096814
339			186.75755113083423
340			188.87676332555398
341			190.6038257337144
342			192.1859728251771
343			193.9569679323648
344			196.24023891109331
345			199.13880390572467
346			202.54676083973374
347			206.3496927512793
348			210.3661656414333
349			214.26154746450433
350			217.67989582123275
351			220.31820205285825
352			222.19566895167583
353			223.45273794917392
354			224.23222312143557
355			224.71989914871318
356			225.14114473086988
357			225.7233587909284
358			226.8081209289395
359			228.99163283306464
360			232.90452807732774
361			239.02267209811578
362			246.90011427048205
363			255.7510118226404
364			264.7873054362138
365			273.1881691787916
366			280.10298299097303
367			284.6825349897916
368			286.5818922012637
369			286.5695855737042
370			285.5630160298965
371			284.42141776510095
372			283.65953669380974
373			283.6657711499244
374			284.7940243372167
375			286.7299495814423
376			288.5518456828771
377			289.3175288275313
378			288.41584951007434
379			285.9695815101948
380			282.20008532466386
381			277.4517409444545
382			272.804409537243
383			269.61009458030867
384			269.1599145482592
385			271.52580545033555
386			275.6581787083576
387			280.46660254680023
388			285.06285632673524
389			289.0148290113022
390			291.9528986782179
391			293.73532660833666
392			295.6154236092001
393			299.3741937885726
394			306.7423045018815
395			318.3877400039032
396			333.97740784365624
397			353.137564232243
398			375.0682306699787
399			397.9790760735235
400			419.9394467527957
401			439.1913970409529
402			455.07424625746603
403			467.3568246821063
404			475.84700059934795
405			481.18934006777164
406			484.84442074747477
407			488.30512565642806
408			492.55799309030124
409			497.3633724365975
410			502.2996413761603
411			506.975758663095
412			511.20491134701666
413			514.883942422203
414			517.909784236142
415			520.1754828351897
416			521.5701203228483
417			521.9829389050566
418			521.4478820821868
419			520.3681856449534
420			519.2051473934825
421			518.3028416039598
422			517.1723708343941
423			514.9641715661116
424			510.8649589510702
425			505.05653290347647
426			498.7921678907267
427			493.3777875945359
428			489.87440960641516
429			488.6774146565311
430			490.07016902385834
431			494.24983518334864
432			500.75412889693905
433			508.8162233831946
434			517.6732159003624
435			526.7281524102488
436			535.5743522453241
437			543.8157698248323
438			551.2598328553645
439			558.3087767752746
440			565.4729485493423
441			573.2069098106122
442			581.5005430735354
443			590.1130335729613
444			598.8015424728308
445			607.3108409575508
446			615.370452244296
447			622.7089869746079
448			629.1232331591328
449			634.6263274020367
450			639.2742219599166
451			643.1262257062142
452			646.27243543359
453			648.8194928304184
454			650.8751352810843
455			652.5855653315194
456			654.1481685957415
457			655.7638689660312
458			657.551902229962
459			659.3477079089887
460			660.9251355793185
461			662.0677865832446
462			662.6588650217901
463			662.6398516518796
464			661.9566434358715
465			660.7403835647959
466			659.3905355221647
467			658.32757713775
468			657.8819298274594
469			658.0388945246895
470			658.701111267912
471			659.7755285347544
472			661.2186585229031
473			663.0187439442001
474			665.1628512952141
475			667.5297234863267
476			669.8262457513301
477			671.7440476207119
478			672.9718621437241
479			673.1861011507555
480			672.0599008260092
481			669.3063937218625
482			665.1630882974277
483			660.2363335530525
484			655.1400521733544
485			650.47938091697
486			646.8441013309115
487			644.82244788903
488			644.8365029699129
489			646.519618177973
490			649.2713464101439
491			652.4990660565696
492			655.7290996330918
493			658.5800043460142
494			660.6727490977587
495			661.6283027907472
496			661.0676343274013
497			658.6117126101433
498			nan
499			nan
500			nan
