Nom de l'instrument : SAM_877D
Fichier_calib_utilise: /Users/mdlemineahmedou/Documents/Stage/pipeline_LOG/data/calibration/ALL_2023/Cal_SAM_877d.dat
Date : 2023-10-10
Heure : 11:30:42

l_onde		data
280			1.7986195019536864
281			1.7600555022816229
282			1.774909516032286
283			1.9153310671474
284			2.146491577158646
285			2.273440533980844
286			2.2343015101648733
287			2.295638437025478
288			2.61984773081117
289			2.858421231287771
290			2.686181225588882
291			2.484965383179925
292			2.7788546007185952
293			3.315581092586001
294			3.4957324595184263
295			3.315024820363133
296			3.2025976113996646
297			3.335685444771003
298			3.6085013679368845
299			3.9628320995259863
300			4.438251948331407
301			5.083764146462824
302			5.950184679257903
303			7.084123788299263
304			8.516257020338964
305			10.29982764197011
306			12.631429160129429
307			15.712189326573908
308			19.36049527118265
309			23.22834488903684
310			27.38514065002003
311			32.198545410718445
312			37.63628132558786
313			43.227728791524484
314			48.683735315025146
315			54.035240325742684
316			59.37108396736475
317			64.84908681584753
318			70.52759795971389
319			76.08580281928184
320			81.25879200822621
321			86.51199747039828
322			92.48940589834854
323			99.32800969535158
324			106.91442521990378
325			115.10631466345407
326			123.72448896924743
327			132.1708548830531
328			139.42833021956272
329			144.95363774142118
330			148.928805646424
331			151.58990632293262
332			153.16453147835918
333			153.96095789584913
334			154.54624077643345
335			155.45424180686533
336			156.81763915590525
337			158.64672533889362
338			160.92921972927383
339			163.6282196800151
340			166.53833216635454
341			169.34356293987096
342			171.66801226310025
343			173.09852995223983
344			173.8339650591786
345			174.86569132377792
346			176.78661021980355
347			179.3503047401856
348			182.36151117595466
349			186.0107207121168
350			190.43728555350907
351			195.31588853729446
352			200.08675336310307
353			203.48208763135014
354			204.17396239848762
355			202.7022160925291
356			200.58882859600206
357			199.00029979534867
358			198.81327320586854
359			200.63876704047524
360			204.79954091101823
361			211.10848310614503
362			218.62231623287784
363			226.64189868466372
364			235.1400553549132
365			243.89984487245366
366			251.82141627407643
367			257.7395355016368
368			260.9997565126231
369			261.2260991187664
370			258.9426984120551
371			255.10900356082115
372			251.2489287283176
373			249.16875833898524
374			249.64766893842068
375			252.56574972117943
376			257.12010376369864
377			261.726706361767
378			264.596952689178
379			263.68132124373824
380			258.1619809281038
381			250.1954252848988
382			242.2403180455318
383			236.31760897587262
384			234.0492367636106
385			235.5318348229526
386			240.28761436234413
387			247.10552964635065
388			254.43518250315017
389			260.59586005439
390			263.90146850276676
391			264.05286935454393
392			262.0017877723765
393			259.90788335693173
394			261.3292456257455
395			268.7258791584842
396			282.56383726441595
397			302.3697387640974
398			325.899934294587
399			350.482500501052
400			372.86295001757367
401			390.31710908582653
402			403.309967754536
403			413.1386030219355
404			420.10668393271794
405			424.1969879656945
406			426.5662266885542
407			429.03352052835885
408			432.5829682082492
409			437.4684534634421
410			443.18936374602026
411			448.4195814190802
412			452.60451350137305
413			456.47093071018304
414			460.20753305807165
415			462.585264843773
416			462.8354816619357
417			462.1751878348304
418			461.86263033132315
419			461.6763044023569
420			461.0985308317658
421			460.2911630590987
422			459.5975911602421
423			458.61359790459977
424			456.54540416466443
425			452.7787427538159
426			446.8864738221106
427			439.6423044551878
428			433.0118739802
429			428.67469267942073
430			427.8454858059374
431			431.22406661061444
432			438.61425107284435
433			449.0672340965248
434			459.9538106186982
435			469.00380848006154
436			476.1917913918269
437			482.0747459331417
438			487.60703882611466
439			493.7600934527042
440			500.7189527146063
441			508.30063251326465
442			516.0871506560976
443			523.5401105180935
444			530.4451079383499
445			536.8624042436561
446			543.1253384243279
447			549.8410034127859
448			556.8013633137958
449			562.5862851277012
450			566.3984073489381
451			568.8698381743908
452			570.6337293044728
453			571.8668813876055
454			572.7135262588694
455			573.4852677451324
456			574.4988650075462
457			575.8900070719278
458			577.6911141177114
459			579.6088447822731
460			581.2163817746409
461			582.2285487465768
462			582.4521681557745
463			581.7826725842077
464			580.1997832667458
465			578.0367099114694
466			576.0014288125975
467			574.5740161429575
468			573.8790384528012
469			573.906762747777
470			574.4423098548001
471			575.3212772261439
472			576.5708451703381
473			578.200656151707
474			580.0488344428732
475			581.9412371858854
476			583.8302227308731
477			585.6788175706877
478			587.2599904737548
479			588.2562227890052
480			588.239728245247
481			586.7247483229157
482			583.2720432673483
483			577.5292766532112
484			570.2829636994327
485			563.4130880164619
486			558.372696287091
487			556.0035672337511
488			556.5116456225206
489			559.0984797013103
490			562.7474461817208
491			566.1698381893592
492			568.5237956822033
493			570.4205030225565
494			572.4254038369775
495			573.8105519683083
496			573.6882926267257
497			572.1121629391276
498			569.4601667579261
499			566.1106113147197
500			nan
