Nom de l'instrument : SAM_877D
Fichier_calib_utilise: /Users/mdlemineahmedou/Documents/Stage/pipeline_LOG/data/calibration/ALL_2023/Cal_SAM_877d.dat
Date : 2023-10-10
Heure : 12:18:20

l_onde		data
280			1.001702255878807
281			0.8686190048775674
282			0.7010398765184079
283			0.6850090754477357
284			0.8373590290996944
285			0.9212348035600841
286			0.8196829130570756
287			0.7319469306331172
288			0.8201727890098588
289			0.9714329462088271
290			1.0423241815101527
291			1.0409949562704521
292			1.0266636828182891
293			1.0656500457572635
294			1.2161635241069144
295			1.371598247093937
296			1.3136202268251675
297			1.0994831933553508
298			1.0834417195321222
299			1.353172439694123
300			1.5512112068177053
301			1.497476651116398
302			1.5215540222521209
303			1.8744738391862805
304			2.2659773329095736
305			2.391369918347812
306			2.52900876580277
307			3.0931472623234035
308			3.9542095408274487
309			4.732477082108214
310			5.445284424158688
311			6.397343061387859
312			7.595874419272517
313			8.721791303504535
314			9.681868302433323
315			10.76326079334705
316			12.133405224773188
317			13.605839915724813
318			14.997864530328977
319			16.312936787360496
320			17.61132367344329
321			19.040135878963884
322			20.756009444677108
323			22.759370670271657
324			24.977671101343905
325			27.384913332828194
326			29.981361108235728
327			32.593422050899996
328			34.87282518007701
329			36.674529276257275
330			38.1640857593851
331			39.49913285454092
332			40.76727988630903
333			41.99618746378353
334			43.052321240935136
335			43.85165908611279
336			44.69737858627686
337			45.94749599037457
338			47.52291309304731
339			49.16945779582506
340			50.83433248711673
341			52.58251342981599
342			54.256681827438456
343			55.504299461460064
344			56.33603393321308
345			57.2419804058064
346			58.56351501505507
347			60.30581853758638
348			62.401197285927545
349			64.68378993774235
350			67.02260015745611
351			69.49260168968291
352			72.11882725440735
353			74.31591462532631
354			75.37971775100105
355			75.6002672867846
356			75.77410595151181
357			76.2653726792009
358			77.11019011741712
359			78.53941885359963
360			80.9970908345396
361			84.54540317976661
362			88.64722047079393
363			92.886371733325
364			97.22102450161763
365			101.58775608046143
366			105.69811289847483
367			109.19314367130542
368			111.59238322879581
369			112.49260527048573
370			112.27525481516125
371			111.640063997246
372			111.12418575662271
373			111.16432141425048
374			112.17551779431099
375			114.53394298237926
376			117.92018613561083
377			121.19045610714919
378			123.32161907407826
379			123.57393382161753
380			121.75301637594109
381			118.89189067343287
382			116.12291640004992
383			114.31112529830598
384			114.1478466126145
385			115.74222545915649
386			118.96444382948782
387			123.25943851318935
388			127.86945730909865
389			131.8950645009865
390			134.39336744217636
391			135.2493177928223
392			135.0876826894371
393			135.00856503957158
394			136.65278218256708
395			141.27187342836703
396			149.40494809401224
397			160.97314994195835
398			174.5970363156099
399			188.7230828315311
400			201.84497459459425
401			212.68304006772584
402			221.01534669605581
403			227.0157016392194
404			231.3809492021129
405			234.9865362390924
406			238.19388743014846
407			241.0705630234816
408			243.9865226090891
409			247.54968059105548
410			251.83551044332526
411			256.30383152612615
412			260.5437743683668
413			264.4010028432728
414			267.7568415944206
415			270.5213645695457
416			272.6484607361569
417			274.2148416046866
418			275.3795440184488
419			276.55901235967264
420			278.1357630248056
421			279.83796596358025
422			281.17527989487684
423			281.97566904889254
424			282.2213131360971
425			281.65220176616384
426			279.86001160637835
427			277.15835920238356
428			274.58940704474327
429			273.27693133191644
430			274.4069729233692
431			278.5968060449489
432			285.3985814545208
433			293.9724528743031
434			302.7701023549846
435			310.4733237545439
436			316.9933129934708
437			322.60893839975125
438			328.0637999654236
439			334.14871207484975
440			340.9321061197584
441			348.15942626421105
442			355.52007527970625
443			362.68215561411535
444			369.50164269505103
445			375.99630683376967
446			382.42525841223465
447			389.2935549385483
448			396.46122390249593
449			402.8263958782637
450			407.7068649569329
451			411.4068106750603
452			414.3101836987138
453			416.70116257406784
454			418.87959695809053
455			421.26800928822934
456			424.2037010170604
457			427.42213808302694
458			430.50653834183396
459			433.37695873087137
460			436.08964957236753
461			438.5340796392679
462			440.50258010584344
463			441.86424361695214
464			442.55974690736093
465			442.7438335033332
466			442.79985995938495
467			443.08678870553905
468			443.91095043754046
469			445.43759352673897
470			447.56852769556997
471			450.1711808039983
472			453.1012706089351
473			456.18543512320934
474			459.1535957476568
475			461.82253956887473
476			464.5396132449682
477			467.688489584633
478			470.79856360000156
479			473.09730862668715
480			474.3229300928417
481			474.4720993970517
482			473.16617067369873
483			469.80342986221365
484			465.0094824301043
485			460.5941949368423
486			457.85673700458284
487			457.37379821129105
488			459.127130342396
489			462.17664756966064
490			465.6904350319369
491			469.2763548981544
492			472.63808798628236
493			475.5879876019151
494			477.95229396263414
495			479.53104184979514
496			480.1428510137262
497			479.74644247760034
498			478.348835807375
499			475.957095728562
500			nan
