Nom de l'instrument : SAM_80E0
Fichier_calib_utilise: /Users/mdlemineahmedou/Documents/Stage/pipeline_LOG/data/calibration/ALL_2023/Cal_SAM_80E0.dat
Date : 2023-10-10
Heure : 11:47:38
Comment : LIDAR_20231010

l_onde		data
280			nan
281			nan
282			nan
283			nan
284			nan
285			nan
286			nan
287			nan
288			nan
289			nan
290			nan
291			nan
292			nan
293			nan
294			nan
295			nan
296			nan
297			nan
298			nan
299			nan
300			nan
301			nan
302			nan
303			nan
304			nan
305			nan
306			nan
307			nan
308			nan
309			nan
310			nan
311			nan
312			nan
313			nan
314			nan
315			nan
316			nan
317			93.344581962623
318			98.65538697575478
319			105.11274194160592
320			112.5920551006313
321			120.96873469328575
322			130.1181889600242
323			139.91582614130155
324			150.23281061656013
325			160.8338320878367
326			171.37193398033645
327			181.49478765078845
328			190.81291895222833
329			198.84315291583596
330			205.08776884976785
331			209.19499081866442
332			211.79125571465886
333			213.90501491289163
334			216.5348821472012
335			219.9786055666053
336			223.84064721646752
337			227.69625519343919
338			231.22005501140038
339			234.3232814769341
340			236.95162592243847
341			239.09777272004277
342			241.05181167806856
343			243.2198348506052
344			245.99619946426265
345			249.5241651259623
346			253.7089830090431
347			258.44606371349005
348			263.5212092138545
349			268.46966091002156
350			272.79180639956525
351			276.06516995828673
352			278.33681231995723
353			279.830466900308
354			280.7703385499926
355			281.38365498579066
356			281.9004306089729
357			282.5516409325506
358			283.7495132362745
359			286.3104649354072
360			291.1055710309534
361			298.791648359214
362			308.7493685465568
363			319.88886277936706
364			331.1226638249233
365			341.42458515087327
366			349.82416172745843
367			355.3558602078253
368			357.64149041268826
369			357.59973461855054
370			356.3226667722841
371			354.838899787791
372			353.8012031531085
373			353.72449868426355
374			355.0790259653963
375			357.46866368552793
376			359.70987817842183
377			360.59261684000995
378			359.3434182516776
379			356.15677032409945
380			351.35718402161876
381			345.410614358105
382			339.6286500956225
383			335.6357808951325
384			334.98351590553676
385			337.76240451549575
386			342.7190608628866
387			348.5510809456919
388			354.1815920411628
389			359.0424321918044
390			362.6351351561348
391			364.75296377557163
392			366.9750804813916
393			371.556184472859
394			380.68606372329674
395			395.18432643903606
396			414.57983380446234
397			438.3492280005632
398			465.46968808430654
399			493.7578949580186
400			520.8660990687845
401			544.6517085312468
402			564.2755586029282
403			579.4086951566579
404			589.7727145809058
405			596.1750093650253
406			600.4819233218016
407			604.6017333629574
408			609.7887724852917
409			615.713751422494
410			621.8123645547362
411			627.5627583095364
412			632.7265848369348
413			637.1816258319768
414			640.8061608065536
415			643.4819853056702
416			645.0944811518366
417			645.5295745751919
418			644.836790139828
419			643.4831718499918
420			642.0014082367653
421			640.7851658670713
422			639.2402433402249
423			636.3447050883632
424			631.1208622191853
425			623.8033793174002
426			615.932343329076
427			609.1119886273262
428			604.6498977934258
429			603.0473755105882
430			604.6700447089515
431			609.7738371483625
432			617.7755628989148
433			627.7045128444618
434			638.5955577886408
435			649.7122321757244
436			660.5802514777287
437			670.7399453492391
438			679.9661424366668
439			688.7191756865064
440			697.5839744690978
441			707.0835075481656
442			717.2246259343585
443			727.757945837094
444			738.4307749446153
445			748.9400393230502
446			758.9206619237488
447			768.0037848103202
448			775.9106285248462
449			782.6482614263599
450			788.2803215080186
451			792.876693612836
452			796.564560606695
453			799.5018963227502
454			801.8477438164674
455			803.7929103405595
456			805.5704696820516
457			807.4164148672778
458			809.4702719653673
459			811.5364269126601
460			813.346532967541
461			814.6433454762517
462			815.2830144838559
463			815.1880362283183
464			814.2863391093188
465			812.7370995918669
466			811.0344458912448
467			809.6987390189466
468			809.1372407985755
469			809.3237864423373
470			810.1283997881555
471			811.428246266543
472			813.182647254304
473			815.4035200676457
474			818.101004160514
475			821.1166695640054
476			824.0246473296295
477			826.3753281104117
478			827.7385465119546
479			827.7668489463207
480			826.134771095978
481			822.560494889447
482			817.334427488125
483			811.1494733113736
484			804.7072433219961
485			798.7372898764867
486			794.0179986602548
487			791.3326754297818
488			791.2445870616265
489			793.2724668931507
490			796.625423483047
491			800.5247704097895
492			804.3772018840085
493			807.7331646986868
494			810.1468644011655
495			811.1725065387867
496			810.3642966588918
497			807.2764403088227
498			nan
499			nan
500			nan
