Nom de l'instrument : SAM_877D
Fichier_calib_utilise: /Users/mdlemineahmedou/Documents/Stage/pipeline_LOG/data/calibration/ALL_2023/Cal_SAM_877d.dat
Date : 2023-10-10
Heure : 10:55:56

l_onde		data
280			0.3523059120356093
281			0.3437216892488747
282			0.33088404633107055
283			0.3410198571194977
284			0.3773963358040874
285			0.4073539309223445
286			0.4139628103287107
287			0.42226442137646353
288			0.4509851635539256
289			0.4775671765712347
290			0.47804806816178297
291			0.4680834082285439
292			0.4734820543121467
293			0.4949523587274521
294			0.5209814113190515
295			0.5452146312897536
296			0.5651948182572932
297			0.5786645538859745
298			0.5835459630931364
299			0.5817546908525086
300			0.581523469022424
301			0.5924357214053154
302			0.6259350975216464
303			0.6871904970229168
304			0.7580294580532411
305			0.8208997281832391
306			0.8902113901128037
307			0.9892864075186226
308			1.1242441201600135
309			1.2929084693677142
310			1.5002014897336404
311			1.7557429904206916
312			2.0514809295881546
313			2.360340982641143
314			2.6710380810172687
315			2.998607560079195
316			3.35656036094998
317			3.749547632071312
318			4.178720611140697
319			4.6374102019564925
320			5.118880159568815
321			5.625007150130112
322			6.16481452797334
323			6.7826535997217405
324			7.534314307734775
325			8.39747166708863
326			9.295095105532695
327			10.173576528205633
328			11.004628080458227
329			11.767209577402015
330			12.449270814560542
331			13.041602493742428
332			13.53953731722853
333			13.960173675935541
334			14.387637672671717
335			14.899574872229907
336			15.479798432032478
337			16.09232852788288
338			16.759951141936074
339			17.523069037233928
340			18.327069827526035
341			19.061469566377173
342			19.711191178881453
343			20.348061188353903
344			21.00592197604315
345			21.665553400351243
346			22.34824453361229
347			23.157138488682264
348			24.154092651047154
349			25.265108231388847
350			26.415488535781407
351			27.619082166345343
352			28.87806706102736
353			29.991073396702024
354			30.712668352920566
355			31.087970208152306
356			31.317962019921424
357			31.59373532963908
358			32.095219030740864
359			32.93791641574302
360			34.167152501118814
361			35.78369578478081
362			37.72530919881563
363			39.882451845599554
364			42.053959314922054
365			44.07709658389217
366			45.94933388980393
367			47.65452818617028
368			48.96473327236442
369			49.64157432279761
370			49.80462426344252
371			49.724132968368664
372			49.65479887546533
373			49.838877998115635
374			50.471623961768216
375			51.699650438289666
376			53.387647953960865
377			55.066765894638394
378			56.268185004450295
379			56.55667082255419
380			55.80411243270601
381			54.601903014204034
382			53.55549911313475
383			52.96265841380087
384			53.04243474394745
385			53.948952233958266
386			55.75481721823847
387			58.08064804144342
388			60.363831292603315
389			62.25404679870969
390			63.54484933331004
391			64.20628017947126
392			64.37095527300379
393			64.50514254322029
394			65.47010358264923
395			67.91660416110075
396			72.09982242134616
397			77.94793367253628
398			84.70512637925566
399			91.571689831126
400			97.93383825892703
401			103.29195733021372
402			107.51217047735464
403			110.61001990946434
404			112.8714666767753
405			114.68472133267858
406			116.27807378883627
407			117.78566621390603
408			119.39148710879942
409			121.31445737982709
410			123.54240316824823
411			125.79947878765729
412			127.93704417535541
413			130.02867828696046
414			132.05264349890084
415			133.73697796852068
416			134.9149914874858
417			135.84412550765776
418			136.80823513181886
419			137.85210492457483
420			138.95059681650957
421			140.04986792050673
422			141.0787694522223
423			141.90917261143977
424			142.38396280602177
425			142.36909500792447
426			141.7601096774619
427			140.73808372728334
428			139.77087389209635
429			139.3884039897002
430			140.1854674372079
431			142.49617950146563
432			146.1615612871427
433			150.7981347657873
434			155.58410048825567
435			159.82371202130108
436			163.52320265262685
437			166.87130186661872
438			170.1828327254117
439			173.78154479123933
440			177.7670854403735
441			182.12204710796607
442			186.63314212340254
443			190.98609951624738
444			195.1347661170248
445			199.25069038037697
446			203.47116248644662
447			207.8848326265892
448			212.35389053278638
449			216.4129390295032
450			219.75496595116695
451			222.43969379392047
452			224.6087648410224
453			226.50894762044996
454			228.37215180810932
455			230.3072752027152
456			232.3711144700321
457			234.49888882645692
458			236.5959502529906
459			238.6423003863732
460			240.64131821417217
461			242.48626175372635
462			244.01093246379338
463			245.17280286535907
464			246.03206314249863
465			246.6884952195066
466			247.28229789957203
467			247.99547526048562
468			249.06615255296506
469			250.6080536727887
470			252.48740901314875
471			254.56695716643702
472			256.773285059649
473			259.0454721822939
474			261.3306325668321
475			263.5993526151106
476			265.9284163802861
477			268.3893396114601
478			270.797497773276
479			272.8643197786827
480			274.32548161615915
481			274.9357696586122
482			274.52609826651815
483			273.0057946319362
484			270.772884034503
485			268.6934396409539
486			267.44133791164097
487			267.41575594714953
488			268.66927062865676
489			270.7012609284246
490			273.04668962127846
491			275.43884419988706
492			277.67578811452563
493			279.66936799850725
494			281.327458898203
495			282.4550664282369
496			282.8749932110017
497			282.6540676875285
498			281.9432438129541
499			280.89355420049685
500			nan
