Nom de l'instrument : SAM_81D7
Fichier_calib_utilise: /Users/mdlemineahmedou/Documents/Stage/pipeline_LOG/data/calibration/ALL_2023/Cal_SAM_81D7.dat
Date : 2023-10-10
Heure : 10:35:06

l_onde		data
280			nan
281			nan
282			nan
283			nan
284			nan
285			nan
286			nan
287			nan
288			nan
289			nan
290			nan
291			nan
292			nan
293			nan
294			nan
295			nan
296			nan
297			nan
298			nan
299			nan
300			nan
301			nan
302			nan
303			nan
304			nan
305			nan
306			nan
307			nan
308			nan
309			nan
310			nan
311			nan
312			nan
313			nan
314			nan
315			nan
316			nan
317			nan
318			nan
319			0.024004724464433427
320			0.0245790618207961
321			0.025056533327390898
322			0.02551653271645659
323			0.02603845372023198
324			0.02670169007095585
325			0.027585635386108413
326			0.028727722631143843
327			0.030004532163675626
328			0.03125410649814286
329			0.032331456753544416
330			0.03327402949636951
331			0.03423029446311175
332			0.035348111365824
333			0.036667843052976774
334			0.03807547192696709
335			0.03944503645304459
336			0.0407000526946585
337			0.041942341513531045
338			0.04331387549629794
339			0.04494001606369051
340			0.04677872280793703
341			0.048691025450766395
342			0.0505387428424995
343			0.05227121299503742
344			0.053958155214613245
345			0.05567804473141409
346			0.057514247238835046
347			0.0595670220207728
348			0.06194027356404443
349			0.06471385869675234
350			0.06773520760680733
351			0.07072151194404334
352			0.07339246011373549
353			0.0756316449863104
354			0.07754220368785043
355			0.07924263438997267
356			0.0808670926465188
357			0.08260254293184302
358			0.08464707175575585
359			0.08718583815340034
360			0.09028161550326609
361			0.09392971856089966
362			0.098121623282592
363			0.10272136520546675
364			0.10742411443697082
365			0.11191342480663931
366			0.1159249225637026
367			0.11936872546628925
368			0.12219145901040773
369			0.12436473685615411
370			0.1260964929483482
371			0.12772481263074542
372			0.12958465128956517
373			0.13182684542916703
374			0.13435726806919498
375			0.13706481945006074
376			0.13979700967750638
377			0.1422612604031355
378			0.14413538456858396
379			0.14514776307520771
380			0.14551350207502395
381			0.14571954461859835
382			0.14625298686600235
383			0.1474805978171127
384			0.1496061173594857
385			0.15282167168603128
386			0.15715672840218395
387			0.16207592937641255
388			0.16692139704232192
389			0.17110665401231306
390			0.1747572753709304
391			0.1784077781807424
392			0.18259792669007605
393			0.1878848985969615
394			0.1948502213516123
395			0.20407722681475993
396			0.21588127941280666
397			0.22960879942562912
398			0.24438727435885757
399			0.2593579000914331
400			0.27380600160110247
401			0.28710313458128256
402			0.29862943539226905
403			0.30814691327197274
404			0.3159757231264029
405			0.32248029283963725
406			0.3280457027556716
407			0.33313589519710446
408			0.33823363315365906
409			0.3437850376751169
410			0.34982303751714006
411			0.35611992689907584
412			0.3624449910635684
413			0.3686316359545914
414			0.37461241497880204
415			0.38032838241161504
416			0.38574655696774274
417			0.3909400453082875
418			0.3960090455486729
419			0.40104172825177453
420			0.4059782662944538
421			0.4106593181620683
422			0.41492454409922386
423			0.41867494310878317
424			0.421913013064026
425			0.42465077942850943
426			0.42700298896781896
427			0.42953900943119955
428			0.43295393707098856
429			0.437914849282465
430			0.44470582727988134
431			0.45333365569488987
432			0.46379753700719345
433			0.47596899463248776
434			0.4894909600148543
435			0.5039826175635929
436			0.5191102051998332
437			0.5347681572545661
438			0.5509199892253608
439			0.5675403838156483
440			0.5847764985335931
441			0.6029111892407383
442			0.6222288908299696
443			0.6427543492340444
444			0.6640039195681501
445			0.6854349788116411
446			0.706563093113428
447			0.7272165220295943
448			0.7473281063859594
449			0.7668281305173699
450			0.7855999017057764
451			0.8034862266212086
452			0.8203292897161296
453			0.8361013762960752
454			0.8510561292105209
455			0.865483916468842
456			0.8796426320704361
457			0.8935946880104598
458			0.9073297006643665
459			0.9208363839011322
460			0.9340870149058557
461			0.94703822362033
462			0.9596462872953442
463			0.97195115083341
464			0.9841946237868586
465			0.9966483502449315
466			1.0095798939988774
467			1.0232290022544985
468			1.0378238147126335
469			1.0535858700267031
470			1.0705690970728794
471			1.0886499919113641
472			1.1076964180149464
473			1.127509599648438
474			1.1477096709161065
475			1.167886297232726
476			1.1876097716355136
477			1.2062991289416671
478			1.2233023117112047
479			1.237979346493291
480			1.2500888322201933
481			1.2598616579591686
482			1.2675561480493922
483			1.2735521996968857
484			1.2786051925330613
485			1.2835427704931661
486			1.2891694009469776
487			1.2960798167416847
488			1.304757266562163
489			1.3156654186583623
490			1.3285010720367054
491			1.3419375265075588
492			1.354576879036489
493			1.3653047631954585
494			1.3740103019122263
495			1.380804513122756
496			1.385798414763012
497			1.3891030247689578
498			1.3908293610765572
499			nan
500			nan
