Nom de l'instrument : SAM_81D7
Fichier_calib_utilise: /Users/mdlemineahmedou/Documents/Stage/pipeline_LOG/data/calibration/ALL_2023/Cal_SAM_81D7.dat
Date : 2023-10-10
Heure : 10:34:45

l_onde		data
280			nan
281			nan
282			nan
283			nan
284			nan
285			nan
286			nan
287			nan
288			nan
289			nan
290			nan
291			nan
292			nan
293			nan
294			nan
295			nan
296			nan
297			nan
298			nan
299			nan
300			nan
301			nan
302			nan
303			nan
304			nan
305			nan
306			nan
307			nan
308			nan
309			nan
310			nan
311			nan
312			nan
313			nan
314			nan
315			nan
316			nan
317			nan
318			nan
319			0.04185415449901361
320			0.041476712361029185
321			0.04221991837896936
322			0.04384563551672922
323			0.04611572673820393
324			0.04879205500728861
325			0.051636483360309064
326			0.05443735860982808
327			0.05708455088293022
328			0.05949225375178499
329			0.06158560285121111
330			0.0634073757876366
331			0.0650719425295733
332			0.06669447725930587
333			0.06837982694674391
334			0.07021800724858439
335			0.07229788550292576
336			0.07469036012086573
337			0.07740157402777388
338			0.08042308812725264
339			0.08372727593559198
340			0.08709314683445046
341			0.09018774750653248
342			0.092684554075499
343			0.09460291678448855
344			0.096437930541315
345			0.0987192741016728
346			0.10180574637552611
347			0.10546585982839227
348			0.10934075827251351
349			0.11310339421846131
350			0.1167341592073285
351			0.1203857159529525
352			0.12420738830145274
353			0.1281301837291298
354			0.13179268262761035
355			0.13481304143275605
356			0.137020940791292
357			0.13895948617905818
358			0.1413220367822121
359			0.1447506377203408
360			0.14940153886729896
361			0.15516322115076392
362			0.16191614421242007
363			0.1693283434292741
364			0.1767863805692304
365			0.18365746450206588
366			0.18945110847115842
367			0.19415367901415925
368			0.19785131162128575
369			0.2006516118997672
370			0.20286523455429814
371			0.20491466186340435
372			0.20721907312986573
373			0.21001426263810047
374			0.21329203756653933
375			0.21702728502348528
376			0.22105287310927077
377			0.22472099443371046
378			0.22728224735836539
379			0.22809945404441181
380			0.22761560989514087
381			0.22687698894718572
382			0.2269266761488295
383			0.2283896421930623
384			0.231324362263643
385			0.2357489951431429
386			0.2415408355724843
387			0.24808803328419382
388			0.2546726348960266
389			0.2606498897376379
390			0.26610507573041814
391			0.27154273671785945
392			0.27747701881149234
393			0.2846347750958247
394			0.2940402932342679
395			0.30674000097690907
396			0.323366420684684
397			0.3430554331395347
398			0.3646047531990647
399			0.3868110914921099
400			0.4084606002403152
401			0.42833311469660823
402			0.44522306429535907
403			0.4586804917974922
404			0.4693598449366213
405			0.4780031743603905
406			0.4853376927559671
407			0.4920339536558072
408			0.4987489887012195
409			0.506089634228429
410			0.5140966999578561
411			0.5224539558329179
412			0.530839786458777
413			0.5389451026527664
414			0.5464801840495876
415			0.5531569709595665
416			0.5588232973955469
417			0.5638822446322935
418			0.5688786862625993
419			0.5743087476734576
420			0.58006871290651
421			0.5856515296534207
422			0.590545887220864
423			0.5944737739749326
424			0.597543224424051
425			0.5998985108146316
426			0.6017931705037698
427			0.6039643232323235
428			0.6072828267150189
429			0.612587584611235
430			0.6202807178395842
431			0.6304481082349658
432			0.6431661111444362
433			0.6582848216703248
434			0.6752492467680322
435			0.6934623112400007
436			0.7123981997000035
437			0.7318766869734871
438			0.7518221673012302
439			0.7721752338354116
440			0.7931266531137631
441			0.8150640210980624
442			0.8383776598897598
443			0.8631354915633562
444			0.8887742784659471
445			0.914657562455885
446			0.9401938649477659
447			0.9650334157497319
448			0.9889072847839885
449			1.0115568100832228
450			1.032905658110553
451			1.0530346872461749
452			1.0720300139943622
453			1.0899979721399518
454			1.107088617582359
455			1.123457713200192
456			1.1392570696632245
457			1.154614706748001
458			1.1696497847310707
459			1.1844768380316903
460			1.1991131860095663
461			1.213483602125172
462			1.227509407590795
463			1.241181656836116
464			1.2546596493798075
465			1.2681275504826222
466			1.2817938645121119
467			1.2960330226493226
468			1.3112886952101694
469			1.32799209021838
470			1.3462502272711818
471			1.3658269379587402
472			1.3864695095859383
473			1.407894593920679
474			1.429735591526681
475			1.451611895828442
476			1.4731033085051646
477			1.4934805015536816
478			1.5118688541934966
479			1.5274096743161778
480			1.5397791969711698
481			1.5492875215455195
482			1.5562815674165427
483			1.5612692529051728
484			1.565255747696103
485			1.5693419210892492
486			1.574579189404274
487			1.5815714480709078
488			1.5906847132660253
489			1.6022650039683624
490			1.6159225579229843
491			1.630285605176136
492			1.643914059148612
493			1.6556355290089528
494			1.665225049504589
495			1.672667153376516
496			1.67794637336573
497			1.681047242213227
498			1.6819542926600015
499			nan
500			nan
