Nom de l'instrument : SAM_877D
Fichier_calib_utilise: /Users/mdlemineahmedou/Documents/Stage/pipeline_LOG/data/calibration/ALL_2023/Cal_SAM_877d.dat
Date : 2023-10-10
Heure : 10:56:18

l_onde		data
280			0.34928596999381883
281			0.3623290505919004
282			0.3692810917466347
283			0.36828279636235756
284			0.3680821799381628
285			0.3932751333842115
286			0.44897358066635396
287			0.49360704558140295
288			0.49511695435148667
289			0.47589906304404933
290			0.4655610854996214
291			0.4699850856913944
292			0.4875800222908093
293			0.520044129671051
294			0.5692459236652363
295			0.61610728132307
296			0.6272094804440461
297			0.6005824349613791
298			0.5685097414472617
299			0.5532604817203224
300			0.5585199349679422
301			0.585361893537982
302			0.63258860097449
303			0.6950211237142633
304			0.7544386763505959
305			0.7956241515445707
306			0.8358018563769889
307			0.9017011549636504
308			1.006554416151879
309			1.1560913338112253
310			1.3473660335171336
311			1.5708633838109984
312			1.8137395010396138
313			2.0599399758714116
314			2.307463897382074
315			2.5766572103669474
316			2.886387070284152
317			3.247571018910069
318			3.6602807952114387
319			4.0908133000689615
320			4.50881211217331
321			4.940343762166198
322			5.4275522286134175
323			5.992121496276468
324			6.645004768508317
325			7.3876545373532565
326			8.212562160464831
327			9.058264581370736
328			9.809797358277752
329			10.432633465202352
330			11.01390020504925
331			11.596601103019628
332			12.108671575416412
333			12.510399187294706
334			12.911296982025886
335			13.419470701202158
336			13.996120879118656
337			14.571585205696373
338			15.169114502329375
339			15.846505387157839
340			16.58812074072453
341			17.331850102084413
342			18.025891399764664
343			18.630499789789106
344			19.182088363422174
345			19.814714244985865
346			20.593724566636933
347			21.444619933132426
348			22.325055252207022
349			23.320915909831882
350			24.49487541769527
351			25.730204502394518
352			26.873664971407614
353			27.82309875645279
354			28.50587687778543
355			28.946456978923287
356			29.226992420504672
357			29.510472008464465
358			30.01790964949764
359			30.876310927309383
360			32.108470843174864
361			33.68624788119588
362			35.51160983370338
363			37.49134359608445
364			39.55561384008595
365			41.6139818487168
366			43.500883875105245
367			45.05568968962173
368			46.210309585260866
369			46.93063871892328
370			47.23103155028337
371			47.16839254052229
372			47.03447204013561
373			47.25010366041573
374			48.00651344525935
375			49.29242199040208
376			50.92039754859239
377			52.501147010476416
378			53.645636212315864
379			53.98575968380861
380			53.39631322513152
381			52.32241257556699
382			51.270592742178316
383			50.67535097388777
384			50.88635098236106
385			51.90655375447391
386			53.614512446283165
387			55.76752145958456
388			58.058120415436775
389			60.060011684686295
390			61.298661891473635
391			61.78360764449441
392			61.95066508004848
393			62.29201078933535
394			63.35027754262502
395			65.63872970410063
396			69.61468957123284
397			75.34704662270484
398			81.99818089296213
399			88.6857723903153
400			94.81948881825043
401			99.95592281466952
402			104.06799198986829
403			107.25621329728533
404			109.62649524489649
405			111.30820251625437
406			112.65654081541473
407			114.14459270883313
408			115.92620476634507
409			117.88914925138484
410			119.97481064997012
411			122.19400231729593
412			124.47844292640728
413			126.6297386987708
414			128.4932660204292
415			130.03472756312757
416			131.27620282973
417			132.36413041212018
418			133.43939832085258
419			134.51464253872751
420			135.57321708862708
421			136.6347079698746
422			137.712314992753
423			138.6317572401053
424			139.13035190398935
425			139.119962763119
426			138.6462315970111
427			137.85860423567567
428			137.01243455253982
429			136.5808294663134
430			137.32345698754125
431			139.66178252028303
432			143.35089105079027
433			147.95316808763056
434			152.72251017636205
435			157.02215202111208
436			160.78349860294776
437			164.1130861037985
438			167.3586711571132
439			170.90903277344214
440			174.89748802530565
441			179.32098866198677
442			183.92222390496
443			188.3131761250676
444			192.46060933232044
445			196.61664954294724
446			200.9156586602616
447			205.3518126140798
448			209.78416043000874
449			213.8843540104309
450			217.39304100200283
451			220.2178553900158
452			222.39735125895686
453			224.27272174682167
454			226.169875052851
455			228.1644196327177
456			230.26468974818587
457			232.43583550168526
458			234.62838793945195
459			236.78958666806832
460			238.85950565633584
461			240.71706937717025
462			242.21327941963702
463			243.34972573545812
464			244.24983847575868
465			245.01295844460563
466			245.7101864482268
467			246.49217081856952
468			247.62468175506402
469			249.23097005746575
470			251.14323973559488
471			253.21658966112105
472			255.4513523471866
473			257.8429977787839
474			260.2869531039992
475			262.68669431035147
476			265.0939322453781
477			267.5724254021124
478			269.960143139153
479			272.0028542617185
480			273.4622345175727
481			274.1121421561285
482			273.7707732626201
483			272.3122527787425
484			270.1198368929242
485			268.0651246053566
486			266.8246921596955
487			266.79592922667047
488			268.04414212311235
489			270.106219730648
490			272.52273242061943
491			274.9559288496524
492			277.1555496972464
493			279.0845736909086
494			280.7077752564786
495			281.8347902857089
496			282.2790257002837
497			282.0939525540088
498			281.415801663216
499			280.38088122532895
500			nan
