Nom de l'instrument : SAM_8172
Fichier_calib_utilise: /Users/mdlemineahmedou/Documents/Stage/pipeline_LOG/data/calibration/ALL_2023/Cal_SAM_8172.dat
Date : 2023-10-10
Heure : 10:37:19
InclX : -7.11
InclY : 1.5
Pressure : 0.667405680076091
Comment : 

l_onde		data
280			nan
281			nan
282			nan
283			nan
284			nan
285			nan
286			nan
287			nan
288			nan
289			nan
290			nan
291			nan
292			nan
293			nan
294			nan
295			nan
296			nan
297			nan
298			nan
299			nan
300			nan
301			nan
302			nan
303			nan
304			nan
305			nan
306			nan
307			nan
308			nan
309			nan
310			nan
311			nan
312			nan
313			nan
314			nan
315			nan
316			nan
317			0.727673695804105
318			1.156187184715469
319			1.330442343653142
320			1.3198314239224405
321			1.1937466768286789
322			1.0215803536771728
323			0.8727247057732387
324			0.8154728236114182
325			0.8660378522745774
326			0.9670104394086037
327			1.0554122268432318
328			1.0871443123152846
329			1.084858405002554
330			1.0859513418221
331			1.1239756338045532
332			1.1946406886228256
333			1.2721423968744527
334			1.3307941113683825
335			1.3604265351032994
336			1.3718162945468029
337			1.377222201321995
338			1.3897033736072908
339			1.4250230287908094
340			1.4995149287495046
341			1.6258221701560966
342			1.781843281431571
343			1.9264112076384474
344			2.0190265981717417
345			2.0535256749801802
346			2.068786051309087
347			2.1067370582307308
348			2.1963471715066527
349			2.3239093572121097
350			2.4669459516602332
351			2.6048238668097192
352			2.7338903103269683
353			2.859644058833926
354			2.9875557099149437
355			3.1185734256136963
356			3.2477831165008744
357			3.369881429372155
358			3.484516175445942
359			3.607517733480074
360			3.758017360345514
361			3.9532828905737225
362			4.193456700059798
363			4.469463653652654
364			4.771955193730154
365			5.0843830797558445
366			5.380830005062128
367			5.634752967244072
368			5.829198104409867
369			5.978871648416656
370			6.105004743400213
371			6.228293010664637
372			6.364420941906439
373			6.526336508775844
374			6.726558171965752
375			6.961235938417944
376			7.204812919548683
377			7.4302367791571955
378			7.6158182511828345
379			7.758054991018557
380			7.857296144164431
381			7.91659461941648
382			7.965255338639399
383			8.047346481045102
384			8.206389624644473
385			8.454611091297282
386			8.761336739267175
387			9.092787928224318
388			9.42057757861822
389			9.73539719420879
390			10.032156295301998
391			10.309052448908982
392			10.598025205310424
393			10.950828289287367
394			11.419062845430439
395			12.034366640453532
396			12.79970335952918
397			13.7158173404115
398			14.768250179771892
399			15.885557639030768
400			16.982945862068828
401			17.97978498769979
402			18.841440249392765
403			19.561844866816053
404			20.135830432729293
405			20.585181072152025
406			20.972769867962782
407			21.364925291315533
408			21.81301555506973
409			22.308161520567392
410			22.82631994291704
411			23.344803289158165
412			23.857343146121398
413			24.36858561891585
414			24.88326187838408
415			25.398275397333894
416			25.89770693163944
417			26.36444945249698
418			26.788610608029398
419			27.19192631470524
420			27.604797128673663
421			28.05387532960238
422			28.515078647216313
423			28.927838387809423
424			29.231336221491954
425			29.414524408669273
426			29.555005378645276
427			29.739531218299103
428			30.044225383280587
429			30.493853867602954
430			31.09769118264779
431			31.86358189116284
432			32.77734911187156
433			33.807512805300135
434			34.92217099159277
435			36.09490478280607
436			37.310036735561646
437			38.55313653313846
438			39.81429946861003
439			41.10801604850462
440			42.456960237367745
441			43.88297475769626
442			45.39283618034113
443			46.980269872222514
444			48.63851499712796
445			50.350401306871724
446			52.076079367351326
447			53.772713915459235
448			55.4016616058925
449			56.949789652828805
450			58.413562062341434
451			59.78979667511836
452			61.08254943822937
453			62.30284657394647
454			63.46200052291844
455			64.57244725194349
456			65.64937483800834
457			66.7083849979361
458			67.76257937549478
459			68.80767355827011
460			69.83199800440312
461			70.8239108440145
462			71.77321618249631
463			72.67127811881872
464			73.5095616706791
465			74.29750423513171
466			75.09456451400843
467			75.9688344810487
468			76.9803703936916
469			78.12455613089999
470			79.36558448724011
471			80.66791728613343
472			82.01188408984589
473			83.39713366910685
474			84.82447952813484
475			86.28301013591312
476			87.72435991585843
477			89.09270063320271
478			90.33337213356667
479			91.40274360327071
480			92.26325084913852
481			92.87848482320655
482			93.26117868627995
483			93.4920629964576
484			93.65685660368267
485			93.83724853642138
486			94.10001917371622
487			94.50850197599709
488			95.11954741404362
489			95.9170883567309
490			96.83915058021343
491			97.82305986108852
492			98.80713656470171
493			99.73127585053932
494			100.53551229804022
495			101.15988048664327
496			101.54441499578735
497			101.62915040491134
498			nan
499			nan
500			nan
