Nom de l'instrument : SAM_81D7
Fichier_calib_utilise: /Users/mdlemineahmedou/Documents/Stage/pipeline_LOG/data/calibration/ALL_2023/Cal_SAM_81D7.dat
Date : 2023-10-10
Heure : 11:32:23

l_onde		data
280			nan
281			nan
282			nan
283			nan
284			nan
285			nan
286			nan
287			nan
288			nan
289			nan
290			nan
291			nan
292			nan
293			nan
294			nan
295			nan
296			nan
297			nan
298			nan
299			nan
300			nan
301			nan
302			nan
303			nan
304			nan
305			nan
306			nan
307			nan
308			nan
309			nan
310			nan
311			nan
312			nan
313			nan
314			nan
315			nan
316			nan
317			nan
318			nan
319			0.0202442957281381
320			0.019212334173450755
321			0.019551791961144777
322			0.020684839198900924
323			0.02203364599439998
324			0.023020382455322702
325			0.02306721950879206
326			0.021895951320390093
327			0.020376952379137735
328			0.01965577958466207
329			0.020739346418405996
330			0.023143962113895158
331			0.02547881170756394
332			0.02636221515516176
333			0.02549526041343427
334			0.024134040872935213
335			0.02365495690504839
336			0.024962936364991008
337			0.027263838944904868
338			0.02938091815833322
339			0.03026644010408705
340			0.03017281698740002
341			0.03010527832053724
342			0.031061450642954604
343			0.03329383924020748
344			0.03603004628681604
345			0.03842315793467474
346			0.039880915183493196
347			0.04069073740602475
348			0.04132985597349201
349			0.042241676924476994
350			0.04354267599169291
351			0.04516613594402452
352			0.047042410365309595
353			0.04906388963248292
354			0.051072113744522286
355			0.05290508057265179
356			0.054497403868298135
357			0.05610956158321739
358			0.05807066161188838
359			0.06065558393444081
360			0.06362582760570729
361			0.06645991758688317
362			0.06864675677457753
363			0.07021743997082922
364			0.07192149549881449
365			0.07455784567082059
366			0.07854866599451878
367			0.08305367636682144
368			0.08696846120427586
369			0.08931970488338596
370			0.0903739419655524
371			0.09108054401968624
372			0.0923809203481313
373			0.09459769594558014
374			0.0972302257609906
375			0.09972086583591003
376			0.10166284644171675
377			0.10316004459677677
378			0.10442426620995875
379			0.1056599142075969
380			0.10700013654450508
381			0.10853828515004323
382			0.11036659443114294
383			0.11254803122786726
384			0.11510590827858971
385			0.11806071401222423
386			0.12139910960070575
387			0.12499029235716402
388			0.1286779798676982
389			0.13232728177324204
390			0.13601664423273319
391			0.1399470356363636
392			0.14432370030587097
393			0.14948186903956856
394			0.15593853664840301
395			0.16422422864887892
396			0.1746387314507799
397			0.1866475013245151
398			0.19952747777953705
399			0.21257168800052015
400			0.2252423041231111
401			0.237102695683726
402			0.24772301431347038
403			0.25695232174957067
404			0.265047334937689
405			0.2722971066325036
406			0.2789964814195289
407			0.2854624201474897
408			0.2920171617830999
409			0.2989556269649652
410			0.30626468160859
411			0.31373687605037043
412			0.3211636438804483
413			0.3284513813607828
414			0.3356842472696161
415			0.34296164168113447
416			0.350361213084905
417			0.3578717353017043
418			0.3654592864162543
419			0.3730859525615469
420			0.3806646994875521
421			0.38807546415062477
422			0.3951978385017228
423			0.40193078638688634
424			0.4082053268408256
425			0.41395548788448583
426			0.41926071895004197
427			0.42484407136833324
428			0.4316065889215265
429			0.44040525599267616
430			0.4514948082699269
431			0.46469394183255175
432			0.479811079953785
433			0.4966051642347724
434			0.5147465460831979
435			0.5338963738083569
436			0.5537665798990007
437			0.5743153859513009
438			0.5955755718722566
439			0.617591317611596
440			0.6405828604001107
441			0.6649089544141673
442			0.6909295161247131
443			0.7186833873382525
444			0.7475808447845327
445			0.7769592457085334
446			0.806215391447478
447			0.8350655203726871
448			0.8633327075519398
449			0.8908450864544601
450			0.9175197612847761
451			0.9433505411277977
452			0.9683339870798351
453			0.9925109203894487
454			1.016017879800032
455			1.0390038979097866
456			1.0616156497032987
457			1.0839856181686987
458			1.1062410013310282
459			1.1285001881009193
460			1.1506960262899504
461			1.1725847339988733
462			1.1939162303321424
463			1.2146637102268392
464			1.2353390654382148
465			1.2565338042869725
466			1.278789270841025
467			1.3023048247772644
468			1.3271371200647206
469			1.353342080859339
470			1.380969129727247
471			1.4100608066086975
472			1.4406590370030936
473			1.4726233088430618
474			1.5053173411399086
475			1.538021439044799
476			1.5700078392636483
477			1.600485780624932
478			1.6286348925824827
479			1.6536513915925328
480			1.6752660149434064
481			1.6938428827834722
482			1.7097828829409984
483			1.7236001246366701
484			1.736158405669994
485			1.7483888239323018
486			1.761225385216231
487			1.7756284101406232
488			1.7925722069421872
489			1.812998300359653
490			1.8364875451933633
491			1.8608047831491337
492			1.8835885203191052
493			1.902994856937915
494			1.919011756219777
495			1.9320322492040283
496			1.9424493669300062
497			1.9506561404370475
498			1.957045600764489
499			nan
500			nan
