Nom de l'instrument : SAM_877D
Fichier_calib_utilise: /Users/mdlemineahmedou/Documents/Stage/pipeline_LOG/data/calibration/ALL_2023/Cal_SAM_877d.dat
Date : 2023-10-10
Heure : 10:57:51

l_onde		data
280			0.14216128386770996
281			0.14910503248205817
282			0.1540962457960127
283			0.1572535452049753
284			0.15970784297266102
285			0.1641064982180569
286			0.17211594192607943
287			0.18291913878600763
288			0.19483689673981883
289			0.20439288767551336
290			0.20859643135839073
291			0.209092298942319
292			0.20903767940760296
293			0.2113884413410798
294			0.21841550807164922
295			0.2241368160510862
296			0.2171050459943236
297			0.20307999586497824
298			0.2062562606396698
299			0.22968578061280848
300			0.24152439004360998
301			0.22495206737010548
302			0.20573300723795268
303			0.2069377217009696
304			0.22021807310327876
305			0.23173439222052747
306			0.2359502140834539
307			0.2316235196187094
308			0.23011256091039495
309			0.24735268247152073
310			0.2726471817617007
311			0.276583267834241
312			0.26268319527131895
313			0.27021220552165165
314			0.3109275401433041
315			0.3505703778372386
316			0.36855837359078303
317			0.38525707228452855
318			0.4194193452118433
319			0.46416972474221435
320			0.5094976647662535
321			0.5582082650070224
322			0.6170803293684536
323			0.6908835802021523
324			0.7821683106603134
325			0.8769980734220054
326			0.9511456880255904
327			1.0149140647005868
328			1.1134268157582408
329			1.2522650139996248
330			1.376651195984976
331			1.4559946815365985
332			1.521704585902058
333			1.6029295594851272
334			1.696422918561153
335			1.7949357808108803
336			1.9025999936651699
337			2.0265137191645772
338			2.1707496353426396
339			2.33589853933371
340			2.4978986345919116
341			2.6198402671039416
342			2.7214617403129937
343			2.872794543393691
344			3.0823286686337665
345			3.276676429996201
346			3.425887305614744
347			3.590928239158189
348			3.8174567177630694
349			4.082906604127756
350			4.359760460456009
351			4.646496266419747
352			4.9435055718892755
353			5.223496565036688
354			5.451547533491738
355			5.617185702571953
356			5.726330966271717
357			5.832790024626532
358			6.024579104283052
359			6.326128159005085
360			6.6925002092456785
361			7.100956777410815
362			7.567911161962472
363			8.095559088780353
364			8.64785925858377
365			9.190565169883671
366			9.711114085594259
367			10.194904679348385
368			10.597751527947672
369			10.874905684023759
370			11.037832432498597
371			11.125580656232975
372			11.216690561535383
373			11.410039824865594
374			11.742726267530669
375			12.198012309035771
376			12.727210462712288
377			13.245562079950318
378			13.660382383455588
379			13.869512350052604
380			13.838123766169593
381			13.692905389700126
382			13.57089642130885
383			13.56465455086648
384			13.747467018049445
385			14.143834067326821
386			14.752634223152684
387			15.49584365478779
388			16.261535298560233
389			16.94316967383377
390			17.44255904953089
391			17.750545466373847
392			17.937859217970846
393			18.143186201174466
394			18.583742248754948
395			19.433729929442663
396			20.786628588107043
397			22.638554949048
398			24.773554175809746
399			26.95322816948425
400			28.966965827787416
401			30.64759561895289
402			32.011366260151625
403			33.12574874397891
404			34.02503957222863
405			34.7352218591063
406			35.34718535189223
407			35.98672739214024
408			36.704742437398004
409			37.48935772568104
410			38.33375835993277
411			39.23879678699739
412			40.18510631748565
413			41.12089255684984
414			41.998843954632854
415			42.78763255095741
416			43.479205344010175
417			44.130466239733586
418			44.7989253727167
419			45.49043576480346
420			46.19908455852075
421			46.933729621362616
422			47.698796155692506
423			48.40547134033712
424			48.92213015007304
425			49.22009803433925
426			49.34801025683439
427			49.38046524039513
428			49.41793121490712
429			49.63276873192686
430			50.29235610091389
431			51.5388486263011
432			53.26916417045185
433			55.32004131545938
434			57.44222463019423
435			59.42588563896545
436			61.251738354812545
437			62.96170920394016
438			64.69120702797544
439			66.58974145119609
440			68.69481891599374
441			70.98793154097935
442			73.37903734888835
443			75.74255718833233
444			78.072070859588
445			80.45648014713443
446			82.93353735470812
447			85.48115991044098
448			88.02628035960882
449			90.42566760756225
450			92.5657076237454
451			94.40284912437278
452			95.9569380990372
453			97.39784072022324
454			98.87786634510225
455			100.38755640929543
456			101.8886079307838
457			103.39194859638819
458			104.91751088522459
459			106.43203650620238
460			107.88056164616712
461			109.23227644040033
462			110.47167521719258
463			111.59215958779859
464			112.59532433663692
465			113.51272084246759
466			114.40863255346574
467			115.3775895119565
468			116.55456778592084
469			117.9951906045457
470			119.59656530051079
471			121.27564000581526
472			123.04761377826532
473			124.9187696810763
474			126.80770735257693
475			128.64235351723082
476			130.49168494732334
477			132.4375691344636
478			134.35671811884131
479			136.04838142524548
480			137.38687756474775
481			138.28862294697183
482			138.6718222602957
483			138.46746021507215
484			137.86442973043205
485			137.29958085724968
486			137.11942331561798
487			137.5396555229392
488			138.59659578161353
489			140.03899259735798
490			141.62929496070169
491			143.2223212024955
492			144.7092800496064
493			146.05306115945953
494			147.21643458731452
495			148.1070728122753
496			148.63863895345145
497			148.83585437424722
498			148.76172668167075
499			148.47929928069829
500			nan
