Nom de l'instrument : SAM_877D
Fichier_calib_utilise: /Users/mdlemineahmedou/Documents/Stage/pipeline_LOG/data/calibration/ALL_2023/Cal_SAM_877d.dat
Date : 2023-10-10
Heure : 11:32:55

l_onde		data
280			0.08429510777851033
281			0.0954876917427961
282			0.10320004822438078
283			0.10421686121930367
284			0.1012600240837312
285			0.10592371747778731
286			0.11928608994193395
287			0.11717132328509745
288			0.08770454338829839
289			0.07301803056247586
290			0.11147692885084397
291			0.15978317275928267
292			0.1574563871381672
293			0.12734196903604414
294			0.12931943788688477
295			0.1562015050120806
296			0.15288091771850765
297			0.11694284827587564
298			0.10367201772382197
299			0.13231136693871576
300			0.16048900783746387
301			0.15809147884551314
302			0.13664927881975247
303			0.11401265709661555
304			0.10925526744915895
305			0.1341259397371175
306			0.15867729434529246
307			0.14577025330154364
308			0.11894718874714748
309			0.1282324073187524
310			0.15889293046587652
311			0.14999346513823683
312			0.10463948172631338
313			0.09570779618328167
314			0.14347546117208218
315			0.18012198871279902
316			0.16517087581599443
317			0.1392232423654233
318			0.1406513962034736
319			0.16043170404073406
320			0.18112391615209036
321			0.19514469279053845
322			0.20016626465845114
323			0.21033689857497928
324			0.2449742568179527
325			0.28476615904316377
326			0.28522867711327643
327			0.2585642128383617
328			0.27446975807384844
329			0.3455293910105769
330			0.39668101516963417
331			0.3899830996574072
332			0.38179193094635316
333			0.4165953167515204
334			0.46293185333913195
335			0.48520895174921425
336			0.49952152739159
337			0.5339830193519645
338			0.5924256890964246
339			0.666081017723964
340			0.7243773026242752
341			0.7263712140626105
342			0.7001407809636294
343			0.7348325063399896
344			0.8394951112966388
345			0.9168620994960691
346			0.9305301227802233
347			0.9704184204597398
348			1.0894218007182375
349			1.2030088285530496
350			1.2387934581687843
351			1.2655495151141192
352			1.3669654174697254
353			1.503575331305466
354			1.5978414408921335
355			1.6429902047674243
356			1.6703114193306483
357			1.7098414033026152
358			1.7892141679970932
359			1.9052246415244984
360			2.0219858860068807
361			2.1395787392790147
362			2.3153245772214066
363			2.5613438607758794
364			2.7805814821926287
365			2.908571875167943
366			3.029872854247278
367			3.2266696224763156
368			3.4322413592505763
369			3.5529457464995997
370			3.6104264375689272
371			3.6713504676620037
372			3.7598640159312797
373			3.874438440804595
374			4.016850304198145
375			4.1919556618680245
376			4.403305071776283
377			4.652218354734115
378			4.898707873986516
379			5.034322179489513
380			5.0141542829356
381			4.959087737491757
382			4.977639070776622
383			5.054067027967088
384			5.160768606738011
385			5.343365248252749
386			5.6544708386553335
387			6.030127358234841
388			6.361650262809154
389			6.6236472963544974
390			6.842780978390299
391			7.035911506815076
392			7.2111982714010665
393			7.39672290256571
394			7.645270909236907
395			8.024668617525169
396			8.625329310292443
397			9.469350949816166
398			10.412037881696317
399			11.324506729890391
400			12.212860822935793
401			13.088124408391518
402			13.84623262064718
403			14.37484890251852
404			14.75235399092405
405			15.129054820696092
406			15.540347644474714
407			15.953912283005785
408			16.372049121015504
409			16.82611661523007
410			17.328642618264837
411			17.869427118097768
412			18.428529631562313
413			18.97276669954879
414			19.490804932893415
415			20.021469617324456
416			20.58358529043218
417			21.11433692378668
418			21.565019916258983
419			22.016906319470618
420			22.56479246369533
421			23.165414581521308
422			23.729944028160965
423			24.241662407742847
424			24.71951352976823
425			25.137821874347992
426			25.440940551241926
427			25.64633878890492
428			25.846144000049907
429			26.163362484693184
430			26.75772995578185
431			27.702864527328142
432			28.90758664769211
433			30.26440001808484
434			31.669883821203015
435			33.033870088724
436			34.31150849410711
437			35.49409600049221
438			36.70472334741186
439			38.08723994391805
440			39.633950436795516
441			41.27229563495152
442			42.94862255792304
443			44.624014223848306
444			46.31156455098428
445			48.06499672607349
446			49.89835936821453
447			51.78075029916357
448			53.662901313706755
449			55.47197903115511
450			57.14186657137504
451			58.623603600453436
452			59.91830372534979
453			61.157838333046485
454			62.45894187247937
455			63.79797712841006
456			65.12676102179589
457			66.44237790306957
458			67.75538051739895
459			69.0659774737667
460			70.3671619478722
461			71.62446457679364
462			72.78967162488905
463			73.86241498494755
464			74.88069224229942
465			75.86416935951341
466			76.81265385038317
467			77.78294432938831
468			78.91451537847517
469			80.27090099581196
470			81.75738306684372
471			83.29401977587443
472			84.8858850742868
473			86.53688100436932
474			88.19830068049785
475			89.82801620292888
476			91.47334063394747
477			93.18920253243596
478			94.89664659113463
479			96.46237520437246
480			97.76568183346637
481			98.69801792900198
482			99.22179709757633
483			99.35719546583029
484			99.24378465078205
485			99.13541290503827
486			99.26905385857454
487			99.85188459584766
488			100.92287847121491
489			102.2413056802839
490			103.60644426745078
491			104.96706943493085
492			106.28402681699328
493			107.49352126817493
494			108.52738506894102
495			109.31840560211114
496			109.81508668128231
497			110.05175591917887
498			110.09232784305829
499			110.00074464419832
500			nan
