Nom de l'instrument : SAM_81D7
Fichier_calib_utilise: /Users/mdlemineahmedou/Documents/Stage/pipeline_LOG/data/calibration/ALL_2023/Cal_SAM_81D7.dat
Date : 2023-10-10
Heure : 11:30:53

l_onde		data
280			nan
281			nan
282			nan
283			nan
284			nan
285			nan
286			nan
287			nan
288			nan
289			nan
290			nan
291			nan
292			nan
293			nan
294			nan
295			nan
296			nan
297			nan
298			nan
299			nan
300			nan
301			nan
302			nan
303			nan
304			nan
305			nan
306			nan
307			nan
308			nan
309			nan
310			nan
311			nan
312			nan
313			nan
314			nan
315			nan
316			nan
317			nan
318			nan
319			0.11667712562938554
320			0.1272047329705695
321			0.13408584023547687
322			0.13873792667171067
323			0.1425784715268741
324			0.14702495404857027
325			0.153494851661002
326			0.16273892840329435
327			0.17295215898590677
328			0.18171718979178778
329			0.18688798789223315
330			0.1892355846944812
331			0.1913062243406753
332			0.19563722756708088
333			0.2030880017892351
334			0.21210823754076605
335			0.22096117739341128
336			0.2282722381917891
337			0.23397202161194694
338			0.23828503853944485
339			0.2414814474171396
340			0.2442914276522255
341			0.24771152236428282
342			0.2527237446497848
343			0.2595212343194938
344			0.26721204780948016
345			0.2748253578525943
346			0.2817359325440611
347			0.2885123627895219
348			0.29598083579391016
349			0.30481726073795873
350			0.3142450720865043
351			0.3226738209068688
352			0.3285406409950152
353			0.33180634677703763
354			0.3344726691939634
355			0.3386840134036314
356			0.34593947877067455
357			0.35556168957271184
358			0.36641488478327416
359			0.37745276988383614
360			0.38847603846490336
361			0.39975224153350014
362			0.41154927523563667
363			0.42395076172170026
364			0.43679615015793105
365			0.4499080508990979
366			0.4629436910882454
367			0.4750061087923367
368			0.48508239265676634
369			0.49231613173869804
370			0.49733098468900383
371			0.5015657459746301
372			0.506445199873714
373			0.512470543977988
374			0.5189141773396057
375			0.5249634165263376
376			0.5299841731260205
377			0.5339468288611671
378			0.536949524597694
379			0.5391111870739023
380			0.5407508106005705
381			0.5422991275754742
382			0.5441931973161862
383			0.5470887886532225
384			0.5519379960155191
385			0.559713947123641
386			0.5708581806313155
387			0.5839663124463548
388			0.597233549294002
389			0.6090624307553582
390			0.6199231645190753
391			0.6314734498125301
392			0.6453823270945892
393			0.6631896375437076
394			0.6862545590858571
395			0.7159227918211322
396			0.7529303184088839
397			0.795808442620064
398			0.842590321384973
399			0.8912671872420124
400			0.9393894819307642
401			0.9842439273288363
402			1.0231439423097979
403			1.0549600976844913
404			1.0808388986369624
405			1.1021073807747432
406			1.1201167385161916
407			1.1363104173543566
408			1.1521538788006462
409			1.168998353904802
410			1.1869069556041085
411			1.2051302742604382
412			1.2229125174991342
413			1.2398764838913086
414			1.2562303731482682
415			1.2722325770702378
416			1.288018621544737
417			1.3032220153654146
418			1.3173480682832397
419			1.3299452156932319
420			1.3410925493396544
421			1.3512259769759611
422			1.3607825032802527
423			1.369800331123772
424			1.3776577554489646
425			1.383671126347653
426			1.387707911664857
427			1.392074700344359
428			1.399752636741224
429			1.4135745251264922
430			1.4343454709338024
431			1.4614024867384072
432			1.4940475678558676
433			1.5313766846234584
434			1.5721169477196304
435			1.614957149227978
436			1.6588168103342944
437			1.7037344240231846
438			1.7500872260196718
439			1.7982377566742143
440			1.8483201388112642
441			1.9002887827331487
442			1.9540925570527174
443			2.0095944747356995
444			2.066489469894522
445			2.1244529779073766
446			2.1829994734922797
447			2.240778470797521
448			2.2961501952541408
449			2.347557150790785
450			2.3949147288306167
451			2.4394081502378535
452			2.4822618952617885
453			2.5242695704041953
454			2.565292969834434
455			2.6050722597163554
456			2.64339770150703
457			2.6803611125332316
458			2.716166606629514
459			2.7510180240192073
460			2.785109438384244
461			2.8186256259442053
462			2.851750593849813
463			2.8845439698297506
464			2.916765291817445
465			2.948129746047895
466			2.9785761116582337
467			3.009567466030288
468			3.0432029566874297
469			3.081513269159436
470			3.1247263996079284
471			3.171162005336495
472			3.2190486946184578
473			3.2670542341176327
474			3.3150397909875777
475			3.363067323793464
476			3.411001553105627
477			3.4571671785066624
478			3.4991650806151084
479			3.5346382905660585
480			3.5627081515406633
481			3.58424773921683
482			3.600231815664313
483			3.6119460450982745
484			3.6216363248405243
485			3.631733356007348
486			3.6445694088761917
487			3.6615860115211087
488			3.683751218945738
489			3.7119866364884238
490			3.7454745620951133
491			3.7810759335413797
492			3.815490189534056
493			3.8459514603014258
494			3.8715862498898237
495			3.8919395105348573
496			3.9065561944721345
497			3.9149812539372615
498			3.916759641165846
499			nan
500			nan
