Nom de l'instrument : SAM_81D7
Fichier_calib_utilise: /Users/mdlemineahmedou/Documents/Stage/pipeline_LOG/data/calibration/ALL_2023/Cal_SAM_81D7.dat
Date : 2023-10-10
Heure : 11:45:40

l_onde		data
280			nan
281			nan
282			nan
283			nan
284			nan
285			nan
286			nan
287			nan
288			nan
289			nan
290			nan
291			nan
292			nan
293			nan
294			nan
295			nan
296			nan
297			nan
298			nan
299			nan
300			nan
301			nan
302			nan
303			nan
304			nan
305			nan
306			nan
307			nan
308			nan
309			nan
310			nan
311			nan
312			nan
313			nan
314			nan
315			nan
316			nan
317			nan
318			nan
319			0.04733384511272949
320			0.046477167898864934
321			0.04642503657206188
322			0.047120834116962815
323			0.04850794351821025
324			0.05052974776044667
325			0.053129629637678574
326			0.05618126724329843
327			0.05929113160095268
328			0.062001674976449775
329			0.06390295138822366
330			0.06509679807241249
331			0.06599650377288603
332			0.06701701162653599
333			0.068437494421216
334			0.07034213984149816
335			0.0728000454081155
336			0.07581761472200546
337			0.07917531829258767
338			0.0826027496847052
339			0.08584736867261805
340			0.08883668477194734
341			0.09160246082857736
342			0.09417866541157591
343			0.0966406354912691
344			0.09912060965356083
345			0.10175496450679417
346			0.10467540766643607
347			0.10799751820340676
348			0.11183339506297305
349			0.11626567108355074
350			0.12109218180598305
351			0.12595117872492315
352			0.1304831829984832
353			0.13449663268962964
354			0.13802488463858245
355			0.14111704271058303
356			0.1439014264971999
357			0.14677353288279196
358			0.15018512870184617
359			0.1545510127410966
360			0.1599360036932702
361			0.16621201222702678
362			0.17324673753164943
363			0.1808185717459925
364			0.18858757034976906
365			0.19620563983369008
366			0.20331207322098963
367			0.2095038965731322
368			0.21436929270659585
369			0.2175876471763766
370			0.21970087617632017
371			0.2217259273576957
372			0.22466870581982462
373			0.22887876214308978
374			0.23383239106065268
375			0.23894541198357042
376			0.24368803958372712
377			0.2477145939499767
378			0.2507183071852143
379			0.2524534365084936
380			0.2532616163066103
381			0.25381253213555727
382			0.25477666891415207
383			0.25670561294564387
384			0.2599898569304662
385			0.2650084083316756
386			0.27187703470040975
387			0.27979741304050776
388			0.2877729399837573
389			0.2949095616274532
390			0.301335918992939
391			0.30776800150847705
392			0.3149335208971956
393			0.32377836138021354
394			0.33555348436610544
395			0.35153255458849625
396			0.3724014819190533
397			0.3967209118871121
398			0.4225712868852828
399			0.44810766088961235
400			0.4722695500466289
401			0.49446580483532676
402			0.5141183839501356
403			0.5309984304675891
404			0.5453874556041515
405			0.557607454139244
406			0.5681043979216026
407			0.5777976686032861
408			0.5877196286222709
409			0.5988118856003914
410			0.6109926518167623
411			0.6235345995091852
412			0.6357059956652994
413			0.6471155805128284
414			0.6578985554249073
415			0.66823526036906
416			0.6783112769806126
417			0.6883336037938442
418			0.6985147085311879
419			0.70902407298564
420			0.7195022422973815
421			0.7292341019299677
422			0.7375052710725198
423			0.744130531387326
424			0.7498002837180877
425			0.7552871223434199
426			0.7613351416426895
427			0.7685623019609906
428			0.777551680424454
429			0.7888827917806267
430			0.8030864798892435
431			0.8206583499535445
432			0.8420866993355073
433			0.8672618428863748
434			0.8950034892293239
435			0.9240201281938202
436			0.9532640722543018
437			0.982870105714882
438			1.013330978780584
439			1.045126109986721
440			1.0785275260053404
441			1.1136440833898567
442			1.1505782788303118
443			1.1891892124460757
444			1.2288594890080193
445			1.2689164353267985
446			1.3087359932885632
447			1.3479553495044194
448			1.3862990646855382
449			1.4234925036970332
450			1.459274282470064
451			1.4933944411578408
452			1.5256049800920446
453			1.5559508520192462
454			1.5851105518188975
455			1.6138452696335917
456			1.6427775411809127
457			1.6716952517944297
458			1.7000754710261017
459			1.7274161286683316
460			1.7536660319279607
461			1.7792032101504098
462			1.8044224094726313
463			1.8296144733702193
464			1.8548195597321833
465			1.8800407764321274
466			1.905365737560637
467			1.9314581608188197
468			1.9592221645684615
469			1.9895361409523746
470			2.0226009612276123
471			2.0579002685717502
472			2.094883194719023
473			2.1329762951047933
474			2.1715447747115624
475			2.2099435162166716
476			2.247486301633167
477			2.2831660017537203
478			2.3158246572011962
479			2.3443243067443733
480			2.3681927367218787
481			2.38774661404451
482			2.4033484861602985
483			2.4156707969468942
484			2.426343117197102
485			2.437179223689223
486			2.4499103184703386
487			2.4655203499940472
488			2.4845960648614547
489			2.5076909268693854
490			2.5341342751746803
491			2.5616216755165175
492			2.5877350352314377
493			2.6105093665662937
494			2.6295833052306428
495			2.644950085654359
496			2.6566029422673183
497			2.6645351094993943
498			2.668739821780462
499			nan
500			nan
