Nom de l'instrument : SAM_80E0
Fichier_calib_utilise: /Users/mdlemineahmedou/Documents/Stage/pipeline_LOG/data/calibration/ALL_2023/Cal_SAM_80E0.dat
Date : 2023-10-10
Heure : 10:22:17
Comment : LIDAR_20231010

l_onde		data
280			nan
281			nan
282			nan
283			nan
284			nan
285			nan
286			nan
287			nan
288			nan
289			nan
290			nan
291			nan
292			nan
293			nan
294			nan
295			nan
296			nan
297			nan
298			nan
299			nan
300			nan
301			nan
302			nan
303			nan
304			nan
305			nan
306			nan
307			nan
308			nan
309			nan
310			nan
311			nan
312			nan
313			nan
314			nan
315			nan
316			nan
317			65.09063870423212
318			69.29338845535737
319			74.39784711103228
320			80.27677362262608
321			86.80292694150789
322			93.84906601904686
323			101.28794980661216
324			108.99145089188984
325			116.80920379045656
326			124.56752481664701
327			132.09144857340084
328			139.13456833412107
329			145.2702641397491
330			150.0439404840255
331			153.12552809946345
332			155.0196102752115
333			156.57378605999108
334			158.61058110730664
335			161.3632047008727
336			164.4819228915213
337			167.59245154903405
338			170.40816009848655
339			172.8511137260172
340			174.87376920042976
341			176.4677518230413
342			177.87257327502033
343			179.42443269935896
344			181.44959694187116
345			184.06187640419571
346			187.17369994741574
347			190.68924740717037
348			194.4382767523733
349			198.08042078504945
350			201.2516473354186
351			203.64390143511005
352			205.28986533027867
353			206.35043060314237
354			206.9876023956386
355			207.3809721154278
356			207.7263433912513
357			208.22065510646277
358			209.1727866698198
359			211.14124405618864
360			214.71828959478918
361			220.35075213723076
362			227.61924273626502
363			235.78498049690714
364			244.10752992697587
365			251.82401430988497
366			258.1511515039085
367			262.3072307914558
368			263.978706578721
369			263.88575680410725
370			262.886768101213
371			261.78318290648645
372			261.03919572424417
373			260.99530901276626
374			261.9612735211127
375			263.65143577332753
376			265.2389952428527
377			265.87888722211454
378			265.018035115046
379			262.75071780619885
380			259.2581723853248
381			254.83957576914392
382			250.49921688350705
383			247.50228978246128
384			247.0567048406173
385			249.2231480098934
386			253.00697477782768
387			257.3751764319309
388			261.50025901227906
389			265.018289832522
390			267.6288462341768
391			269.2323469539173
392			270.95871641112785
393			274.40295348953396
394			281.11537376847207
395			291.7030925051456
396			305.8847043142703
397			323.34265139591486
398			343.3626533061351
399			364.30864804366973
400			384.4139667980214
401			402.0656732294204
402			416.62753870526905
403			427.84565488066073
404			435.50430016931296
405			440.2081413783343
406			443.3619507620728
407			446.4021808009122
408			450.2702634100273
409			454.7088647238111
410			459.28274888002204
411			463.58986066518924
412			467.4497337971504
413			470.77266919781334
414			473.4691616698188
415			475.4478002244041
416			476.61523000691636
417			476.8783202592718
418			476.2771068035204
419			475.1914799983785
420			474.0547638588349
421			473.18994408842224
422			472.1359598973996
423			470.0922684145882
424			466.2923145180891
425			460.90195870790836
426			455.0910559675075
427			450.0787837410675
428			446.84776892937515
429			445.73771133767804
430			446.9801179562743
431			450.73185559205723
432			456.5788043749056
433			463.8431540842608
434			471.8503446166851
435			480.06510309272994
436			488.11186049944513
437			495.6239847792079
438			502.4176542968775
439			508.84345197801105
440			515.349093468036
441			522.3344145236822
442			529.800422324586
443			537.5501193110239
444			545.3844468247779
445			553.0825276021675
446			560.3966328919659
447			567.0774035314226
448			572.9330959131328
449			577.954799010759
450			582.1697845903573
451			585.6123031467112
452			588.3806162149419
453			590.6073837570177
454			592.4257166655109
455			593.973683695011
456			595.3959507019778
457			596.8376349139453
458			598.3818409671596
459			599.8962328052098
460			601.2017190685011
461			602.1262304544537
462			602.5694196690489
463			602.4729033042759
464			601.7822503835642
465			600.6152880425343
466			599.339351044447
467			598.3413151185862
468			597.9216930921784
469			598.0500318440007
470			598.6166075549866
471			599.5177266722244
472			600.7190670352668
473			602.2307177979905
474			604.0618384358888
475			606.1157946709927
476			608.1281081822425
477			609.8194012331215
478			610.9052818267942
479			611.0800280167989
480			610.0322472027475
481			607.4881658910205
482			603.667219475212
483			599.1357613338307
484			594.4671361808983
485			590.2151944901356
486			586.8997165432359
487			585.0370499710779
488			584.9967944529878
489			586.4519311558753
490			588.8689468215026
491			591.7209733579392
492			594.5821652054842
493			597.1050142753753
494			598.9440607989942
495			599.7538450077232
496			599.1889071329445
497			596.9037874060402
498			nan
499			nan
500			nan
