Nom de l'instrument : SAM_81D7
Fichier_calib_utilise: /Users/mdlemineahmedou/Documents/Stage/pipeline_LOG/data/calibration/ALL_2023/Cal_SAM_81D7.dat
Date : 2023-10-10
Heure : 12:17:35

l_onde		data
280			nan
281			nan
282			nan
283			nan
284			nan
285			nan
286			nan
287			nan
288			nan
289			nan
290			nan
291			nan
292			nan
293			nan
294			nan
295			nan
296			nan
297			nan
298			nan
299			nan
300			nan
301			nan
302			nan
303			nan
304			nan
305			nan
306			nan
307			nan
308			nan
309			nan
310			nan
311			nan
312			nan
313			nan
314			nan
315			nan
316			nan
317			nan
318			nan
319			0.1659032785713024
320			0.17534826912116358
321			0.18210372411480438
322			0.18701912488749306
323			0.19094395277449805
324			0.1947276891110877
325			0.19921981487769558
326			0.20514006825070324
327			0.2127108293490584
328			0.2220353188508008
329			0.23313504266428076
330			0.24515296241199735
331			0.25669739158229543
332			0.266387799152025
333			0.2737661193519038
334			0.2796990748077107
335			0.2851558952876348
336			0.2910057545326958
337			0.29775724957061855
338			0.3058377806405803
339			0.3155938575478555
340			0.3265568030950885
341			0.3377859263004608
342			0.34834163682696007
343			0.3575888873069715
344			0.365311524660415
345			0.37132390369314094
346			0.3758460189216561
347			0.3804991045552277
348			0.38720674633814695
349			0.39765269591755337
350			0.41120264836527887
351			0.42592339300251153
352			0.4398897393084276
353			0.45210745714591094
354			0.4628293050080626
355			0.47239528613764237
356			0.4812063730880963
357			0.4898691745425598
358			0.49903360800970964
359			0.5093840479215641
360			0.5219310757457661
361			0.5378650773324264
362			0.5583386950215776
363			0.5828934515612547
364			0.6089360493344856
365			0.6337262929438018
366			0.6549355826197979
367			0.6716145504900504
368			0.6831023965149683
369			0.6890128500923186
370			0.6915559447970758
371			0.6943716067803878
372			0.7010536111947212
373			0.7126900864002597
374			0.7270354887106076
375			0.7416134410376976
376			0.7543736346550657
377			0.7647078256811952
378			0.7723125610898244
379			0.7769570592301467
380			0.7791100128543215
381			0.7796307723844311
382			0.7794040556384036
383			0.7802182510173582
384			0.7850861139960567
385			0.7971073623350533
386			0.8177977418060889
387			0.8431727159037696
388			0.8680546518594061
389			0.8878095870413476
390			0.90322541730117
391			0.9182038898138237
392			0.9366689677350603
393			0.9618586707108504
394			0.9960518428785866
395			1.0414558440784716
396			1.099120796010309
397			1.1659123599558578
398			1.2377507190376518
399			1.310640465810687
400			1.3814736690574678
401			1.4476733639709787
402			1.506692146704764
403			1.5571359467917396
404			1.5992964066480906
405			1.6335988841429374
406			1.661123407800191
407			1.6854498838036884
408			1.7107548222536497
409			1.7408346707598195
410			1.7752001078760404
411			1.8106584233308254
412			1.8440027789619178
413			1.8737097128343692
414			1.9008587052490657
415			1.9267524118633745
416			1.9524358446530665
417			1.977901310824616
418			2.0028722905957426
419			2.0270518888990554
420			2.0498924964142327
421			2.0706779222911105
422			2.088697561891018
423			2.1038690916740728
424			2.1171498215009357
425			2.1295946505062964
426			2.1424212440765262
427			2.1575676337925835
428			2.1771710733711798
429			2.203341510218424
430			2.2378155992138065
431			2.2820597242861678
432			2.337514372186854
433			2.403798527871397
434			2.477270025455592
435			2.5539479178553903
436			2.6305275344324293
437			2.7069839567066767
438			2.784285135040006
439			2.863390150726606
440			2.9451175660568207
441			3.0301753868981547
442			3.119261280173945
443			3.2121569585837473
444			3.306850979213369
445			3.401123876163737
446			3.493061441707448
447			3.5823898458453995
448			3.6693838879443046
449			3.7542726855851525
450			3.8364626732225986
451			3.914651020511132
452			3.9875175723364955
453			4.054833184059512
454			4.118728142362425
455			4.1816407068054655
456			4.245551016764338
457			4.30968149084305
458			4.372227598933259
459			4.431461153187088
460			4.487300107250646
461			4.54122949342564
462			4.594794446657721
463			4.648871403824089
464			4.702723436317846
465			4.755375168572089
466			4.8061789775389725
467			4.856721625004542
468			4.909522252938653
469			4.967040461887651
470			5.0301357988689155
471			5.0979739836780205
472			5.169639087879755
473			5.244068603911443
474			5.319801699582448
475			5.395310523989633
476			5.468964146491927
477			5.538326796792687
478			5.600584425201448
479			5.6529783805347416
480			5.69458693653179
481			5.72666503936695
482			5.750594072491749
483			5.76830526792543
484			5.783428085911671
485			5.799918822977537
486			5.8215962585276175
487			5.8510347214862
488			5.890147054448928
489			5.940753287752274
490			6.001089312490082
491			6.064607461588562
492			6.1244272903572305
493			6.175079453163981
494			6.216088749235237
495			6.24808430023788
496			6.271695227838793
497			6.2875506537048595
498			6.296279699502959
499			nan
500			nan
