Nom de l'instrument : SAM_877E
Fichier_calib_utilise: /Users/mdlemineahmedou/Documents/Stage/pipeline_LOG/data/calibration/ALL_2023/Cal_SAM_877E.dat
Date : 2023-10-10
Heure : 12:19:14

l_onde		data
280			3.0070907392571935
281			3.119476016979647
282			3.259889209280513
283			3.440837198654952
284			3.6354110177717596
285			3.7831602901592314
286			3.8764243781237253
287			3.979112968288989
288			4.122512550063886
289			4.261841601661334
290			4.364360817828976
291			4.464259468476691
292			4.598829553731198
293			4.7549221655261125
294			4.906573750818958
295			5.051953902121605
296			5.201808842997105
297			5.378540393733004
298			5.614609749941194
299			5.984646562618757
300			6.609069109118933
301			7.574862371496408
302			8.90982635098285
303			10.654231317038168
304			12.893855361395497
305			15.703831446766232
306			19.089245191857195
307			23.052409336310486
308			27.686844723781814
309			33.10510848439648
310			39.25211540538377
311			45.969766458514194
312			53.02259191777249
313			60.113146627251986
314			67.13757705657709
315			74.24688367585247
316			81.50868316723302
317			88.79403062947112
318			95.9337167212172
319			102.70615384925975
320			109.04308732836955
321			115.63825204601191
322			123.33159438312353
323			132.39866338556186
324			142.84034867063355
325			154.39630265486332
326			166.60222634877982
327			178.3354029665643
328			187.84425579689108
329			194.52635699514101
330			199.5022391870824
331			203.44867323165906
332			205.7698548097261
333			206.16838957249917
334			205.90947162917158
335			206.4129191083352
336			208.20503893590703
337			211.46497614662465
338			215.89649400520747
339			220.95136899322466
340			225.82675492338564
341			229.5635694603192
342			231.92436809622038
343			233.4456367064888
344			234.72055256470875
345			236.3717544401347
346			238.94587542186812
347			242.80713745756873
348			248.11773848311068
349			254.41797961185705
350			261.16513743674216
351			268.11083986613244
352			274.95185467430457
353			280.0614814313204
354			281.31809148935025
355			279.1337314122994
356			275.7955890967786
357			273.1166173189302
358			272.3444863373788
359			274.5527719356506
360			280.58234182459006
361			290.5415499408923
362			302.8836283657964
363			316.04402270263876
364			329.2175300031885
365			341.69866459121033
366			352.4261320988164
367			360.25096589008297
368			364.2814769925877
369			363.8512544367944
370			359.6277044647419
371			353.262151827324
372			346.8810259258251
373			343.06972139075793
374			343.6229598054608
375			349.10440811962764
376			358.5796531753703
377			368.0447570971614
378			373.4180394883915
379			371.699529170094
380			361.3326527859037
381			346.81240912260694
382			334.0872922071444
383			325.94891970179435
384			323.65417848127873
385			327.40816000049415
386			336.6493926831002
387			349.3070783766103
388			361.89405880583115
389			371.40777736538365
390			375.59787783882365
391			373.96249112887216
392			369.33260684613043
393			365.29126664702335
394			366.47014396727155
395			376.915034086697
396			397.3366893561946
397			427.1989973416039
398			463.7000672578709
399			503.02238775615547
400			540.234860631275
401			569.9605940219549
402			590.1375037519268
403			601.4988258169291
404			606.2953978097775
405			608.4443456322731
406			610.7919487325064
407			614.2387589831005
408			619.3010952163888
409			626.014923247194
410			634.1351994415264
411			642.6738333518595
412			650.5512283834129
413			657.0684986942025
414			661.6988621365385
415			664.2927044476656
416			664.9244542446919
417			664.2251042722411
418			663.1854744394221
419			662.4363309407073
420			662.245888261741
421			662.3932841536825
422			662.0209374353707
423			660.4326623115148
424			657.3246674635539
425			652.2385552179811
426			644.1720795872881
427			632.9309769282933
428			621.9295951442152
429			615.1696125302082
430			614.7793221705912
431			621.9585275391614
432			635.7465497313682
433			653.9388083175218
434			672.7689342463598
435			687.4772596777443
436			697.0244031181356
437			704.2224071214075
438			711.3972617106252
439			719.9158032861834
440			730.4193108120459
441			742.2304607834303
442			754.3934848822388
443			765.6075639616902
444			774.987191066324
445			783.6522611525785
446			793.0526396036821
447			803.4303752208264
448			814.4177832796152
449			824.2560696130305
450			830.594880070261
451			833.332097163933
452			834.0488594742411
453			834.1327738081416
454			834.7161918966956
455			836.3426995782655
456			838.7272433826269
457			841.508931377044
458			844.303395899044
459			846.8473829708471
460			849.2283237368429
461			851.3800306916049
462			852.3612520134809
463			851.2514773029714
464			848.5596621403389
465			845.2864394701611
466			842.1813860447179
467			839.8511865299296
468			838.7187654743939
469			839.0599766176439
470			840.7682027881714
471			843.368415874315
472			846.4348456745852
473			849.6286908871238
474			852.6942832244744
475			855.51802694938
476			858.1298695014583
477			860.8888274900913
478			863.9348254776381
479			866.4224839891647
480			867.2293786770532
481			864.9565891927108
482			858.37035072394
483			848.1458760993079
484			835.9256962206948
485			824.4823062081946
486			817.1689714866486
487			815.1710613694738
488			817.791905928336
489			823.5907429131814
490			830.3459310025207
491			836.5171449723505
492			841.7067997830859
493			845.6869078815374
494			848.3789996055738
495			849.6592157869514
496			849.2085960278222
497			846.6716618952138
498			841.6929349561531
499			nan
500			nan
