Nom de l'instrument : SAM_877E
Fichier_calib_utilise: /Users/mdlemineahmedou/Documents/Stage/pipeline_LOG/data/calibration/ALL_2023/Cal_SAM_877E.dat
Date : 2023-10-10
Heure : 12:21:32

l_onde		data
280			2.967128778407333
281			3.079076761846562
282			3.206881930980924
283			3.3693612274970515
284			3.5494600953103155
285			3.6992081537258317
286			3.8026470635416634
287			3.8878233324999996
288			3.9797656868176676
289			4.091220036117278
290			4.225202320926256
291			4.358720340658781
292			4.471877752793048
293			4.585954291237621
294			4.7295622728434195
295			4.886153811935715
296			5.022696635265871
297			5.1833250961337844
298			5.467599303298267
299			5.932039674579675
300			6.584862531386177
301			7.477106560670765
302			8.734719792403249
303			10.461810225162216
304			12.689592752783884
305			15.440352027166917
306			18.745845907728526
307			22.64839175874773
308			27.241871674416366
309			32.6235042623525
310			38.719124155829526
311			45.3504939258095
312			52.282809006037475
313			59.23773453408645
314			66.1356315992343
315			73.15735493565505
316			80.37527421378226
317			87.61539423444873
318			94.67302868899165
319			101.33697945649436
320			107.55654410624884
321			114.03659275824228
322			121.62085940805058
323			130.54810587090088
324			140.77111407216756
325			152.06658484514625
326			164.06153528966848
327			175.65363701938867
328			185.04070520267138
329			191.59820250478245
330			196.4707830073631
331			200.34906805576023
332			202.620539509705
333			202.96822762054182
334			202.64171796253032
335			203.0515138895244
336			204.74301711376935
337			207.92089505288922
338			212.29158936295502
339			217.2962709020022
340			222.0931310915903
341			225.66763879232147
342			227.83283175934636
343			229.28669765323977
344			230.64335632011458
345			232.31869903597604
346			234.7376877365435
347			238.38631713108012
348			243.5436181015357
349			249.7277114301674
350			256.3510192547234
351			263.16371996044734
352			269.87552434426453
353			274.870134138039
354			276.0363155536297
355			273.8149264841689
356			270.5324756454555
357			267.9550805859481
358			267.1914559655695
359			269.27036526415327
360			275.14330895485324
361			284.97542449519756
362			297.11978350219346
363			309.93776230990784
364			322.7194089108987
365			334.87249604432344
366			345.34702267559936
367			352.976198857287
368			356.89096243028877
369			356.46213815845596
370			352.3193063202409
371			346.0242880877925
372			339.68278783957913
373			335.93124164455867
374			336.54494197454267
375			341.95725833846177
376			351.1748506176947
377			360.311902085386
378			365.42372852119325
379			363.6320787956653
380			353.456009068241
381			339.25342150924445
382			326.78921067523146
383			318.81722433513727
384			316.61773866012015
385			320.34951402808815
386			329.364174982014
387			341.6329738196411
388			353.83335455656214
389			363.07297413777786
390			367.13058608177533
391			365.5059012418169
392			360.98877601800615
393			357.086336553249
394			358.26836913944817
395			368.4405498864328
396			388.33373516417646
397			417.4742561719992
398			453.11736364172157
399			491.50403905898304
400			527.7967236515263
401			556.7312972590568
402			576.3403395929606
403			587.4323490606272
404			592.2015565839176
405			594.3557938361197
406			596.6241203058255
407			599.9578615161523
408			604.8961474225744
409			611.3922403288458
410			619.1526808404448
411			627.3169637477012
412			634.9383176875698
413			641.2742139779863
414			645.7161132834653
415			648.1879617785893
416			648.8930429330672
417			648.3590335314311
418			647.3272163522529
419			646.4246305328154
420			646.1495291404755
421			646.3431235347368
422			645.9724754748381
423			644.2831949331297
424			641.1680830636243
425			636.2994217370672
426			628.5469224839126
427			617.5712819648093
428			606.7495775625778
429			600.0703761275787
430			599.6320571818626
431			606.6031804974929
432			620.0348158600844
433			637.7605727441487
434			656.1069211639597
435			670.4425947902704
436			679.7433142326772
437			686.7197154645669
438			693.6563344237014
439			701.9721528855963
440			712.3080346824983
441			723.8651841875907
442			735.6202403790718
443			746.4029655749895
444			755.4606322204988
445			763.9054678370079
446			773.1371374442404
447			783.3127348509964
448			793.9825766633685
449			803.4542043297427
450			809.5172003745319
451			812.1203360234489
452			812.8266422579828
453			812.964969752658
454			813.5692539156848
455			815.1233634403317
456			817.3410834372372
457			819.9095717116649
458			822.5818383418753
459			825.1597040956891
460			827.5609485106605
461			829.5770231917024
462			830.4029186772273
463			829.2909096093643
464			826.7213148137989
465			823.5931241259971
466			820.5573737862059
467			818.1367491311294
468			816.8416416231055
469			817.1471892701126
470			818.9297542805548
471			821.4880601156807
472			824.3291531930244
473			827.2705479166992
474			830.1744940856569
475			832.9460169845347
476			835.5884192046251
477			838.3453082503227
478			841.2710674128062
479			843.5943182382711
480			844.2976266042525
481			842.0598397655025
482			835.6983380321276
483			825.805869994361
484			813.8887448943948
485			802.6598072009065
486			795.4613149332502
487			793.4773539909028
488			796.0182990200502
489			801.6707321433958
490			808.2630223347369
491			814.2714905812738
492			819.2609054764813
493			823.0120722359173
494			825.5659653131524
495			826.8791640679059
496			826.5524787357349
497			824.1201285348117
498			819.1163326833081
499			nan
500			nan
