Nom de l'instrument : SAM_81D7
Fichier_calib_utilise: /Users/mdlemineahmedou/Documents/Stage/pipeline_LOG/data/calibration/ALL_2023/Cal_SAM_81D7.dat
Date : 2023-10-10
Heure : 10:57:24

l_onde		data
280			nan
281			nan
282			nan
283			nan
284			nan
285			nan
286			nan
287			nan
288			nan
289			nan
290			nan
291			nan
292			nan
293			nan
294			nan
295			nan
296			nan
297			nan
298			nan
299			nan
300			nan
301			nan
302			nan
303			nan
304			nan
305			nan
306			nan
307			nan
308			nan
309			nan
310			nan
311			nan
312			nan
313			nan
314			nan
315			nan
316			nan
317			nan
318			nan
319			0.008927601436011045
320			0.00808494396461515
321			0.007615529546372162
322			0.0074571810997845316
323			0.007547721543354722
324			0.007824973795585189
325			0.008226760741184657
326			0.008678548826543233
327			0.009058437137650166
328			0.009233176259956134
329			0.00908945974864086
330			0.008728395054498779
331			0.008381573647255914
332			0.008278777605980418
333			0.008469637497782068
334			0.008745061264290123
335			0.008875941277139733
336			0.00874229345603796
337			0.0086173874948
338			0.00886304828885146
339			0.00978802044639411
340			0.011166123020741756
341			0.012461439710309417
342			0.013144002089835663
343			0.013115497940066456
344			0.012871351680071768
345			0.012950152108748373
346			0.013708668092273753
347			0.014875590673160743
348			0.01604408783167892
349			0.01685061997809939
350			0.017350079694006957
351			0.017831824914146133
352			0.01858176749183625
353			0.019634465948721647
354			0.020687799875472392
355			0.021416116410477203
356			0.021623993578187655
357			0.02155524965482395
358			0.021546210879401735
359			0.021912594606150318
360			0.022775011877947386
361			0.02414653169842233
362			0.02603465932609283
363			0.028266345406729787
364			0.030429295984895112
365			0.0320947765591922
366			0.03300569484835075
367			0.033480121203368594
368			0.033956463559288094
369			0.03482414283474078
370			0.03600929558599326
371			0.03718290842339352
372			0.03802023102897742
373			0.038480588834509805
374			0.03890125973851922
375			0.039645676008871665
376			0.04091976390734989
377			0.04239635713428633
378			0.04363561641396496
379			0.04425129229342141
380			0.044372946518246165
381			0.04441822228503615
382			0.044802523687532056
383			0.045710931487877186
384			0.04701646549509177
385			0.04856994535019939
386			0.050238297184069414
387			0.0519443762988394
388			0.053623169898590596
389			0.05522156611757619
390			0.0568051374812176
391			0.05850761866812529
392			0.060463176809155
393			0.06278847857753181
394			0.06557571922848666
395			0.06891527033632167
396			0.0728707491293317
397			0.07740903172612132
398			0.08247513560710207
399			0.08799242071576932
400			0.09365654081872606
401			0.09902691580087626
402			0.10366655906640326
403			0.10741795914359585
404			0.11053208559986441
405			0.11329230913101888
406			0.11593510485765808
407			0.11851787587391716
408			0.12105528915367408
409			0.12356625335228855
410			0.12611750838364957
411			0.1288059652903569
412			0.13172753057167627
413			0.13489004206007618
414			0.13816516027439615
415			0.14141286993825652
416			0.14452643168567333
417			0.14753506799284394
418			0.1505027216238235
419			0.15348701812632445
420			0.15646785032134009
421			0.15937284315184652
422			0.16212923362187923
423			0.16470630165810482
424			0.16714289672653812
425			0.16948439871135484
426			0.17180614763938912
427			0.17431608027502538
428			0.17725880390584525
429			0.1808660947190829
430			0.18519434754679406
431			0.1901729777553057
432			0.1957290343906429
433			0.2018324891451088
434			0.208530160862228
435			0.21587685157041123
436			0.2239039598211218
437			0.2325293838295021
438			0.24163666221825003
439			0.25111771157035917
440			0.2609941351146082
441			0.2713895699061963
442			0.28242959995331796
443			0.29413916329189954
444			0.30634616421372535
445			0.31885564923556886
446			0.3314777221934055
447			0.3440496636364133
448			0.3564178434489104
449			0.3684342931175973
450			0.3800520260238519
451			0.3913111156832131
452			0.40225439504491384
453			0.4129076779763627
454			0.4232599726903616
455			0.4332954832152155
456			0.44301451111935847
457			0.4525142594444338
458			0.46192801640943765
459			0.4713843390914757
460			0.4809107496694185
461			0.4904385880479681
462			0.4998955677832786
463			0.5092699108826224
464			0.5186958278810307
465			0.5283291056525512
466			0.5383223900102083
467			0.5488069132348564
468			0.5599049720145376
469			0.571736165550727
470			0.5843519567000389
471			0.5977316787349016
472			0.6118511044427651
473			0.6266259896534078
474			0.6418089958137384
475			0.6571253434975947
476			0.6722849984584022
477			0.6868788178386009
478			0.7004416770296671
479			0.7125171895021498
480			0.7229380275467115
481			0.7318793850008123
482			0.7395363346791357
483			0.7461567728166525
484			0.7521517427919473
485			0.7579636868293526
486			0.7640290178887863
487			0.7707295875718349
488			0.7784182454481189
489			0.7874349006789938
490			0.7975955717713011
491			0.8080170685098729
492			0.8177675582311809
493			0.8261112197975
494			0.8330059537116873
495			0.838563058585151
496			0.8428938330292992
497			0.84610957565554
498			0.8483215850752813
499			nan
500			nan
