Nom de l'instrument : SAM_81D7
Fichier_calib_utilise: /Users/mdlemineahmedou/Documents/Stage/pipeline_LOG/data/calibration/ALL_2023/Cal_SAM_81D7.dat
Date : 2023-10-10
Heure : 10:14:46

l_onde		data
280			nan
281			nan
282			nan
283			nan
284			nan
285			nan
286			nan
287			nan
288			nan
289			nan
290			nan
291			nan
292			nan
293			nan
294			nan
295			nan
296			nan
297			nan
298			nan
299			nan
300			nan
301			nan
302			nan
303			nan
304			nan
305			nan
306			nan
307			nan
308			nan
309			nan
310			nan
311			nan
312			nan
313			nan
314			nan
315			nan
316			nan
317			nan
318			nan
319			0.5360510076252619
320			0.5800524941216686
321			0.6270401754903119
322			0.6761157418584328
323			0.7263808833532729
324			0.7769372901020734
325			0.8268866519050965
326			0.8752111011947554
327			0.9204344573535783
328			0.9609707349143098
329			0.99536588264211
330			1.0235843207294866
331			1.0464536963162934
332			1.0648254936539696
333			1.0801232065745612
334			1.0945918142192588
335			1.1105398270228473
336			1.1293699903735346
337			1.1492209006347223
338			1.1674961138624849
339			1.1818372357171738
340			1.1922848569309712
341			1.2002686409506278
342			1.2072262295957084
343			1.21419665377551
344			1.221670661069756
345			1.2300991238723202
346			1.239951410704435
347			1.2517607830128519
348			1.2660742886965684
349			1.2832597338078977
350			1.301952507089831
351			1.3198172501389926
352			1.3345358317259324
353			1.3449541612805611
354			1.3514773396793185
355			1.3546196342811399
356			1.3554717366250362
357			1.3570684907443764
358			1.3628541967410306
359			1.3760208731009456
360			1.3973721637805876
361			1.4263952475456767
362			1.462529145161467
363			1.5038138532643888
364			1.5464355860552397
365			1.5864530079069694
366			1.620337218623329
367			1.6459413640329075
368			1.661407746579028
369			1.6653824765496528
370			1.6612763205265744
371			1.6551241392645184
372			1.6529010211685784
373			1.6570066926691673
374			1.6650839909543256
375			1.6744462836837117
376			1.6824190922706241
377			1.6863690735480243
378			1.683671578617915
379			1.6721675491769694
380			1.6541793159308325
381			1.6345320731364745
382			1.6180528655986761
383			1.6084797315709263
384			1.6080752338522892
385			1.618996807742147
386			1.6417214526978212
387			1.6708909188507508
388			1.699881200537432
389			1.7227468944554811
390			1.7403100942049876
391			1.7572795642113472
392			1.778417578727691
393			1.808819857508265
394			1.8540483872134892
395			1.9196997996091525
396			2.0089224954037292
397			2.116012310223422
398			2.2332648440362606
399			2.3530385814601167
400			2.468353172935021
401			2.5726238365032
402			2.659346496336105
403			2.7258970140440817
404			2.7753221705432325
405			2.811118572689468
406			2.8369489974393565
407			2.8571107467878756
408			2.8760525541896422
409			2.897857319355261
410			2.9224826231886265
411			2.947283867004036
412			2.969592073446214
413			2.9877160267643283
414			3.001476387718269
415			3.010823444830922
416			3.0158552173532613
417			3.017273336629767
418			3.0159335771476212
419			3.0126261831952843
420			3.007335057282806
421			2.99950191363619
422			2.9885617461659653
423			2.97419139921912
424			2.956467913475399
425			2.93550589561576
426			2.912083540893497
427			2.889915935776712
428			2.873530383831829
429			2.867268541730849
430			2.8729344260450893
431			2.890494753229963
432			2.9198618016931217
433			2.9597166999736646
434			3.0065363704787544
435			3.056568753996859
436			3.1065819485437407
437			3.1558666696235593
438			3.2044772966343795
439			3.2525089802940808
440			3.30068484727532
441			3.350222098171612
442			3.4023427640189645
443			3.457208918842832
444			3.512907568052301
445			3.567284989501021
446			3.6184315658619544
447			3.6657494353845768
448			3.709079456996922
449			3.748262902440613
450			3.7831428493389265
451			3.813563932230863
452			3.8393731833858666
453			3.8608511070266633
454			3.8792156386169077
455			3.895807075053098
456			3.9117748472323974
457			3.9271194405377705
458			3.9414134840846144
459			3.954241524827088
460			3.9654546143669736
461			3.975157508952007
462			3.9834648082283617
463			3.9904180088050567
464			3.9958822318497838
465			3.9996965311647075
466			4.0019027531883316
467			4.003925241105027
468			4.007765236290779
469			4.015370960439745
470			4.027287390561619
471			4.042574019585472
472			4.060219055728587
473			4.079288442180735
474			4.0990593647180615
475			4.118844550996805
476			4.137859560021258
477			4.154561264501648
478			4.167049950106995
479			4.173458702630736
480			4.17303274377513
481			4.166335125681201
482			4.154005540911653
483			4.137194842385538
484			4.118632621233352
485			4.101352308153227
486			4.088260684171325
487			4.081118423979628
488			4.081076990667711
489			4.0892270451315
490			4.104378473580721
491			4.122297134736181
492			4.1385371238209485
493			4.149554646483968
494			4.1549986467709
495			4.155224057992405
496			4.1505858134591485
497			4.141438846481793
498			4.128138090371
499			nan
500			nan
