Nom de l'instrument : SAM_81D7
Fichier_calib_utilise: /Users/mdlemineahmedou/Documents/Stage/pipeline_LOG/data/calibration/ALL_2023/Cal_SAM_81D7.dat
Date : 2023-10-10
Heure : 11:31:59

l_onde		data
280			nan
281			nan
282			nan
283			nan
284			nan
285			nan
286			nan
287			nan
288			nan
289			nan
290			nan
291			nan
292			nan
293			nan
294			nan
295			nan
296			nan
297			nan
298			nan
299			nan
300			nan
301			nan
302			nan
303			nan
304			nan
305			nan
306			nan
307			nan
308			nan
309			nan
310			nan
311			nan
312			nan
313			nan
314			nan
315			nan
316			nan
317			nan
318			nan
319			0.06998263222297374
320			0.07142539142886757
321			0.07339287124533174
322			0.07576932139399886
323			0.07843899159650161
324			0.08128613157447266
325			0.08419499121695398
326			0.08711103246437216
327			0.0902143684749272
328			0.09374133127670647
329			0.09787905662900102
330			0.10228575386812518
331			0.10629774812978578
332			0.1092594248324385
333			0.11113674859971437
334			0.11278835823909593
335			0.11514195483837944
336			0.11880876656300077
337			0.12325953290000986
338			0.12770817137695248
339			0.13144832545022703
340			0.13457709008263583
341			0.13765677887386643
342			0.14124783619015227
343			0.14557574926646696
344			0.15040527682669388
345			0.15546767340468554
346			0.16054274422481934
347			0.16557800776263445
348			0.1705571707055758
349			0.17548963862437902
350			0.18063320322877166
351			0.186384837552938
352			0.1931259509472801
353			0.20052521968822373
354			0.20729663921380168
355			0.21208753166092667
356			0.2142636129898396
357			0.2156135841635522
358			0.21843644866308898
359			0.22477168856074625
360			0.23420187157859262
361			0.24495532129532938
362			0.2552726221451284
363			0.2644681606714252
364			0.2732791691345263
365			0.2825407586619533
366			0.29265556685050026
367			0.3025770388189314
368			0.3109554144500691
369			0.31662591671925855
370			0.32017320713365377
371			0.32314543568186893
372			0.3270795288937146
373			0.332639770075232
374			0.33932942241954106
375			0.3465713240168552
376			0.35371674407084663
377			0.35987472076177934
378			0.36410309498773336
379			0.3656327356326683
380			0.3653599355024268
381			0.3651111295581611
382			0.366701267361149
383			0.37101944162154793
384			0.3777003181991725
385			0.38628931426423563
386			0.3963078879984727
387			0.407194300910554
388			0.4183687678644951
389			0.4293088547604662
390			0.44006407210384346
391			0.4510124064145158
392			0.46255132450704506
393			0.4757967152984941
394			0.49286905901077016
395			0.5159636327818107
396			0.5464068228162772
397			0.5823831903210461
398			0.6213674016494795
399			0.6608871167579032
400			0.6990271674905448
401			0.7342057349669909
402			0.7648651313138117
403			0.7904585753296774
404			0.8119168277204168
405			0.8302878499043883
406			0.8466184209618951
407			0.8619508051832931
408			0.8773261893896671
409			0.8937096471877478
410			0.9112079626476935
411			0.9293865256787075
412			0.9478017918561382
413			0.9659834099807969
414			0.9834195785320965
415			0.9995949420533985
416			1.014224414970904
417			1.0279637700403805
418			1.0417090450177742
419			1.0562668878730515
420			1.0713440151123075
421			1.0859075437703778
422			1.0989188520155688
423			1.1099162572664742
424			1.1193927536235722
425			1.1279309496651664
426			1.1362460134747634
427			1.1456397911808172
428			1.157576378686955
429			1.1734706782024749
430			1.1940651797429906
431			1.2196155339960906
432			1.2503614039066806
433			1.2860729048405795
434			1.3256794911852023
435			1.368023286152891
436			1.412032290000725
437			1.4570509827029536
438			1.5025499238015814
439			1.5480709919287288
440			1.5942586360549669
441			1.6426247766615136
442			1.694695457686117
443			1.7508384880591037
444			1.8091542101151181
445			1.867479918650856
446			1.923981338620233
447			1.9785890929068513
448			2.0318240799236547
449			2.0841652903979284
450			2.135335896360108
451			2.1844074512771443
452			2.230433796608006
453			2.2731394912817424
454			2.31369959524722
455			2.3534785000814558
456			2.3936290833555782
457			2.4340309834618985
458			2.4740896967589814
459			2.5132220908851908
460			2.5511016623958334
461			2.5876462110848046
462			2.622784045484513
463			2.6566936050294556
464			2.690156819104179
465			2.7240448097438796
466			2.759179587127722
467			2.7960483515405397
468			2.8349985913849154
469			2.876373377373957
470			2.9204148320601115
471			2.9672582136069674
472			3.0170329866811687
473			3.0694462021919255
474			3.12305701362484
475			3.1762314390126223
476			3.227374700344416
477			3.2751981214624273
478			3.3185568958885248
479			3.3563278466670132
480			3.388051051726971
481			3.4140525158512807
482			3.4347040341755974
483			3.450845889690022
484			3.4647653079501786
485			3.47902798905568
486			3.4960810644205282
487			3.5172986873807313
488			3.5434846709166483
489			3.5753945593955136
490			3.6120064214826346
491			3.6499260244799725
492			3.6855941046487453
493			3.71619679916263
494			3.74155835916216
495			3.7620863845966435
496			3.7781884754153907
497			3.79027223156771
498			3.7987452530029113
499			nan
500			nan
