Nom de l'instrument : SAM_877E
Fichier_calib_utilise: /Users/mdlemineahmedou/Documents/Stage/pipeline_LOG/data/calibration/ALL_2023/Cal_SAM_877E.dat
Date : 2023-10-10
Heure : 10:56:57

l_onde		data
280			2.4092299490674374
281			2.4912183271533332
282			2.5953125068336056
283			2.7346543373891943
284			2.8888966874309485
285			3.0090375572913874
286			3.084482011957329
287			3.156946893526367
288			3.2508802832920414
289			3.3484408264988135
290			3.4362850887894805
291			3.531350307025049
292			3.6498684293264603
293			3.7746720450513784
294			3.880958025807744
295			3.9668164393979013
296			4.043275465704969
297			4.146582757257493
298			4.330671075083032
299			4.626053828736702
300			5.037503419401273
301			5.609051522735578
302			6.451837742105524
303			7.662040389450781
304			9.282163017415645
305			11.338523090090783
306			13.826415757797717
307			16.750883914863483
308			20.2262287873555
309			24.391804733713364
310			29.209354330308216
311			34.53300227245526
312			40.16311688612564
313			45.85832854528875
314			51.54763780953697
315			57.38358672364039
316			63.42405519317797
317			69.51244837855424
318			75.47106748629598
319			81.13333467915893
320			86.4605012648279
321			92.00142469844738
322			98.41706757119604
323			105.92837560162039
324			114.54159590185249
325			124.05230072817913
326			134.0910612323527
327			143.74602195229897
328			151.58711809595326
329			157.12697843230399
330			161.29171783060113
331			164.62868601621173
332			166.60901578237036
333			166.96289840057008
334			166.76440617126872
335			167.21555254445227
336			168.72369425033062
337			171.39704755921457
338			175.0001842196265
339			179.11229876505166
340			183.0839488186929
341			186.12310136817123
342			188.0315803140776
343			189.24836680415947
344			190.25473890904712
345			191.5494313440735
346			193.57820375525574
347			196.66029609847007
348			200.94161302953034
349			206.0194993552753
350			211.4256814624595
351			216.99295958667676
352			222.52217440570396
353			226.66740857555328
354			227.64801996247738
355			225.7948457994027
356			223.00139444906242
357			220.76224638382118
358			220.09657772235605
359			221.86025085020964
360			226.68699827014265
361			234.6501135600388
362			244.5655839607378
363			255.2149558190111
364			265.8832897238747
365			275.9289490148931
366			284.5128048585664
367			290.7512477811742
368			293.93833174778234
369			293.53461879437094
370			290.0715103448737
371			284.87168638049764
372			279.6710289004923
373			276.6057088970516
374			277.103065429942
375			281.4886625950456
376			288.95607028917175
377			296.41060408413597
378			300.66784350471926
379			299.2457038480807
380			290.8160436724428
381			279.053057399343
382			268.82588360955805
383			262.3444674930775
384			260.53391781578296
385			263.52986203537125
386			270.89036761400155
387			280.9846918202898
388			291.0650177875433
389			298.7202696060454
390			302.0711204276743
391			300.68316468258394
392			296.88888702341416
393			293.61708455337765
394			294.58625554359054
395			303.0295267065142
396			319.4781551252377
397			343.4600792568826
398			372.71197723734656
399			404.1714364872965
400			433.9343555410168
401			457.7633892232586
402			473.9877663728718
403			483.1044395236027
404			486.8945128498038
405			488.55646220212253
406			490.4145939227572
407			493.1993298742482
408			497.2997539707809
409			502.6475441374416
410			508.9909714721785
411			515.6681590466582
412			521.9481342401491
413			527.2124816197846
414			530.9311606765631
415			532.9827601576652
416			533.4715878293787
417			532.8924546961649
418			531.9928034848616
419			531.2770114526526
420			531.0029788772246
421			531.0333611790023
422			530.7134345071971
423			529.4838557363935
424			527.0360553171777
425			522.9572865342295
426			516.4725301886843
427			507.46178126604605
428			498.67701064381737
429			493.3239200835122
430			493.03618289698744
431			498.69497578767306
432			509.6059312102147
433			524.1489761003136
434			539.302384712866
435			551.1401759487071
436			558.7940461110366
437			564.5630106671152
438			570.3334933501936
439			577.1846844174238
440			585.6099044813685
441			595.0428906933892
442			604.7077881951348
443			613.5924307542791
444			621.0211554611183
445			627.9104833081551
446			635.4354550361938
447			643.790912767303
448			652.6765285530356
449			660.6598707609916
450			665.8253283074279
451			668.0615954951921
452			668.6103040531223
453			668.606794158059
454			669.0315519163756
455			670.3517577967447
456			672.3075464520573
457			674.5595857268745
458			676.7221384768891
459			678.5649760547648
460			680.3136239905057
461			682.0418130032341
462			682.8805853567845
463			681.9476936289012
464			679.6913033040094
465			677.0082779672333
466			674.4846458300837
467			672.542216815575
468			671.5425344483345
469			671.7861997249975
470			673.1543807109538
471			675.1247522512481
472			677.3366413908268
473			679.667398392706
474			681.9877123398996
475			684.1259214041353
476			686.0608876285662
477			688.1692390120016
478			690.635138399586
479			692.7147554590309
480			693.4302080468406
481			691.682711708393
482			686.5269172839884
483			678.4612247983985
484			668.7276255378318
485			659.5569036335544
486			653.6955923475545
487			652.1199440626251
488			654.2682985952092
489			658.9556888756226
490			664.3421790918574
491			669.1954142222455
492			673.2980875328868
493			676.5146725755076
494			678.6936295865706
495			679.6650918839549
496			679.2103621350467
497			677.1016031396198
498			673.1109776974477
499			nan
500			nan
