Nom de l'instrument : SAM_81D7
Fichier_calib_utilise: /Users/mdlemineahmedou/Documents/Stage/pipeline_LOG/data/calibration/ALL_2023/Cal_SAM_81D7.dat
Date : 2023-10-10
Heure : 12:18:00

l_onde		data
280			nan
281			nan
282			nan
283			nan
284			nan
285			nan
286			nan
287			nan
288			nan
289			nan
290			nan
291			nan
292			nan
293			nan
294			nan
295			nan
296			nan
297			nan
298			nan
299			nan
300			nan
301			nan
302			nan
303			nan
304			nan
305			nan
306			nan
307			nan
308			nan
309			nan
310			nan
311			nan
312			nan
313			nan
314			nan
315			nan
316			nan
317			nan
318			nan
319			0.1742940692544377
320			0.17791485916823677
321			0.1887080243778217
322			0.20371352202413764
323			0.21997130924812983
324			0.23452134319074341
325			0.24440358473346832
326			0.2480256984770917
327			0.24903832546293925
328			0.2523482443016615
329			0.2623754454489763
330			0.2783062883589886
331			0.296142146714534
332			0.31187974738167706
333			0.32350871487915406
334			0.3318807519142668
335			0.33806902538771455
336			0.34312342629173737
337			0.3480099651087385
338			0.3536757636137545
339			0.36096502471996744
340			0.3696847691366586
341			0.37904146298175717
342			0.3882498708034267
343			0.3972182402090228
344			0.40680869435447314
345			0.41795268163668536
346			0.4310829794429949
347			0.444909758636071
348			0.45777149583550175
349			0.4682508830143333
350			0.47729101465967727
351			0.487157619240927
352			0.5000801757649627
353			0.5161695090219517
354			0.5326985811326738
355			0.5467420040063448
356			0.5565010118324547
357			0.5639766889665838
358			0.5719704025170371
359			0.5831015622567451
360			0.5982669702146376
361			0.6174139319716222
362			0.6404608044289106
363			0.666552140195371
364			0.693807159452639
365			0.7202745304810245
366			0.7442097673002219
367			0.7645615114124901
368			0.780423422932229
369			0.7911356925181859
370			0.798370021388634
371			0.8050821704916735
372			0.8141950733584131
373			0.826735229216755
374			0.8412060003368127
375			0.8559360101091757
376			0.8693783863401398
377			0.8804076526896021
378			0.8879873978848654
379			0.891291207219666
380			0.8915139188126738
381			0.8909792439987433
382			0.8920127799850309
383			0.8964939504028181
384			0.9056976663036992
385			0.9208557457638188
386			0.9422775457778757
387			0.9670692124419861
388			0.991642065884963
389			1.012804994022145
390			1.0313317085272005
391			1.050272976394407
392			1.072705502865807
393			1.1016516466101651
394			1.1400577718428826
395			1.190864537693622
396			1.2557238828654154
397			1.3316278585006367
398			1.4145156148959406
399			1.5002947161759688
400			1.5845406311537185
401			1.662630139989918
402			1.7299935590435984
403			1.78495478782804
404			1.8300669890419916
405			1.8682187959114993
406			1.9021242827879112
407			1.9338309662228546
408			1.9652272865858744
409			1.9980712857487117
410			2.0326505688501175
411			2.0683252150281475
412			2.1044389546810858
413			2.1402274605219573
414			2.1747593196721517
415			2.2070887933929013
416			2.2366148457436954
417			2.264144859874551
418			2.2908458839375396
419			2.3177748543577867
420			2.344633794624339
421			2.3702136779253484
422			2.3932950034687854
423			2.4131236206272892
424			2.4297154060352937
425			2.4431585179617215
426			2.4542963007257947
427			2.467314379344627
428			2.487322709132802
429			2.5191586109049178
430			2.5639328435656368
431			2.6200580637051165
432			2.685886988196035
433			2.759798630396429
434			2.8402190839392456
435			2.92557933334191
436			3.0143111222460135
437			3.104849875833636
438			3.1956321337877904
439			3.285262746136769
440			3.374949588145926
441			3.4679485225476268
442			3.5675525525740768
443			3.674793155512792
444			3.7862744389879586
445			3.8980868939328968
446			4.00682495050614
447			4.111791076711455
448			4.213193452121352
449			4.311208725016746
450			4.405439010924238
451			4.494991099957608
452			4.578960436767988
453			4.657343577937632
454			4.732085834678526
455			4.805386886094762
456			4.879084747226667
457			4.952840343925471
458			5.025503874951272
459			5.095944550540598
460			5.163461276437321
461			5.227762015966587
462			5.288572610229322
463			5.346125495277743
464			5.40187536702601
465			5.45745756498783
466			5.514486217187006
467			5.574430846713507
468			5.638700634869829
469			5.708661752623004
470			5.784586978202177
471			5.865591617070709
472			5.950734761907021
473			6.038706019472873
474			6.1271909290148825
475			6.2137060939233075
476			6.295860642221156
477			6.371986128036206
478			6.4407536500342255
479			6.500848454498064
480			6.551344203384319
481			6.591774813546245
482			6.621701597394536
483			6.642095283349323
484			6.658279634807484
485			6.67641618817707
486			6.702300654987315
487			6.738418243042632
488			6.7854944654150735
489			6.8441662665414
490			6.912081707436339
491			6.9828997469236445
492			7.050001840760599
493			7.1080561505759325
494			7.15628473198208
495			7.194916613248484
496			7.22418082264459
497			7.244306388439838
498			7.255522338903673
499			nan
500			nan
