Nom de l'instrument : SAM_81D7
Fichier_calib_utilise: /Users/mdlemineahmedou/Documents/Stage/pipeline_LOG/data/calibration/ALL_2023/Cal_SAM_81D7.dat
Date : 2023-10-10
Heure : 10:58:47

l_onde		data
280			nan
281			nan
282			nan
283			nan
284			nan
285			nan
286			nan
287			nan
288			nan
289			nan
290			nan
291			nan
292			nan
293			nan
294			nan
295			nan
296			nan
297			nan
298			nan
299			nan
300			nan
301			nan
302			nan
303			nan
304			nan
305			nan
306			nan
307			nan
308			nan
309			nan
310			nan
311			nan
312			nan
313			nan
314			nan
315			nan
316			nan
317			nan
318			nan
319			0.003583080756010747
320			0.003640734955316376
321			0.0035342552466245303
322			0.0033278922500713294
323			0.003085896585792899
324			0.00287251887392536
325			0.0027520096713317924
326			0.0027654841950723523
327			0.0028653702953314684
328			0.0029828476754211767
329			0.0030538150938790917
330			0.0030649075350047874
331			0.0030336360913083707
332			0.0029780198062517244
333			0.0029195600072407157
334			0.002884759065718323
335			0.002900505860745162
336			0.0029813875057179725
337			0.0030976586499504247
338			0.003209590897320285
339			0.0032819721123179334
340			0.003325103538139337
341			0.003375639809358392
342			0.0034699068886128
343			0.0036153733178214908
344			0.0037798146894454376
345			0.003928121080544434
346			0.004038746648190027
347			0.004137001236431454
348			0.004258304943085027
349			0.004433103089362541
350			0.004643758535492272
351			0.004845691492527377
352			0.004994942300726797
353			0.005085778141725392
354			0.005163669704202078
355			0.005277666968283209
356			0.005459429963625608
357			0.005681966226200392
358			0.005905930547252098
359			0.006096714715486215
360			0.006264556134063813
361			0.006444410980215766
362			0.006670919201007767
363			0.006955362194361807
364			0.007278070020597986
365			0.007617242146921098
366			0.007952358858796573
367			0.008267192385721456
368			0.008546412933081088
369			0.008777105459459589
370			0.008969191941858098
371			0.009145171652104407
372			0.00932736691509664
373			0.009525459392530255
374			0.009732312802845991
375			0.009939626820000816
376			0.010144489339212711
377			0.010362225151835462
378			0.010612013549379266
379			0.010909389186986616
380			0.011234806472159669
381			0.01154912743311488
382			0.011814009042825178
383			0.012034285847754369
384			0.012273292914672421
385			0.012598525260087017
386			0.013054812963963852
387			0.01360828297915864
388			0.014207990333463363
389			0.014807110080569869
390			0.015399905051214274
391			0.016004235377559805
392			0.01663876167316747
393			0.017346115960493708
394			0.018202450206408333
395			0.019286411963328108
396			0.020643491622935908
397			0.022199286512710966
398			0.023852304141536544
399			0.025506610905486383
400			0.02712471904121285
401			0.028704108232627888
402			0.030242357814152708
403			0.03171792115943553
404			0.03308129712432707
405			0.034280767288021284
406			0.03529715172879471
407			0.036235519666609074
408			0.03723059278231448
409			0.038405376675715974
410			0.039750760731897726
411			0.041174297717973325
412			0.04258320781802909
413			0.043942740198071976
414			0.04530787208697056
415			0.0467412739663056
416			0.04828808699409862
417			0.04992182937065315
418			0.051597729093159114
419			0.05327257214201791
420			0.054922315369667844
421			0.056535806219723095
422			0.05810235965463642
423			0.05962771528902974
424			0.06114479104516508
425			0.0626890560439391
426			0.06429695164554856
427			0.06600922211891706
428			0.06786780173143425
429			0.06991634662611576
430			0.07222204543748838
431			0.07486912477538886
432			0.07794138272614622
433			0.0814484486008669
434			0.08526716262192059
435			0.0892605703578815
436			0.09333049964658278
437			0.09756686151597614
438			0.10211650481435466
439			0.10711855713361706
440			0.1125925395221533
441			0.11846386994452894
442			0.1246556044226884
443			0.13111308427482427
444			0.13782527854967958
445			0.14478621752474036
446			0.151975630928486
447			0.15929640107212814
448			0.16662570841231616
449			0.17384519008330573
450			0.18091639056364228
451			0.18786974533591166
452			0.1947378889120029
453			0.20154284776289047
454			0.2082837072929287
455			0.21495655844494752
456			0.22155927647408302
457			0.22810047756170918
458			0.23459277770690512
459			0.24104897484835464
460			0.24748556050084045
461			0.2539225423557857
462			0.2603801267474093
463			0.26689686709510085
464			0.27355558276628295
465			0.28044563540342077
466			0.28765561314681487
467			0.29526883094615824
468			0.3033664033162175
469			0.31202633871488705
470			0.321247501083816
471			0.3309449714576152
472			0.3410298050214398
473			0.3514140224054612
474			0.3620122678093411
475			0.3727396268522194
476			0.3834932573920384
477			0.3940303385340125
478			0.40404225854245424
479			0.4132256422028858
480			0.4214563058014781
481			0.4288223993976843
482			0.4354243977030737
483			0.44139826867231424
484			0.4469896024919862
485			0.4524650869386986
486			0.4580848033996256
487			0.46404904925572027
488			0.47052634376304253
489			0.4776780393082985
490			0.48538134628978913
491			0.49313424605320544
492			0.5004083376884534
493			0.5067797895478965
494			0.512194860263076
495			0.5166816440974326
496			0.5202682353144067
497			0.5229827281774386
498			0.5248532169499687
499			nan
500			nan
