Nom de l'instrument : SAM_81D7
Fichier_calib_utilise: /Users/mdlemineahmedou/Documents/Stage/pipeline_LOG/data/calibration/ALL_2023/Cal_SAM_81D7.dat
Date : 2023-10-10
Heure : 11:31:53

l_onde		data
280			nan
281			nan
282			nan
283			nan
284			nan
285			nan
286			nan
287			nan
288			nan
289			nan
290			nan
291			nan
292			nan
293			nan
294			nan
295			nan
296			nan
297			nan
298			nan
299			nan
300			nan
301			nan
302			nan
303			nan
304			nan
305			nan
306			nan
307			nan
308			nan
309			nan
310			nan
311			nan
312			nan
313			nan
314			nan
315			nan
316			nan
317			nan
318			nan
319			0.07919803818141427
320			0.08374993624497327
321			0.08738061252052413
322			0.09038001044646853
323			0.09303807346120824
324			0.09564474500314495
325			0.0984899683644268
326			0.10181021026208772
327			0.10563693948891165
328			0.10995251044680086
329			0.11471615770732327
330			0.11963854639851255
331			0.12427907188166061
332			0.12820244644945528
333			0.13134081019334035
334			0.13415398062325745
335			0.1371426022349956
336			0.14069640382226298
337			0.14480540193313504
338			0.1493696035574104
339			0.1542739925189309
340			0.15925215415057187
341			0.16395001024978376
342			0.16802207803250982
343			0.17155166985531722
344			0.17521189936056641
345			0.17971874355012668
346			0.1854612833043091
347			0.1916993712525834
348			0.19744920157197993
349			0.2018518160592513
350			0.20525494000297467
351			0.20868245480604883
352			0.213148247707041
353			0.21893900168402142
354			0.22536733523223648
355			0.23167775724708675
356			0.2373226914114754
357			0.2424558124430637
358			0.24737848485882516
359			0.25242626072977425
360			0.25825834901725075
361			0.26571235743228744
362			0.27559995202851456
363			0.28760216859956744
364			0.299901896857116
365			0.3105790042590719
366			0.3183778475548835
367			0.32426944666436064
368			0.3296906919435505
369			0.3359111869437654
370			0.34261845558905857
371			0.34862870482383507
372			0.35277781304579214
373			0.3550816298947384
374			0.35712591388898235
375			0.36060504444556885
376			0.36644421811090433
377			0.37296526615708697
378			0.3779397797395643
379			0.3794173229864427
380			0.3781229973728619
381			0.37627619663305617
382			0.37608824871935237
383			0.37872770182668075
384			0.3839502605499178
385			0.39141109833355775
386			0.40061234818539615
387			0.41052471603774926
388			0.42000363307410715
389			0.42805769020506496
390			0.4352228941566499
391			0.4429124685304202
392			0.45254457088843353
393			0.46528299441189613
394			0.4819358468926366
395			0.5032847304928906
396			0.5297534328249244
397			0.5604719189340849
398			0.5942778148645762
399			0.6299290021175373
400			0.6653449323625085
401			0.6979434347305035
402			0.7251698233901794
403			0.7462321517325434
404			0.7629148940431282
405			0.7772068887815285
406			0.7907638537243423
407			0.8039694762808501
408			0.8169038696850589
409			0.8296600799455984
410			0.8424769893129723
411			0.8556854710109417
412			0.869610603582606
413			0.8841460969421159
414			0.8985186516890689
415			0.9118977792778331
416			0.923682506212708
417			0.9342096331603171
418			0.9440554381902021
419			0.9537626628645692
420			0.9634613850802868
421			0.9730042056015873
422			0.9822365147108734
423			0.9908557372076573
424			0.9983144554818418
425			1.0040422688285264
426			1.0079405641310106
427			1.0119987522091163
428			1.0187837010027652
429			1.0307120373484417
430			1.0481467537809175
431			1.0699639722028595
432			1.0950115364256012
433			1.122587665608067
434			1.1527969146187362
435			1.1858276036569735
436			1.221665169913307
437			1.259311124566395
438			1.2974691180320184
439			1.3349481595481536
440			1.3721877070205764
441			1.410910009773956
442			1.4528621244683741
443			1.4985668453530243
444			1.54615023880818
445			1.5934603281477924
446			1.6386975188629735
447			1.6819558262771264
448			1.7239625893338604
449			1.7654024534752033
450			1.8061896673081996
451			1.8455742925376404
452			1.882787043648153
453			1.9175033476135648
454			1.950360371555957
455			1.9821208170338829
456			2.0134515671367894
457			2.044442711807929
458			2.074969548766173
459			2.104908457554704
460			2.1341662733053415
461			2.1626788239813637
462			2.190383684960951
463			2.2174037837164864
464			2.244309246067855
465			2.2717362914061363
466			2.300269185953852
467			2.3301380159802223
468			2.3614250729946074
469			2.3942183429527435
470			2.4287638248711985
471			2.465474791435203
472			2.504771892490303
473			2.5466489567565556
474			2.5899399386325355
475			2.633283641933
476			2.6753371126290837
477			2.7148998302210328
478			2.750838218809405
479			2.782037454378401
480			2.8079684181966846
481			2.828796025639631
482			2.8447256578471474
483			2.856433859657504
484			2.8660523829202593
485			2.875993044581219
486			2.8885515603694416
487			2.9049729971031306
488			2.925943950289874
489			2.952107598059313
490			2.9825256635082056
491			3.0141491866300156
492			3.0437823755201134
493			3.0688837082126117
494			3.0892272470595894
495			3.105099084359698
496			3.116785312411592
497			3.1245720235139234
498			3.1287453099653457
499			nan
500			nan
