Nom de l'instrument : SAM_877D
Fichier_calib_utilise: /Users/mdlemineahmedou/Documents/Stage/pipeline_LOG/data/calibration/ALL_2023/Cal_SAM_877d.dat
Date : 2023-10-10
Heure : 10:58:28

l_onde		data
280			0.10589115760668091
281			0.10762313713403249
282			0.10253717507251066
283			0.10122077309127663
284			0.10784662096106912
285			0.11694794204393731
286			0.12276874279610953
287			0.12068924366944576
288			0.11109667349793714
289			0.11102559522231492
290			0.13366873751370834
291			0.15277620251547203
292			0.1358189932110691
293			0.10754361646934565
294			0.11724030997912765
295			0.15522163414036844
296			0.16957006459292762
297			0.15112194483448765
298			0.1377508621846631
299			0.1466820951432151
300			0.15872365979707725
301			0.15840515079357287
302			0.14658569919495254
303			0.129598520858846
304			0.12494637599869862
305			0.14535717467402007
306			0.16368784726973412
307			0.14591363721267106
308			0.11599353253234666
309			0.12328650437063607
310			0.15664077806715618
311			0.16136488706260657
312			0.13290984202772815
313			0.12171197283787626
314			0.1472095760020752
315			0.1758036187068496
316			0.1828473038429099
317			0.17514275548715083
318			0.16452108366428933
319			0.16489494244202993
320			0.18556991574199783
321			0.20910961579463455
322			0.21410073808901348
323			0.21867924440568465
324			0.25640331769697094
325			0.3082712204151282
326			0.32028274696548975
327			0.29855324605718914
328			0.31058592755839864
329			0.37547839408955114
330			0.43714297409728564
331			0.46094640792586755
332			0.47095224697220667
333			0.49116727120392234
334			0.5215212059273562
335			0.5570455150813746
336			0.5920704251990657
337			0.6231455281884305
338			0.6644266280464093
339			0.7339553607551744
340			0.8053393149331983
341			0.8272184379095835
342			0.8153797710474897
343			0.8458092182386068
344			0.9386199631791127
345			1.0387211520980066
346			1.1121452835551973
347			1.173544003205668
348			1.2386618320922407
349			1.3118750828088521
350			1.395665464283309
351			1.492552632992958
352			1.6034247589444257
353			1.7193130370640017
354			1.827080359784626
355			1.9089354288800788
356			1.9476329454239347
357			1.9713036072691257
358			2.0412656209323026
359			2.1761645142240416
360			2.347663648339549
361			2.5337970036846293
362			2.725940478711053
363			2.9191770515766895
364			3.114224182818071
365			3.31293939050682
366			3.5184397294003262
367			3.7288048502826103
368			3.917396935602684
369			4.0550859301261255
370			4.145637499397713
371			4.207698637093258
372			4.269545881973132
373			4.364600603724249
374			4.514788323560197
375			4.731239027339184
376			4.994652083102742
377			5.24999483126063
378			5.4466216347570455
379			5.544806332759058
380			5.54025764549136
381			5.510116092253219
382			5.524497934452808
383			5.589239977799334
384			5.7027517067342774
385			5.8948768064828725
386			6.19510525909548
387			6.558142851176041
388			6.909072933412075
389			7.215944003041454
390			7.473753335453402
391			7.673866951518967
392			7.805904889463997
393			7.919750176786342
394			8.13805162220213
395			8.556674350187633
396			9.218824571156025
397			10.112704208945484
398			11.108312809608485
399			12.08500406570328
400			13.011533495274175
401			13.866116648766264
402			14.581016012596852
403			15.093778886760582
404			15.479231370669067
405			15.861622324428131
406			16.257386509274852
407			16.621244378396643
408			16.970526668541577
409			17.374041713278107
410			17.855720411626606
411			18.386181494724067
412			18.92712324147629
413			19.43097041816908
414			19.880737803441555
415			20.327897714301226
416			20.807728033274763
417			21.278151385946828
418			21.70109415261432
419			22.120670130096936
420			22.591698020273316
421			23.09520765744801
422			23.586053786691238
423			24.04089012746909
424			24.447172376312135
425			24.77896328853919
426			25.002603229221904
427			25.135784626999953
428			25.248837878341753
429			25.455957317971478
430			25.926999096507803
431			26.74241956761211
432			27.809268860322153
433			29.017507663485407
434			30.261589529775733
435			31.455718997374355
436			32.58253621973439
437			33.654290259323595
438			34.75549492294888
439			35.98287816019306
440			37.356091707901314
441			38.85679742295539
442			40.42333267897838
443			41.97355275407718
444			43.514232206657624
445			45.12256744473852
446			46.820186800970845
447			48.56553322648441
448			50.30172198993045
449			51.95419843754856
450			53.46558614766989
451			54.81548973016794
452			56.015541287390555
453			57.15265165665602
454			58.30507031900418
455			59.47043393870581
456			60.629835207965236
457			61.77746082761694
458			62.91325990447736
459			64.04806289405884
460			65.19305229478215
461			66.31053571358717
462			67.33631537857407
463			68.25870260969022
464			69.10934573334396
465			69.92899920525863
466			70.76703701245407
467			71.67956218182131
468			72.73140563540092
469			73.94942306100947
470			75.286177278536
471			76.69661219684104
472			78.16374714018595
473			79.67318869745425
474			81.20374462829676
475			82.73939864238938
476			84.29687500733661
477			85.89034633998403
478			87.44872000454745
479			88.86779172652433
480			90.06574141547381
481			90.97318431424101
482			91.51935913200992
483			91.64133978331301
484			91.47190157300383
485			91.33167754963053
486			91.46021618579142
487			91.98210417848738
488			92.90772132628392
489			94.06787071261564
490			95.31067306938132
491			96.56151786181307
492			97.75702706250523
493			98.83608699154694
494			99.74529951531476
495			100.46098096835881
496			100.96966369030392
497			101.27256978986559
498			101.37598552923974
499			101.28620190564949
500			nan
