Nom de l'instrument : SAM_80E0
Fichier_calib_utilise: /Users/mdlemineahmedou/Documents/Stage/pipeline_LOG/data/calibration/ALL_2023/Cal_SAM_80E0.dat
Date : 2023-10-10
Heure : 10:36:32
Comment : LIDAR_20231010

l_onde		data
280			nan
281			nan
282			nan
283			nan
284			nan
285			nan
286			nan
287			nan
288			nan
289			nan
290			nan
291			nan
292			nan
293			nan
294			nan
295			nan
296			nan
297			nan
298			nan
299			nan
300			nan
301			nan
302			nan
303			nan
304			nan
305			nan
306			nan
307			nan
308			nan
309			nan
310			nan
311			nan
312			nan
313			nan
314			nan
315			nan
316			nan
317			71.42884930668501
318			75.89527703131067
319			81.31857223657506
320			87.57341111581087
321			94.53446986235063
322			102.07642466952696
323			110.07395173067248
324			118.39966624921637
325			126.87447503511034
326			135.2650649677707
327			143.33543655149643
328			150.8006559973591
329			157.25235106395556
330			162.26298744166843
331			165.53090668449636
332			167.5981489309419
333			169.35348770996265
334			171.65847195259815
335			174.73655412710738
336			178.17999090612474
337			181.55454476232785
338			184.54646315260192
339			187.1288581725976
340			189.3166169417531
341			191.15018112726509
342			192.83171978120103
343			194.62648331717745
344			196.7938021974075
345			199.4661166134285
346			202.65559100666167
347			206.3690921638061
348			210.4810158606606
349			214.5629348745022
350			218.14429830477133
351			220.82778241963933
352			222.66180248231046
353			223.8624921564875
354			224.64509823253556
355			225.20111164034893
356			225.70012353485072
357			226.3115890346694
358			227.34933278598754
359			229.449122442527
360			233.2902611775401
361			239.38972835824566
362			247.29768489799264
363			256.2078062748313
364			265.3117684870634
365			273.77322267548305
366			280.73033745276507
367			285.322892338797
368			287.204207377858
369			287.16151647888074
370			286.13365767976944
371			284.99643708816274
372			284.2523587158924
373			284.26701098355653
374			285.3725964651539
375			287.25498996690567
376			289.01263619198664
377			289.7242015187243
378			288.79519235862216
379			286.35573944323
380			282.63331110639183
381			277.9734295391031
382			273.4274106794018
383			270.3077278497815
384			269.8679898763548
385			272.1831451959015
386			276.24389387023905
387			281.00138754603944
388			285.5882871039972
389			289.54666759405086
390			292.4746956915184
391			294.20625633553027
392			296.0182484646465
393			299.7334074232754
394			307.1221072725222
395			318.84941774135757
396			334.53918148080544
397			353.77311820522584
398			375.73039302203813
399			398.65483896701943
400			420.65776230050534
401			440.0125313246537
402			456.02214226953544
403			468.39262662615334
404			476.8720885224859
405			482.11343374540036
406			485.6519997955488
407			489.05807784610755
408			493.3603618787749
409			498.27598788000205
410			503.3274509899659
411			508.07441300981714
412			512.3247442896861
413			515.9879863050793
414			518.9738523476185
415			521.1888396902808
416			522.5361653367881
417			522.9192209016396
418			522.379140447767
419			521.3085906519481
420			520.1555079338364
421			519.2526098699362
422			518.1138872614534
423			515.898832710581
424			511.8028766452742
425			506.00689119600634
426			499.7528397167906
427			494.3348317228363
428			490.80905162041563
429			489.5850207515349
430			490.9634389483714
431			495.1558673310133
432			501.69196868158514
433			509.7864947362296
434			518.6586229011302
435			527.7101063717074
436			536.5520359885364
437			544.8071779548491
438			552.293214235052
439			559.3976185500095
440			566.6114292739103
441			574.3718830609535
442			582.6680604811767
443			591.2665479461408
444			599.9320521105851
445			608.4198285178087
446			616.4735015185682
447			623.836002232601
448			630.3099720835029
449			635.8875323828171
450			640.5983027446772
451			644.478060914478
452			647.6190689063017
453			650.1439424040699
454			652.1763592029354
455			653.8716416703033
456			655.4272195307564
457			657.0434319778891
458			658.8379594566102
459			660.6413139884269
460			662.221685818328
461			663.3576536336212
462			663.9339017751729
463			663.8971960235656
464			663.1987835713443
465			661.9760253298971
466			660.6358590210701
467			659.6063351053768
468			659.2193869832923
469			659.4386015409915
470			660.1393418296188
471			661.2041269208388
472			662.5977978096345
473			664.3378976882831
474			666.440923923189
475			668.8015009033312
476			671.1208989433225
477			673.0832244320782
478			674.367924060872
479			674.6346228305077
480			673.5376760646982
481			670.7733411792451
482			666.587236853375
483			661.6113967467375
484			656.4856277814569
485			651.8268300868872
486			648.2118694634523
487			646.2135781601461
488			646.2411282277279
489			647.926790079635
490			650.6725418615342
491			653.8881231679574
492			657.1012404967719
493			659.9310772535966
494			661.9992087261302
495			662.9272102020718
496			662.3366569691204
497			659.8491243149751
498			nan
499			nan
500			nan
