Nom de l'instrument : SAM_80E0
Fichier_calib_utilise: /Users/mdlemineahmedou/Documents/Stage/pipeline_LOG/data/calibration/ALL_2023/Cal_SAM_80E0.dat
Date : 2023-10-10
Heure : 10:13:07
Comment : LIDAR_20231010

l_onde		data
280			nan
281			nan
282			nan
283			nan
284			nan
285			nan
286			nan
287			nan
288			nan
289			nan
290			nan
291			nan
292			nan
293			nan
294			nan
295			nan
296			nan
297			nan
298			nan
299			nan
300			nan
301			nan
302			nan
303			nan
304			nan
305			nan
306			nan
307			nan
308			nan
309			nan
310			nan
311			nan
312			nan
313			nan
314			nan
315			nan
316			nan
317			63.27623699423614
318			67.29416358649375
319			72.15179409267769
320			77.74952373346783
321			83.98774772954395
322			90.7668613015859
323			97.98725967027356
324			105.54667132620052
325			113.27591888702679
326			120.9356694010955
327			128.28319735433905
328			135.04569870869693
329			140.87449530574128
330			145.40913060647452
331			148.39993229035736
332			150.33977299831727
333			152.02668782714406
334			154.23343241798813
335			157.14142019227046
336			160.3471173970587
337			163.42251554005983
338			166.07396316416046
339			168.32770164051846
340			170.25655713571297
341			171.94731752083905
342			173.57513028035854
343			175.34960734469945
344			177.4750281963696
345			180.0424398594751
346			183.0355594675069
347			186.43345896600368
348			190.11651859437498
349			193.73951362248974
350			196.92583692488466
351			199.35619602690008
352			201.06017681818577
353			202.19863779833273
354			202.93309013096803
355			203.43332432862064
356			203.8767633732096
357			204.4416771131124
358			205.42511188161788
359			207.38898471863243
360			210.9310304440763
361			216.5040745080329
362			223.6978462053123
363			231.7838338958462
364			240.03215912043706
365			247.6960771639669
366			254.01350711056656
367			258.2240303383668
368			260.01644634083755
369			260.0714425444212
370			259.20232165684644
371			258.1753112762668
372			257.4778400335379
373			257.49508177479345
374			258.57908653758903
375			260.4396560984779
376			262.2028698860803
377			262.97513420004316
378			262.18358574474195
379			259.9664401250962
380			256.55743101422496
381			252.29581517588036
382			248.15172700318487
383			245.32873785620455
384			244.9761817266204
385			247.15761351117237
386			250.93778113055188
387			255.34502175191884
388			259.5795926236408
389			263.22953576769805
390			265.93602150470724
391			267.55372995585105
392			269.24440004314425
393			272.66418049915103
394			279.42160998344275
395			290.1202907175632
396			304.41714716158464
397			321.9308182538459
398			341.91712979084417
399			362.78891444037714
400			382.83956155759114
401			400.5083235510927
402			415.16116380884114
403			426.52679539879813
404			434.37157298865066
405			439.2712497349224
406			442.5909660467154
407			445.72718291574176
408			449.6085189516424
409			454.0306429881439
410			458.621089240474
411			463.0304778839821
412			467.063603090644
413			470.5884117473814
414			473.4740173332146
415			475.6128031025674
416			476.9208869760015
417			477.31575685484006
418			476.8434788139828
419			475.8782633889164
420			474.84591365376735
421			474.06460893993966
422			473.08777137926813
423			471.13769303906804
424			467.46963866365326
425			462.24363030650665
426			456.59390294282923
427			451.7025687953175
428			448.53369788737405
429			447.45873747398383
430			448.74940728898184
431			452.5982679380272
432			458.5923240716524
433			466.0389253704146
434			474.24860302652064
435			482.6716930001641
436			490.9188285233401
437			498.6096185131218
438			505.55348086181874
439			512.1146966946518
440			518.7583983999715
441			525.8996011885449
442			533.5358555867533
443			541.4574551921345
444			549.4527947424374
445			557.296359675962
446			564.7455176834249
447			571.5566057624958
448			577.5459025728316
449			582.7199008353608
450			587.1227368674057
451			590.8016031259473
452			593.8317239182696
453			596.3033873835665
454			598.3078914481133
455			599.9720557580634
456			601.4699663828461
457			602.9789775592767
458			604.6081067983204
459			606.2289599620278
460			607.6616194352116
461			608.7323128418111
462			609.3300341564714
463			609.3805013669958
464			608.8135459653071
465			607.742686298248
466			606.5475023269288
467			605.6284114638685
468			605.2967566448389
469			605.5225233711444
470			606.1939375486666
471			607.2051647829193
472			608.5187002064703
473			610.1407832677461
474			612.0768094533239
475			614.232557419558
476			616.3557615999895
477			618.180126936896
478			619.4277005225249
479			619.7709386145667
480			618.8691135454976
481			616.4212046143056
482			612.646773857177
483			608.1315557756615
484			603.4686565156117
485			599.2299500919906
486			595.9502030067013
487			594.1604430936984
488			594.2400705400204
489			595.8487029073395
490			598.432596933854
491			601.4452240170732
492			604.449710081225
493			607.0942121630068
494			609.0291106404944
495			609.9047858917636
496			609.3716182948905
497			607.0799882279508
498			nan
499			nan
500			nan
