Nom de l'instrument : SAM_877E
Fichier_calib_utilise: /Users/mdlemineahmedou/Documents/Stage/pipeline_LOG/data/calibration/ALL_2023/Cal_SAM_877E.dat
Date : 2023-10-10
Heure : 12:20:53

l_onde		data
280			2.8177489632531825
281			2.943673557726487
282			3.0799610329603406
283			3.22210529934395
284			3.3620690532148108
285			3.488966077006848
286			3.603043861256753
287			3.7194332382333197
288			3.8439206866178504
289			3.9612933803300083
290			4.063545740059642
291			4.173393062542522
292			4.312361109586634
293			4.465713377658692
294			4.610122970027308
295			4.744675664434878
296			4.880746938694618
297			5.0491071725121985
298			5.2954489070659
299			5.684276342577498
300			6.300317417454604
301			7.2181023528402966
302			8.493571566757586
303			10.184923140701375
304			12.360459058018346
305			15.078729697858122
306			18.353521523449253
307			22.199069033898173
308			26.701822545661713
309			31.962083903973426
310			37.934826201439634
311			44.483283491048276
312			51.358568864215506
313			58.22012754468957
314			64.96065478178822
315			71.78073458039361
316			78.78901880412518
317			85.87389228168128
318			92.8599680465974
319			99.4573870741498
320			105.53734073725869
321			111.8230656069362
322			119.20194100570622
323			127.9350722852
324			137.98563524947767
325			149.1113427451603
326			160.9019556430667
327			172.2515876553835
328			181.38823655907993
329			187.7117417332425
330			192.38048299898495
331			196.09790311434486
332			198.26418153495553
333			198.56597793132266
334			198.2262138252851
335			198.61998095389924
336			200.24470040366003
337			203.26463216751532
338			207.44168004730494
339			212.31235393768227
340			217.0304626957266
341			220.50639235788816
342			222.53279225731785
343			223.84704823159987
344			225.08910154376392
345			226.67485920015457
346			229.0158546105984
347			232.55864808685084
348			237.55341614137956
349			243.5397525767062
350			249.95683782061747
351			256.54998844473397
352			263.0216543293152
353			267.8194022004085
354			268.9219532022333
355			266.71666039068714
356			263.37513933807946
357			260.66284704038367
358			259.8549518377293
359			261.98195131894835
360			267.7248022163379
361			277.1152823660662
362			288.74763808061374
363			301.1936885837922
364			313.6603267687531
365			325.4394133922802
366			335.53363974292114
367			342.87611342559734
368			346.6229428533187
369			346.1333256539619
370			342.0296522478898
371			335.86708405329864
372			329.673047498083
373			325.93257234538333
374			326.3627596785326
375			331.48437291668426
376			340.3913112056991
377			349.25820020698706
378			354.20823981214795
379			352.4670927319223
380			342.6199630568097
381			328.86748864507564
382			316.76118105916925
383			308.93938302843515
384			306.6220944805083
385			310.0333109192234
386			318.6691538990682
387			330.5572795381626
388			342.34790904264156
389			351.20153000884164
390			355.0626524231399
391			353.48846558679134
392			349.09742623728454
393			345.22916374183757
394			346.27419432477836
395			356.07360036522226
396			375.28874991938744
397			403.3989308521471
398			437.7668094833137
399			474.8049890814225
400			509.8726528921677
401			537.9026826597036
402			556.8871195677441
403			567.403982439328
404			571.6218566827555
405			573.4674414537809
406			575.7144432085405
407			579.0452334337889
408			583.7990894271447
409			589.9670336615152
410			597.3278703350239
411			605.0917115865541
412			612.3753616913338
413			618.4648022048984
414			622.7603813888388
415			625.1303094647282
416			625.6990809885136
417			625.0114853492761
418			623.8872735101476
419			622.9507378718553
420			622.6203373364044
421			622.7308793787589
422			622.3451784483904
423			620.7271036898213
424			617.6266004445089
425			612.6668181611316
426			604.9744563182161
427			594.4069945958423
428			584.088828317463
429			577.6830366732136
430			577.1979089028324
431			583.8056775759361
432			596.6283994580209
433			613.607883218843
434			631.2064216486087
435			644.9438874239678
436			653.8289567950653
437			660.482803438265
438			667.0931181679188
439			674.9800579356155
440			684.76351010502
441			695.7815834696614
442			707.1071827280911
443			717.493608997454
444			726.1045979195939
445			734.0695750073103
446			742.8280741492518
447			752.5538417405273
448			762.8066523954668
449			771.918346563824
450			777.7085161478076
451			780.123099302934
452			780.6971293717243
453			780.7196028057666
454			781.174099492613
455			782.551618694915
456			784.6556450499793
457			787.1761614805008
458			789.6825243320811
459			791.891184078148
460			793.9755359520539
461			795.945692073973
462			796.8215148615648
463			795.6283355183311
464			792.9032597286124
465			789.6953019822083
466			786.7179772057725
467			784.4999658156595
468			783.4043140870037
469			783.6614055921171
470			785.1475886495039
471			787.3992196574571
472			790.0437317893077
473			792.8492766087602
474			795.6179347648496
475			798.1964926779268
476			800.5696043756841
477			803.0632498934823
478			805.8050683247534
479			808.0057720776431
480			808.626342692108
481			806.4124331897176
482			800.2643907484887
483			790.7647526312644
484			779.3597081360975
485			768.616819161395
486			761.6874746613847
487			759.697650389504
488			762.0145746789196
489			767.314446279498
490			773.5481026543847
491			779.2631678519527
492			784.0122033110324
493			787.5582012855391
494			789.9280764140667
495			791.080425256716
496			790.6649469454886
497			788.2735227956967
498			783.4980341226519
499			nan
500			nan
