Nom de l'instrument : SAM_80E0
Fichier_calib_utilise: /Users/mdlemineahmedou/Documents/Stage/pipeline_LOG/data/calibration/ALL_2023/Cal_SAM_80E0.dat
Date : 2023-10-10
Heure : 10:15:15
Comment : LIDAR_20231010

l_onde		data
280			nan
281			nan
282			nan
283			nan
284			nan
285			nan
286			nan
287			nan
288			nan
289			nan
290			nan
291			nan
292			nan
293			nan
294			nan
295			nan
296			nan
297			nan
298			nan
299			nan
300			nan
301			nan
302			nan
303			nan
304			nan
305			nan
306			nan
307			nan
308			nan
309			nan
310			nan
311			nan
312			nan
313			nan
314			nan
315			nan
316			nan
317			61.84493669898119
318			65.99300998923628
319			70.9023853607155
320			76.48793997428545
321			82.66455099081266
322			89.34709557116372
323			96.45045087620522
324			103.88696284272856
325			111.50547125922165
326			119.08822519808137
327			126.41419841230511
328			133.21182619032157
329			139.0820587902187
330			143.60605622807523
331			146.4864617195808
332			148.240174689743
333			149.71872807053657
334			151.74705215565314
335			154.52684785631848
336			157.64332658903868
337			160.6558667349578
338			163.25426136307254
339			165.43880997242675
340			167.25502995143972
341			168.7701571723067
342			170.188877546161
343			171.7694890276877
344			173.76282417472078
345			176.26093530130038
346			179.20537135486316
347			182.53142062088526
348			186.09603613964623
349			189.57709997069415
350			192.6275848095624
351			194.95178657137194
352			196.56640926672614
353			197.60570683266764
354			198.20596929691655
355			198.53986532797848
356			198.81359991050107
357			199.2350978515687
358			200.110899256888
359			201.96745563844127
360			205.36095655842087
361			210.71105305026796
362			217.6241576429398
363			225.4068254504754
364			233.36334772983417
365			240.76309641311133
366			246.8436918819259
367			250.84383859943136
368			252.45537014664458
369			252.3706436559262
370			251.41578612192112
371			250.3612791362041
372			249.64804837320364
373			249.59614865302532
374			250.49665782004234
375			252.07973897689806
376			253.56575474889124
377			254.15786564551868
378			253.33514944685703
379			251.1884093775075
380			247.89062074267233
381			243.7249904802812
382			239.63375352601565
383			236.80299796514467
384			236.36553052801204
385			238.38705055815456
386			241.95162650650698
387			246.10756184744753
388			250.07650027031775
389			253.4710735069571
390			255.95748045042077
391			257.4058080947188
392			258.9343003617002
393			262.1333306824882
394			268.5475113888139
395			278.7556654122428
396			292.4268155091209
397			309.1931740896689
398			328.3341074290035
399			348.30914692561424
400			367.46166194753266
401			384.27998006553196
402			398.173391046371
403			408.9116840458648
404			416.2998561377584
405			420.89888715790596
406			424.0070490965305
407			426.95182905486274
408			430.6115316640995
409			434.77669952644874
410			439.0764466815726
411			443.1645903466193
412			446.85992193007644
413			450.048809528505
414			452.61899654883683
415			454.4861538704373
416			455.5944377887439
417			455.88952856261113
418			455.42004608314693
419			454.4973225600365
420			453.4739951679277
421			452.60897636182966
422			451.495185644747
423			449.4371761083689
424			445.76992127842703
425			440.661306831528
426			435.1760708618438
427			430.4230219115854
428			427.3070507114075
429			426.17881427754884
430			427.2957022774022
431			430.84057997599587
432			436.42621166966916
433			443.4020803379286
434			451.12025184117726
435			459.05211213275004
436			466.8058571306458
437			473.99737166383875
438			480.4370027434977
439			486.50356320258555
440			492.6791895271258
441			499.3918388195278
442			506.6181662459881
443			514.1107710063441
444			521.621360015123
445			528.9266802692651
446			535.8342948259873
447			542.1536780736453
448			547.7355437318631
449			552.5614711056432
450			556.6389379600962
451			559.9828495890197
452			562.6762388574356
453			564.8387492097692
454			566.5906101921869
455			568.0616870688358
456			569.3946667219086
457			570.7331190893601
458			572.1638823187051
459			573.5767001291474
460			574.8185424739988
461			575.7403577979773
462			576.233730130805
463			576.2140190083737
464			575.6004626679248
465			574.4923853081233
466			573.2499570200833
467			572.2537768718333
468			571.8011083141629
469			571.869850221849
470			572.3614094531164
471			573.182387825806
472			574.2991492931487
473			575.7163173111059
474			577.4376514339339
475			579.3717435156749
476			581.2761998270737
477			582.8952237388255
478			583.963937334654
479			584.1788321962107
480			583.2261298289346
481			580.8292381363652
482			577.1991013371565
483			572.8895916068523
484			568.461385897734
485			564.4468734176154
486			561.3290047262176
487			559.5857493248791
488			559.5581672425404
489			560.9374036576268
490			563.2219534082977
491			565.916492231689
492			568.6196617968286
493			571.0029692345017
494			572.7398269168979
495			573.5036472162071
496			572.9678425046194
497			570.8058251543247
498			nan
499			nan
500			nan
