Nom de l'instrument : SAM_877E
Fichier_calib_utilise: /Users/mdlemineahmedou/Documents/Stage/pipeline_LOG/data/calibration/ALL_2023/Cal_SAM_877E.dat
Date : 2023-10-10
Heure : 12:19:20

l_onde		data
280			3.12027146631927
281			3.257815019685602
282			3.4176870567419204
283			3.5831662044803094
284			3.7508271347818725
285			3.92852561632399
286			4.104941480133251
287			4.242887123515166
288			4.329591816838464
289			4.40533631612215
290			4.506738541265922
291			4.638672831036417
292			4.799766081376843
293			4.988615042616974
294			5.198723773762441
295			5.382226167479913
296			5.480173456026131
297			5.5607147411062074
298			5.7831018746593355
299			6.232732357977358
300			6.911728085126026
301			7.860395707290257
302			9.189274786670351
303			10.992766857234754
304			13.307887009802082
305			16.156475896892104
306			19.535632076126564
307			23.460048533881555
308			28.093171115590465
309			33.62611614972665
310			39.941759547969234
311			46.74492631977688
312			53.807713969446844
313			60.96571151819165
314			68.1442143298424
315			75.38267113529076
316			82.70271486200512
317			90.07607550560475
318			97.39556390156748
319			104.33525582415429
320			110.73642613054908
321			117.41179009711492
322			125.34827360221519
323			134.72292312277506
324			145.34696491590623
325			157.00592344642448
326			169.4308815175828
327			181.48049711897238
328			191.1725027100022
329			197.85755059325217
330			202.89158953990545
331			207.0693052189523
332			209.60618264852297
333			210.04970608299635
334			209.75823296645072
335			210.27464351501717
336			212.13404240915972
337			215.491015952605
338			220.0548636180769
339			225.29530520368763
340			230.3944807768064
341			234.35259430158408
342			236.84907169410366
343			238.29543628921354
344			239.32886164889447
345			240.88255961917574
346			243.67165541661848
347			247.84523316230326
348			253.36169176636653
349			259.7891412008533
350			266.6621662597457
351			273.80116502870266
352			280.94717185963276
353			286.33257263375685
354			287.6197232753898
355			285.2754900161284
356			281.8382474909538
357			279.2092201465431
358			278.54367776080704
359			280.8818343098684
360			287.1383440084302
361			297.45601075937424
362			310.2091780937957
363			323.761897690726
364			337.3200946647444
365			350.1930560574392
366			361.2570988210321
367			369.28780706666964
368			373.42345398042096
369			373.07274749398755
370			368.8798455352592
371			362.40717894372887
372			355.83752751145335
373			351.9638445181006
374			352.67679379173325
375			358.4570595248734
376			368.2678137498525
377			377.9925119904124
378			383.4684621513401
379			381.72256057256135
380			371.2350792282192
381			356.47813361500204
382			343.38579935749124
383			334.93964165473267
384			332.65678131097934
385			336.71751063512954
386			346.349465734048
387			359.3564183056398
388			372.21112360745497
389			381.89422141469583
390			386.16566882691836
391			384.5338612186638
392			379.8361821100842
393			375.71964021359054
394			377.0472570613145
395			388.04874181864983
396			409.2850372471234
397			440.01774103863795
398			477.48581077757046
399			517.9820048781672
400			556.4054144154284
401			587.0609068253826
402			607.803003589591
403			619.4776247671304
404			624.457531317311
405			626.785021850592
406			629.382495929526
407			633.144454986921
408			638.5677140858028
409			645.6551178975288
410			654.1291686409338
411			662.9787585767955
412			671.1072810483953
413			677.8194447380051
414			682.6042719819106
415			685.3713118384204
416			686.2628984914442
417			685.829716814416
418			684.8903525280679
419			684.0880698911224
420			683.8789667753306
421			684.1051795887587
422			683.7952130657324
423			682.1929412712254
424			679.0610404606946
425			673.9606360333261
426			665.7416423361739
427			654.1158273050905
428			642.7333059575519
429			635.8701708009105
430			635.669116399176
431			643.2564716036059
432			657.6635947006833
433			676.6999614657734
434			696.4380908687823
435			711.8368842273414
436			721.801683909204
437			729.3242862028146
438			736.8538578066932
439			745.7834690737245
440			756.7815812058788
441			769.2151363959105
442			782.1122098943673
443			793.9750389423046
444			803.7690405885597
445			812.802680756828
446			822.7533060109447
447			833.7848083616038
448			845.3489161412632
449			855.630739535988
450			862.2903679268954
451			865.2285359540045
452			866.0258749633321
453			866.1388365196174
454			866.8386994257244
455			868.7107520058713
456			871.3675084526359
457			874.3576157396548
458			877.252552764376
459			879.8041088747021
460			882.2666965111537
461			884.696398218502
462			885.9839249054878
463			885.0021340507379
464			882.2601926271732
465			878.8349823839201
466			875.5583764635461
467			873.1194204869038
468			871.9837868035588
469			872.4396966980863
470			874.3434436810732
471			877.1360426735058
472			880.3362442771336
473			883.5909733641431
474			886.6904732911528
475			889.6722787658757
476			892.6367206373563
477			895.7770979640409
478			899.0695474284682
479			901.6475416074447
480			902.4028161518507
481			899.9657288269905
482			893.130754035871
483			882.5568893440133
484			869.8628775253014
485			857.9380685852833
486			850.3329440029286
487			848.2950953122972
488			851.0734870222083
489			857.1627031945817
490			864.2690624884434
491			870.7924281044524
492			876.2954334979174
493			880.5322844274937
494			883.4503786100391
495			884.927935569149
496			884.5594199622178
497			881.8861846841379
498			876.4495826298012
499			nan
500			nan
