Nom de l'instrument : SAM_877E
Fichier_calib_utilise: /Users/mdlemineahmedou/Documents/Stage/pipeline_LOG/data/calibration/ALL_2023/Cal_SAM_877E.dat
Date : 2023-10-10
Heure : 11:31:00

l_onde		data
280			2.5175217458984247
281			2.6305132847058466
282			2.7439238143411866
283			2.8485782234551706
284			2.9496884202675338
285			3.064768986095471
286			3.194523103713573
287			3.3167801242561143
288			3.4187429044192843
289			3.509796647749978
290			3.6011486799601258
291			3.701309143105081
292			3.815826134699423
293			3.938051178071559
294			4.059073468436271
295			4.1826233539894115
296			4.318641197351809
297			4.477877957868571
298			4.673113294946456
299			4.957499724890717
300			5.428511089336005
301			6.172238383516403
302			7.252141725315262
303			8.723618458784662
304			10.627064944092362
305			12.998074161313106
306			15.862463085956321
307			19.250367545219298
308			23.234178081767574
309			27.892683463100198
310			33.20203262053455
311			39.07058154745447
312			45.272007224388624
313			51.46850434774765
314			57.567474560071965
315			63.80041339237852
316			70.27106621294392
317			76.79078940867795
318			83.14587443305827
319			89.1488554220549
320			94.7555891345034
321			100.56878150630538
322			107.31714230160921
323			115.2642414351489
324			124.44269809952127
325			134.6131569832191
326			145.32918571915906
327			155.58261829585857
328			163.83050518608798
329			169.568316820785
330			173.84619407364454
331			177.28285693274668
332			179.28084439717193
333			179.52826106453313
334			179.20782449680786
335			179.6323518262937
336			181.16749429374403
337			183.8471527618116
338			187.4998164603609
339			191.82149879568365
340			196.07226114532082
341			199.22601432651862
342			201.04882850250505
343			202.1576875416737
344			203.14512891595803
345			204.50058074824724
346			206.64654780848488
347			209.8709551752657
348			214.3063769509174
349			219.60432404959928
350			225.34369830515098
351			231.28546770027194
352			237.11888590599065
353			241.39090265009037
354			242.22965172482415
355			240.0694461474079
356			237.04573174873275
357			234.71671167170115
358			233.970523277571
359			235.66584183309934
360			240.66503995938055
361			249.1414478808852
362			259.6659958190388
363			270.8047733270944
364			281.9024023986113
365			292.4085554182496
366			301.42317143470603
367			307.95769985875796
368			311.25718234371004
369			310.7637122799364
370			307.02794050843477
371			301.4207695347627
372			295.7715156748175
373			292.35580073581065
374			292.71133153695916
375			297.22645633379113
376			305.0545404800044
377			312.8429503848731
378			317.18214150689494
379			315.5671648660686
380			306.6981486741975
381			294.3261076538758
382			283.4228418207118
383			276.38330295840075
384			274.33869496422915
385			277.42802935626736
386			285.0784597960864
387			295.54563076391986
388			305.98708838908203
389			313.9028525797556
390			317.33192041458244
391			315.8138432183851
392			311.7634883590073
393			308.2379808015443
394			309.18022125790395
395			318.00831234562844
396			335.19435396338366
397			360.15608439731915
398			390.61561499709046
399			423.5127191474036
400			454.7287403691953
401			479.697437939692
402			496.6086744768905
403			505.9815529261926
404			509.7306710349068
405			511.3112713107258
406			513.1878436472698
407			516.0248656680299
408			520.1583104936295
409			525.5445794921511
410			531.9604886389155
411			538.745737080028
412			545.1564957117798
413			550.516968961223
414			554.2374249588439
415			556.2338404875508
416			556.6852189152212
417			556.0502741582179
418			554.9722638366945
419			554.005552913155
420			553.6023047938208
421			553.6336831415213
422			553.1972395741122
423			551.6366454493101
424			548.8675711685655
425			544.6032299908503
426			537.8268111131821
427			528.2256113933604
428			518.8057303638543
429			513.0884237596944
430			512.7241242988587
431			518.5104123590382
432			529.750199473376
433			544.8475222765024
434			560.5836438594354
435			572.686312102848
436			580.2901001286954
437			586.0564037382605
438			592.0248548520342
439			599.1035282902764
440			607.6760663783909
441			617.2418367429236
442			627.092587052939
443			636.2282254713803
444			643.9589307970257
445			651.11879880977
446			658.8020418173736
447			667.2426163339815
448			676.2143496607042
449			684.2627358145647
450			689.4037925966346
451			691.5370625277503
452			691.9729999012837
453			691.8715047937153
454			692.190552384844
455			693.3909110922567
456			695.2325840367592
457			697.4008727808072
458			699.5401116237437
459			701.4211228485713
460			703.1865170407455
461			704.8399970942838
462			705.5549439211759
463			704.5023837198688
464			702.0801544679659
465			699.1178083540656
466			696.3138203282574
467			694.2768151610012
468			693.3184994976496
469			693.5295679850201
470			694.7657005007588
471			696.6595410780227
472			698.8998622228023
473			701.2632903253572
474			703.5858174118863
475			705.801571941369
476			707.9362843367578
477			710.2236206730781
478			712.705646839193
479			714.6086260137992
480			714.971953957828
481			712.8267800866065
482			707.3676868820413
483			699.0347626637289
484			688.9390850728906
485			679.3742131747929
486			673.26069129565
487			671.5693979924323
488			673.5838106399975
489			678.1176236089123
490			683.5104642670622
491			688.5566037536984
492			692.8091084253622
493			696.0036268195081
494			698.1262979174863
495			699.1186045516414
496			698.6895485933474
497			696.5046173348251
498			692.2292980682952
499			nan
500			nan
