Nom de l'instrument : SAM_877D
Fichier_calib_utilise: /Users/mdlemineahmedou/Documents/Stage/pipeline_LOG/data/calibration/ALL_2023/Cal_SAM_877d.dat
Date : 2023-10-10
Heure : 10:57:30

l_onde		data
280			0.121280289076795
281			0.1430209740853824
282			0.16482135971866074
283			0.17275898073344811
284			0.16541674495676792
285			0.16013347710250886
286			0.16701825852489302
287			0.17647373284315648
288			0.18110663187228324
289			0.19029677667390385
290			0.21210376495056765
291			0.2284250158314674
292			0.21718858378367628
293			0.1959619078015197
294			0.19964022475165027
295			0.22713306610122708
296			0.2510770738821171
297			0.25706577423432714
298			0.24553431781908416
299			0.22608395732100114
300			0.22160720383911325
301			0.24002423774032194
302			0.2512900790977032
303			0.23455785711062077
304			0.2212421699345753
305			0.2436998329017147
306			0.2755158184439913
307			0.2763905808607508
308			0.2592376520827194
309			0.26188085488879204
310			0.2895159522065676
311			0.3231160939675858
312			0.35258508211462786
313			0.37822873379031957
314			0.4059499539465977
315			0.44959031030355057
316			0.511806596580187
317			0.5677874441636761
318			0.6020851137645932
319			0.6452030318737041
320			0.7279287620924716
321			0.8298579068810215
322			0.9189878276718924
323			1.0063687317020786
324			1.1219836639336687
325			1.267200333430609
326			1.4230554272627054
327			1.5739042822248774
328			1.7083200541334647
329			1.8343987505283474
330			1.9885004730894522
331			2.176120955258794
332			2.331982680459075
333			2.4150728246265243
334			2.4899776196567913
335			2.6234674659372708
336			2.79349722023372
337			2.9589817797064017
338			3.132246372351617
339			3.345002082679363
340			3.5813243634010385
341			3.796485322933903
342			3.978627414748805
343			4.14653952135579
344			4.327814260330943
345			4.55970526237591
346			4.847209702655031
347			5.1341815802950315
348			5.390829865302284
349			5.676707923929067
350			6.042321814445117
351			6.4417841310738435
352			6.812817339002723
353			7.139967943313074
354			7.423777258724555
355			7.651866973595339
356			7.808913472332635
357			7.93953175027779
358			8.133171263017555
359			8.448705017848154
360			8.909966700122325
361			9.49952026881772
362			10.139655686366396
363			10.779728445093253
364			11.439256553721206
365			12.126573853755218
366			12.78519836324706
367			13.354552259041688
368			13.81484726408195
369			14.158161926587363
370			14.376265690965813
371			14.469310828750093
372			14.528524930344654
373			14.696371945607329
374			15.04655463645522
375			15.591157459572704
376			16.263041950862878
377			16.903416885183685
378			17.372162644436518
379			17.56949836967899
380			17.473741822770222
381			17.239038329864094
382			17.033746755600156
383			16.987874803637805
384			17.20305540003316
385			17.680152469576523
386			18.382109002024567
387			19.2236331321741
388			20.09682148128244
389			20.881951412663277
390			21.457623576105018
391			21.806892390499968
392			22.0067900381874
393			22.217159954072716
394			22.693866707503688
395			23.654419924724873
396			25.241541586460535
397			27.461271800262775
398			30.013184705762036
399			32.58257165558496
400			34.956239878764826
401			36.9704388975866
402			38.59815991984316
403			39.86101857426059
404			40.83019707459013
405			41.599888528018326
406			42.28062012375161
407			42.98924151873095
408			43.78302482333243
409			44.66887762824243
410			45.63723632266818
411			46.66128887967924
412			47.70394422727935
413			48.713476942085514
414			49.646145374925354
415			50.47842257913292
416			51.20740921073875
417			51.88532991433323
418			52.56623589411591
419			53.26608009787517
420			53.98893969810602
421			54.729718876555
422			55.47354637208918
423			56.14833688735473
424			56.655066784536615
425			56.948405831385315
426			57.025770976640345
427			56.95334958879938
428			56.86694508173275
429			56.97675406979596
430			57.58872333331284
431			58.875948864204396
432			60.7519510575629
433			63.03524418387057
434			65.37303226324134
435			67.47507767196976
436			69.3732748360722
437			71.17571016847718
438			73.00999856291783
439			75.00069272548892
440			77.20548009591788
441			79.63990782849115
442			82.18467283790294
443			84.6504446889331
444			87.02585520649353
445			89.44263026760679
446			91.97081820097084
447			94.60691644001388
448			97.2594284379119
449			99.71374153741776
450			101.83101613501063
451			103.6425290254177
452			105.21354108542528
453			106.64714928979839
454			108.04470971351704
455			109.47692800305275
456			110.986892993663
457			112.51025857207223
458			113.96146117357496
459			115.35937091691056
460			116.76070837876917
461			118.12352187797313
462			119.34916054842446
463			120.39487615614706
464			121.26637639146385
465			122.03192276856063
466			122.82515634193363
467			123.74489028568175
468			124.83509111509984
469			126.12651827023622
470			127.63261658016559
471			129.32420664615506
472			131.06647195163154
473			132.75417045094187
474			134.44740061575618
475			136.22442125763249
476			138.07256708083787
477			139.94363013256628
478			141.73672934898937
479			143.3285752741215
480			144.59091421899583
481			145.39470750587586
482			145.6382196741714
483			145.25306449596147
484			144.45905992637765
485			143.7515649115176
486			143.48348440171594
487			143.8094737789033
488			144.74778113407817
489			146.10866325827783
490			147.68328383318263
491			149.26477290048612
492			150.69802314254318
493			151.98260779444712
494			153.11728534261601
495			153.97965071287513
496			154.4444139920465
497			154.5414390382244
498			154.35407745568995
499			153.96573086022823
500			nan
