Nom de l'instrument : SAM_877E
Fichier_calib_utilise: /Users/mdlemineahmedou/Documents/Stage/pipeline_LOG/data/calibration/ALL_2023/Cal_SAM_877E.dat
Date : 2023-10-10
Heure : 12:20:46

l_onde		data
280			2.829726843167229
281			2.992795127456207
282			3.168829763636248
283			3.3208425202633594
284			3.445035417864076
285			3.5664566905544564
286			3.690437107676583
287			3.7948641676021273
288			3.875101554325438
289			3.965733604454971
290			4.0925565715173935
291			4.238725133273522
292			4.3820235415302315
293			4.5153519575576695
294			4.637346128221326
295			4.754835003406409
296			4.880219972032614
297			5.048178541823132
298			5.310235891340944
299			5.730313747583101
300			6.385394505500911
301			7.339561142746549
302			8.634467531002084
303			10.321894789661405
304			12.484510081251333
305			15.19703038358535
306			18.483763733005443
307			22.365306295482505
308			26.91712231560794
309			32.22243003107406
310			38.22545216097084
311			44.783599630147314
312			51.66407761258525
313			58.56108149763632
314			65.37976732985162
315			72.30315506791493
316			79.41109364138524
317			86.54516738369702
318			93.51346917574001
319			100.10640208931672
320			106.2680573104532
321			112.67601067563065
322			120.1464886012044
323			128.9369344688952
324			139.03595223983262
325			150.21160166652368
326			162.05420407320983
327			173.46897717073975
328			182.7051621137341
329			189.1564488460825
330			193.93435190943168
331			197.71555353124688
332			199.9246123284772
333			200.26813377665664
334			199.95148710953106
335			200.33554495855063
336			201.96156868662356
337			205.04521911828783
338			209.30721438192907
339			214.20498106267712
340			218.9180643169837
341			222.45494660086533
342			224.59884153632234
343			225.96291324373868
344			227.15991149975795
345			228.738610678806
346			231.180142600273
347			234.82149422845157
348			239.82638223778457
349			245.81899515150582
350			252.33304057058047
351			259.0571943215205
352			265.59789219879974
353			270.4076550544315
354			271.51917182278083
355			269.3409928579002
356			266.0406465255433
357			263.3647949344885
358			262.5552355946095
359			264.65319838658587
360			270.420924625695
361			279.94216563662644
362			291.7805855206401
363			304.46142198203376
364			317.1299184726415
365			329.02956197722744
366			339.2033766352543
367			346.644336107134
368			350.4848971470676
369			350.02393511815484
370			345.88928315771744
371			339.6887028783629
372			333.4856638113914
373			329.78238021408714
374			330.28723250604725
375			335.4747136979972
376			344.41996499237086
377			353.346151472886
378			358.3938026333908
379			356.6744328665689
380			346.67491203735244
381			332.70883074683326
382			320.48680719080136
383			312.6611868681202
384			310.40182896387745
385			313.91199005106444
386			322.6869626016854
387			334.7556786483624
388			346.77006272356965
389			355.8385227217385
390			359.7807255130176
391			358.1101800374768
392			353.57155227193454
393			349.6344552754728
394			350.7731457588562
395			360.8678558124929
396			380.4626415066196
397			408.90309089287865
398			443.58557107281104
399			481.01144719725414
400			516.509196773603
401			544.9165537827791
402			564.2123440801842
403			575.0274389317709
404			579.5094998715647
405			581.476679734506
406			583.6835919022395
407			586.95093788629
408			591.723520425293
409			597.9831372485345
410			605.4829830517012
411			613.4093375010483
412			620.8523162492447
413			627.054156125936
414			631.3773178357982
415			633.7427464333163
416			634.3629844369827
417			633.773545744183
418			632.7211577733483
419			631.809040028165
420			631.4850127754162
421			631.595854884248
422			631.1904594187829
423			629.542493605012
424			626.460260896039
425			621.5730936285786
426			613.8560860986703
427			603.0588851212559
428			592.4807966914118
429			585.9940019116226
430			585.5991559876644
431			592.3873471456652
432			605.4517747808193
433			622.7290707897819
434			640.6225590762115
435			654.5574687778987
436			663.550973548669
437			670.3383442505731
438			677.1399606557891
439			685.1849358201279
440			695.0574870802529
441			706.191563228198
442			717.7290278284565
443			728.3684300012765
444			737.2102592884556
445			745.3784488131048
446			754.3165597725246
447			764.1676854480618
448			774.4616015446047
449			783.6270742438718
450			789.6318737447187
451			792.3249650934569
452			792.9713575257914
453			792.8670408534582
454			793.2904652884744
455			794.8317694555346
456			797.0940893034896
457			799.6540006260177
458			802.1876822855357
459			804.4857975222966
460			806.6294676727865
461			808.5567080448036
462			809.416227329799
463			808.3676301355761
464			805.8139592919399
465			802.6005019381835
466			799.4802261006952
467			797.13951882232
468			796.013150561462
469			796.3397044365721
470			797.9644711017978
471			800.3563852693665
472			803.0988630504006
473			805.9495855382127
474			808.729735553928
475			811.3552205954921
476			813.8488824260946
477			816.4817665734521
478			819.3226264606492
479			821.5624221252956
480			822.1569265704504
481			819.8759422910065
482			813.646050976457
483			804.0204604200169
484			792.4012198371544
485			781.4278717454303
486			774.3900028881353
487			772.4375354264741
488			774.864217828102
489			780.3012889551155
490			786.6912000514387
491			792.5685198114685
492			797.4621634479876
493			801.1078570635491
494			803.4994520627824
495			804.5854225341702
496			804.0765999368734
497			801.6393350166202
498			796.9399785191374
499			nan
500			nan
