Nom de l'instrument : SAM_877E
Fichier_calib_utilise: /Users/mdlemineahmedou/Documents/Stage/pipeline_LOG/data/calibration/ALL_2023/Cal_SAM_877E.dat
Date : 2023-10-10
Heure : 10:57:57

l_onde		data
280			2.1620540299113307
281			2.2487908820407374
282			2.3312213070008307
283			2.412311330432792
284			2.5007585752139536
285			2.6098915260157503
286			2.735243218129944
287			2.848533552327272
288			2.933465141597057
289			3.00133761981653
290			3.0684204572169094
291			3.156151237738176
292			3.279691870333609
293			3.4176312904270203
294			3.539333327372097
295			3.632199947741125
296			3.696043072027706
297			3.781656449252514
298			3.975048505827526
299			4.298199269890886
300			4.702660014400213
301			5.219200145121003
302			6.015534388166739
303			7.21206693472122
304			8.777296664942515
305			10.686567109818306
306			13.035608314479095
307			15.937182972060585
308			19.42426552752687
309			23.4954767708805
310			28.113479855749155
311			33.21448267280183
312			38.63669793844896
313			44.13628215609011
314			49.621098007546344
315			55.2003358907155
316			60.93287059864982
317			66.75268642640586
318			72.53413078738765
319			78.01643355832542
320			83.06867192703423
321			88.28412608685714
322			94.39392262807972
323			101.58451889360315
324			109.78802569992135
325			118.81661682452265
326			128.376704540191
327			137.58690195960662
328			145.00177345789615
329			150.13850555512525
330			153.95979879523048
331			157.03068264960143
332			158.79297268625166
333			158.95709028695526
334			158.63011511240964
335			159.03163917613315
336			160.4490618912603
337			162.85115484523251
338			166.06938575247358
339			169.84157362203456
340			173.5435110698591
341			176.31342089616498
342			177.95098380252762
343			178.96631101973446
344			179.84575803342975
345			180.98450062621515
346			182.7557708802517
347			185.5002391548713
348			189.39740027743537
349			194.07418027307452
350			199.0835421926477
351			204.2389317082322
352			209.3210407358934
353			213.0746903365542
354			213.85643737304954
355			211.9933232304122
356			209.26978886523472
357			207.0760727354273
358			206.33549895772532
359			207.84803910904526
360			212.25386960685614
361			219.6366445941239
362			228.8190747865194
363			238.60719321059304
364			248.37458397291152
365			257.57755359831305
366			265.4503188081227
367			271.17103958675847
368			274.06735091280746
369			273.6138396476983
370			270.2798255805486
371			265.27117023460494
372			260.2139286600905
373			257.143569810548
374			257.41702744143447
375			261.3347980366013
376			268.1337871738838
377			274.9047849476399
378			278.67778057825984
379			277.21795696168175
380			269.3534233100809
381			258.4307929602212
382			248.8781611833884
383			242.73768348124776
384			240.89629290406296
385			243.50324931458405
386			250.16735386925328
387			259.3730109687033
388			268.5486433050033
389			275.4701545750782
390			278.45530678102847
391			277.1130821346963
392			273.51566416227
393			270.32292689540697
394			271.0616999718098
395			278.7868432431476
396			293.8494342985404
397			315.6606123096371
398			342.2555690150131
399			371.02004259846046
400			398.33332147954343
401			420.1409500489567
402			434.8754948333084
403			443.0679934634994
404			446.39434780202106
405			447.7875577127247
406			449.350896878939
407			451.68339032565035
408			455.12690954932543
409			459.74789004825953
410			465.4113451803892
411			471.4138768232747
412			476.97053289304245
413			481.5269287032939
414			484.65279981581983
415			486.30392907382304
416			486.63868357655076
417			486.0515416468323
418			485.09159029293
419			484.2063017199973
420			483.7330592576253
421			483.5852581094834
422			483.11311856894497
423			481.78560956805615
424			479.37310025941497
425			475.53744036395676
426			469.55077381728506
427			461.2710124540452
428			453.1691173114829
429			448.13830438355683
430			447.69726589593745
431			452.691351897279
432			462.4511669064359
433			475.4312067388666
434			488.93448097716566
435			499.5271636649324
436			506.41564298174285
437			511.5416390658108
438			516.5652328147858
439			522.5564600145452
440			530.0269306148792
441			538.4501446485181
442			547.1041341174512
443			555.0639841968698
444			561.7075086582818
445			567.8376125571608
446			574.4897137671961
447			581.8288024581523
448			589.5848562381427
449			596.5257532665888
450			601.0086952351573
451			602.9232470622013
452			603.3096758030877
453			603.1592029003197
454			603.3733187122223
455			604.3704058000958
456			605.8812715059198
457			607.6201766671297
458			609.3746765177491
459			611.0069257884049
460			612.5655183026647
461			613.9756476750088
462			614.5276137592361
463			613.53436724054
464			611.3906918050964
465			608.8572901427256
466			606.4512683204424
467			604.5592060548541
468			603.4962478192022
469			603.5128013316976
470			604.5349559859137
471			606.1755437414096
472			608.105045590721
473			610.0889981243781
474			611.9700968574532
475			613.7209569741582
476			615.3991957612496
477			617.2446844580141
478			619.3265784565451
479			620.9888855705152
480			621.398867070695
481			619.6612045263795
482			615.0097729201311
483			607.7989747809498
484			598.9853825502109
485			590.5727139602437
486			585.1233752245297
487			583.5345145126894
488			585.2582992528112
489			589.2414204850502
490			593.9067262886829
491			598.1672509086935
492			601.7547572725915
493			604.5050317840436
494			606.3231965726736
495			607.0895043679722
496			606.5822442903755
497			604.5606204414067
498			600.7838369225889
499			nan
500			nan
