Nom de l'instrument : SAM_81D7
Fichier_calib_utilise: /Users/mdlemineahmedou/Documents/Stage/pipeline_LOG/data/calibration/ALL_2023/Cal_SAM_81D7.dat
Date : 2023-10-10
Heure : 11:33:30

l_onde		data
280			nan
281			nan
282			nan
283			nan
284			nan
285			nan
286			nan
287			nan
288			nan
289			nan
290			nan
291			nan
292			nan
293			nan
294			nan
295			nan
296			nan
297			nan
298			nan
299			nan
300			nan
301			nan
302			nan
303			nan
304			nan
305			nan
306			nan
307			nan
308			nan
309			nan
310			nan
311			nan
312			nan
313			nan
314			nan
315			nan
316			nan
317			nan
318			nan
319			0.0024946138746098313
320			0.003289774180055411
321			0.003359188984100074
322			0.0029639252448560804
323			0.0023650499204356974
324			0.0018236299689511867
325			0.0016007320616268528
326			0.001852524319877205
327			0.0023330551534133047
328			0.0027000311930034247
329			0.002646151970005647
330			0.002240338021789523
331			0.0017804634651095333
332			0.0015637279268808106
333			0.0016943923976410838
334			0.0019996311534312087
335			0.002285179454437777
336			0.002401628047793118
337			0.00236121555446194
338			0.0022125814159467475
339			0.00200620363871232
340			0.0018110886779956637
341			0.0017069714270449205
342			0.0017717656171501073
343			0.001996783906264602
344			0.0022542204746214254
345			0.0024076117639666656
346			0.002377753528950117
347			0.002283237794934215
348			0.0022853359421276865
349			0.002522063649087214
350			0.002906664417401322
351			0.0032264323320831843
352			0.0032716518948023125
353			0.0030151212086602314
354			0.002674108914741443
355			0.002482973551272931
356			0.002596940190143973
357			0.0029043340553788263
358			0.003237268853279979
359			0.0034424632166440575
360			0.0035049020340780102
361			0.0034857821578410816
362			0.003446582806884164
363			0.0034278921755022847
364			0.003442616723436014
365			0.003501755128932797
366			0.003604550077152772
367			0.0037108506359744783
368			0.0037722637997054547
369			0.0037494720012310203
370			0.0036889867171860367
371			0.0036845890444428273
372			0.003828127335487163
373			0.004111909743671115
374			0.004395809802916447
375			0.004530537643381881
376			0.004429363210432688
377			0.004217295499656115
378			0.004064096089322738
379			0.004120519115376648
380			0.004354368834391606
381			0.004631271677298715
382			0.004817791095569508
383			0.004868297973815235
384			0.004856131913740698
385			0.004863094622859864
386			0.004949761951188163
387			0.005103003768685374
388			0.0052937019787022655
389			0.005494306045038486
390			0.0056928982395857124
391			0.005886538980809538
392			0.006072950818006206
393			0.006275476918426866
394			0.0065532865325300714
395			0.006968216320314073
396			0.0075504234233715935
397			0.008215514929850929
398			0.00885321536172708
399			0.009364853491507664
400			0.009773764556919515
401			0.010176278804327336
402			0.010668254402676047
403			0.011270615905134517
404			0.01189476483903765
405			0.012443415334467396
406			0.012854356437866083
407			0.01319931171556245
408			0.01358196864171324
409			0.014097332704342424
410			0.014742507103181847
411			0.01545283997167512
412			0.016163306487195873
413			0.016844342205609056
414			0.017521213751067587
415			0.018223888944332942
416			0.01897894948014308
417			0.019799141701279013
418			0.02069367884597672
419			0.021668291378034124
420			0.022685854660834778
421			0.023680428071813753
422			0.024586309334572544
423			0.025393560290214695
424			0.02618451714432603
425			0.027050177798275482
426			0.028060926715304746
427			0.029195917997153178
428			0.03040907537300678
429			0.031660018306145385
430			0.03298622239976463
431			0.0344815325959796
432			0.03624041843144322
433			0.038299243443596774
434			0.04059034029351487
435			0.043035234504899836
436			0.045572706536407985
437			0.04822521846908224
438			0.051040565052867665
439			0.054065709467482924
440			0.057334668564933564
441			0.06087127338860397
442			0.06469888274437176
443			0.06881629173114633
444			0.07317420729244578
445			0.07771775769164174
446			0.0823966136342008
447			0.0871848557236242
448			0.09206472852872874
449			0.09701784935893727
450			0.10201453121029944
451			0.10701534122252106
452			0.1119806902163121
453			0.11690107821431277
454			0.12183207648008385
455			0.1268377499244301
456			0.13196847382999824
457			0.13719221678092358
458			0.14244625989878415
459			0.147671340843037
460			0.15288216656735532
461			0.15816386063453025
462			0.16360425295356384
463			0.16926287939177204
464			0.17513101088134486
465			0.18118982915495943
466			0.1874348683065691
467			0.193959506676931
468			0.20089795175827
469			0.20838037693523714
470			0.21643044767296862
471			0.22495907945033639
472			0.23387177338496223
473			0.2430775069114484
474			0.25249470425734655
475			0.2620433790872062
476			0.2716335246751227
477			0.2810968957609896
478			0.29022847451132266
479			0.29882629086016393
480			0.3067923869684621
481			0.3141520547524651
482			0.3209377519460343
483			0.32722590871238766
484			0.33322876573606636
485			0.3391847014170225
486			0.3453213943921111
487			0.35176969662608454
488			0.3586089919691679
489			0.36591387136732695
490			0.37358045432371784
491			0.3812666640912546
492			0.3886138532972262
493			0.3953330494289601
494			0.40138187240254697
495			0.406772469497709
496			0.41151698799416847
497			0.41562757517164767
498			0.41911637830986875
499			nan
500			nan
