Nom de l'instrument : SAM_80E0
Fichier_calib_utilise: /Users/mdlemineahmedou/Documents/Stage/pipeline_LOG/data/calibration/ALL_2023/Cal_SAM_80E0.dat
Date : 2023-10-10
Heure : 10:36:48
Comment : LIDAR_20231010

l_onde		data
280			nan
281			nan
282			nan
283			nan
284			nan
285			nan
286			nan
287			nan
288			nan
289			nan
290			nan
291			nan
292			nan
293			nan
294			nan
295			nan
296			nan
297			nan
298			nan
299			nan
300			nan
301			nan
302			nan
303			nan
304			nan
305			nan
306			nan
307			nan
308			nan
309			nan
310			nan
311			nan
312			nan
313			nan
314			nan
315			nan
316			nan
317			73.5210419040283
318			78.2315856266981
319			83.57954480617029
320			89.56464083202306
321			96.18659509383464
322			103.44512898118322
323			111.339963883647
324			119.86293616609797
325			128.80805397531856
326			137.76188849241905
327			146.30123246024024
328			154.0147175692322
329			160.52083966594918
330			165.44273058342296
331			168.5301806337431
332			170.3819242905445
333			171.94558518390494
334			174.13990093424337
335			177.2078885307882
336			180.72415188370817
337			184.2351962026126
338			187.40283004145647
339			190.16338954318582
340			192.4931892761455
341			194.40221733090334
342			196.1135718377726
343			197.93347396450213
344			200.16020547854305
345			202.9219426800291
346			206.18562363883808
347			209.9114136707284
348			213.96000101258443
349			217.96467360363977
350			221.52708725173446
351			224.30526851534043
352			226.30037672962044
353			227.6426819449912
354			228.46556809073203
355			228.95988507795343
356			229.36945888538375
357			229.9406258673225
358			231.03185351904833
359			233.2516609733099
360			237.24238119850926
361			243.48701412166562
362			251.51955453934565
363			260.52407994391496
364			269.68396752720975
365			278.1796957572101
366			285.1891073414055
367			289.89233193113535
368			291.951557300632
369			292.0933709416852
370			291.1866704430749
371			290.0540146616293
372			289.24352463064974
373			289.2026661305281
374			290.3417215888455
375			292.34959538626777
376			294.25955059952685
377			295.0827065281593
378			294.18079300631564
379			291.6928648420081
380			287.8623936383604
381			283.0547905216144
382			278.3644911074335
383			275.1556842214787
384			274.7310109225969
385			277.1608302808201
386			281.3819265417783
387			286.28979533165347
388			290.9828490785177
389			295.0172015186933
390			298.01167357415187
391			299.82092238106407
392			301.743341140674
393			305.62343258958987
394			313.25236956450624
395			325.29595528036117
396			341.3598638195057
397			361.00692007005324
398			383.39995259921943
399			406.7724020575916
400			429.22602454493267
401			449.0222346970284
402			465.43680489667196
403			478.142565462014
404			486.85638681863395
405			492.24352303213414
406			495.89416436000874
407			499.43514975343146
408			503.92924898590854
409			509.07325458534166
410			514.3612421825991
411			519.3265752774486
412			523.7649918923212
413			527.579703837715
414			530.6745467509327
415			532.9604989113543
416			534.3558239383375
417			534.779437406792
418			534.2886145382565
419			533.2937383201293
420			532.2607091360841
421			531.5317430127915
422			530.5701746065108
423			528.4587942058861
424			524.3193609506881
425			518.3417810447471
426			511.866106329356
427			506.28889165875466
428			502.73615597533245
429			501.59862137730363
430			503.1432730167399
431			507.55117934725195
432			514.346158425732
433			522.7485000580423
434			531.9825192427909
435			541.4413338534756
436			550.7116076684072
437			559.3908156968611
438			567.2756598913547
439			574.7452367180066
440			582.2844979579983
441			590.3279977521819
442			598.8904893661778
443			607.7783092979589
444			616.7948655373472
445			625.6943875007105
446			634.1705820446731
447			641.9134605556092
448			648.6879658430539
449			654.4968220833555
450			659.389810677456
451			663.4229943182188
452			666.7100496345502
453			669.3956139889083
454			671.6246909449072
455			673.5451179748927
456			675.308503447724
457			677.0667113332576
458			678.9097646534818
459			680.7128420517453
460			682.3044962812886
461			683.5172421576128
462			684.2240622769286
463			684.3216165608691
464			683.7111011924779
465			682.5069476104934
466			681.1324483116392
467			680.0350852450441
468			679.568988357829
469			679.7305375314269
470			680.4304268010584
471			681.5830136248942
472			683.1447989991766
473			685.0992640606567
474			687.4285091820786
475			689.9981896708688
476			692.489218258248
477			694.5661081872886
478			695.893350576752
479			696.1353424317292
480			694.9564557368088
481			692.0636582659031
482			687.7223732711169
483			682.590835760753
484			677.3351091322031
485			672.5917221890329
486			668.9455859611694
487			666.9764108682067
488			667.0961577181971
489			668.9204730700736
490			671.8289568515379
491			675.2095312039761
492			678.5765824841842
493			681.5425631593669
494			683.7224898692385
495			684.7313792535138
496			684.1842479519072
497			681.6961126041336
498			nan
499			nan
500			nan
