Nom de l'instrument : SAM_8172
Fichier_calib_utilise: /Users/mdlemineahmedou/Documents/Stage/pipeline_LOG/data/calibration/ALL_2023/Cal_SAM_8172.dat
Date : 2023-10-10
Heure : 12:02:16
InclX : -11.85
InclY : 9.75
Pressure : 0.029501139434167
Comment : 

l_onde		data
280			nan
281			nan
282			nan
283			nan
284			nan
285			nan
286			nan
287			nan
288			nan
289			nan
290			nan
291			nan
292			nan
293			nan
294			nan
295			nan
296			nan
297			nan
298			nan
299			nan
300			nan
301			nan
302			nan
303			nan
304			nan
305			nan
306			nan
307			nan
308			nan
309			nan
310			nan
311			nan
312			nan
313			nan
314			nan
315			nan
316			nan
317			49.87806220946893
318			53.14333475043785
319			56.99925171939257
320			61.41759719294939
321			66.37015524772461
322			71.8287099603345
323			77.7650454073954
324			84.1460606465925
325			90.7071949557736
326			96.85668590562004
327			101.97802862522933
328			105.66736657727752
329			108.27268725840653
330			110.30805958506126
331			112.25259801969696
332			114.24132938646245
333			116.21366929833924
334			118.10715997907926
335			119.8756004107687
336			121.49473358086597
337			122.94185867698953
338			124.21731762321811
339			125.39930981591847
340			126.58246198946648
341			127.84740725525654
342			129.14304030847083
343			130.345966278406
344			131.33670770577712
345			132.18104638491147
346			133.18778713007282
347			134.68218149318204
348			136.83678523176144
349			139.32138089148253
350			141.70242155041637
351			143.57588568295654
352			144.8095486733421
353			145.41767146797037
354			145.4198464981305
355			144.98699743797903
356			144.4862125710794
357			144.29763782198268
358			144.7613301782388
359			146.08631847417692
360			148.4549047616106
361			152.011522467936
362			156.55258001981534
363			161.6871668145794
364			167.02080349568652
365			172.0902776200225
366			176.34293324520218
367			179.22017187920312
368			180.39480510126705
369			180.30368215810452
370			179.54111483577717
371			178.67310028928352
372			178.0006828505903
373			177.68021917277284
374			177.86069020586592
375			178.45031145718784
376			179.0380092458009
377			179.1907141559855
378			178.5610348405576
379			177.0921262741298
380			174.7886731567779
381			171.7087768854505
382			168.42918478534543
383			165.81831336873537
384			164.7338037670343
385			165.41604908501316
386			167.2593005595223
387			169.59657773631298
388			171.85892278719714
389			173.82424086376926
390			175.34712382774975
391			176.34613809529026
392			177.39635789367065
393			179.45837599620953
394			183.48828861652706
395			189.9784852214762
396			198.7553174385128
397			209.59358800006058
398			222.10558796360604
399			235.2944509008937
400			248.02060791347907
401			259.1987679448058
402			268.34318785215726
403			275.3405093450861
404			280.0895663711885
405			282.8681814113282
406			284.5319424684469
407			285.98502491092404
408			287.93103689320634
409			290.26587033899176
410			292.6821170364356
411			294.8877116034728
412			296.776406721791
413			298.3654765942738
414			299.6736730500092
415			300.66719673658275
416			301.2261631048922
417			301.2227134239087
418			300.59126461303003
419			299.5392424877015
420			298.3488643027225
421			297.27222216382955
422			296.1536493880317
423			294.54423415978084
424			291.99310643133566
425			288.4537477097171
426			284.59986068902674
427			281.17948269038504
428			278.85075814600134
429			277.8374697632263
430			278.2323792273023
431			280.11184706588875
432			283.29950427057815
433			287.4204017971194
434			292.0946280376666
435			296.990195177972
436			301.86899870549047
437			306.5038343518222
438			310.7234918760845
439			314.65859577690594
440			318.5410220514321
441			322.5940077195031
442			326.88399638487414
443			331.34160779286407
444			335.8927962415829
445			340.4304243655736
446			344.7752573559999
447			348.7385684126281
448			352.15804143063843
449			355.0320866475897
450			357.4195777832753
451			359.3787445287164
452			360.95161081527465
453			362.1645944753231
454			363.0435683960781
455			363.6442639184463
456			364.09555153961657
457			364.5372945101749
458			365.0868906543999
459			365.705508296332
460			366.2879536667207
461			366.7287326885945
462			366.92081100625035
463			366.7554925309135
464			366.1241396079119
465			365.0261088815754
466			363.7613302056769
467			362.6816099345481
468			362.0995258774218
469			362.0119399545133
470			362.2634462837429
471			362.70015674575774
472			363.2525461906732
473			363.95380264089107
474			364.84330929461413
475			365.905976502155
476			366.95270843933855
477			367.75973883230694
478			368.11045514720183
479			367.85579245775807
480			366.8838399806756
481			365.0872827363575
482			362.5482438473283
483			359.61096932833124
484			356.63893435496874
485			353.9687558435098
486			351.83768641460256
487			350.4600054047114
488			350.02558728902477
489			350.44981220368913
490			351.4752455358114
491			352.841943444071
492			354.30171095726917
493			355.6249558200156
494			356.5837327158364
495			356.95009632825725
496			356.4961013408041
497			354.9938024370029
498			nan
499			nan
500			nan
