Nom de l'instrument : SAM_81D7
Fichier_calib_utilise: /Users/mdlemineahmedou/Documents/Stage/pipeline_LOG/data/calibration/ALL_2023/Cal_SAM_81D7.dat
Date : 2023-10-10
Heure : 12:21:15

l_onde		data
280			nan
281			nan
282			nan
283			nan
284			nan
285			nan
286			nan
287			nan
288			nan
289			nan
290			nan
291			nan
292			nan
293			nan
294			nan
295			nan
296			nan
297			nan
298			nan
299			nan
300			nan
301			nan
302			nan
303			nan
304			nan
305			nan
306			nan
307			nan
308			nan
309			nan
310			nan
311			nan
312			nan
313			nan
314			nan
315			nan
316			nan
317			nan
318			nan
319			0.001484070620748206
320			0.0015815388496501143
321			0.0015679943527621748
322			0.0014848157635562373
323			0.0013733817155041547
324			0.0012750708420777785
325			0.0012312617322505388
326			0.0012670624427709978
327			0.0013452093223003346
328			0.0014134954050141404
329			0.0014247880562581162
330			0.0013865105640215947
331			0.001339286844558474
332			0.0013235393226757018
333			0.001346605031746304
334			0.001368305781741726
335			0.0013447874472773246
336			0.0012518952864323247
337			0.0011364661721266407
338			0.0010613232873394427
339			0.0010817077596736433
340			0.0011764512737644885
341			0.0012801425243228338
342			0.0013279680728199904
343			0.0013056055237244228
344			0.0012681821539925386
345			0.0012758740977028003
346			0.0013665895794373797
347			0.0015013146737984295
348			0.0016244376311586102
349			0.0016856258805803665
350			0.001685571434450316
351			0.0016535575506880602
352			0.001618949970680741
353			0.001601420156271165
354			0.001607654423444702
355			0.0016434290891933646
356			0.001704337135732944
357			0.0017516253877264546
358			0.0017393070589547908
359			0.0016313316114518318
360			0.0014857159332870254
361			0.0014123266079733886
362			0.0015187679627785278
363			0.0017986311160641236
364			0.0020944335343904153
365			0.0022383041943273463
366			0.002131181850479494
367			0.0019045826353894678
368			0.0017382649056939133
369			0.0017888694628371584
370			0.001994407712121535
371			0.0021724827672396627
372			0.0021432804232411583
373			0.0018844767536218806
374			0.0015832829269600821
375			0.0014414114745655558
376			0.001583384449568309
377			0.0018724661235335611
378			0.0021167020426242668
379			0.0021451099712567825
380			0.0019885688571504383
381			0.0017906974697863437
382			0.0016942268743438643
383			0.0017512621049290923
384			0.0018911206107415667
385			0.002034385871109167
386			0.0021210195320293806
387			0.002158273183671079
388			0.0021679946454333985
389			0.002172086997342477
390			0.0021930044170089605
391			0.0022535175853141266
392			0.0023756262711205757
393			0.0025455823352643313
394			0.0026996502600683428
395			0.0027703724126516053
396			0.0027248234978296862
397			0.0026549437905971354
398			0.002680886921470805
399			0.0029080120267717586
400			0.003286129727519833
401			0.0036719878287797846
402			0.003923106764821281
403			0.004001331598575786
404			0.004020988344036714
405			0.004108497873610631
406			0.004348909325251091
407			0.0046692927462731754
408			0.0049590159613222655
409			0.005119371673605999
410			0.005186123303170232
411			0.005279856067150883
412			0.005521039006857974
413			0.005943973568406929
414			0.00644972344080676
415			0.006927928554394691
416			0.007296401544904829
417			0.007588065735635728
418			0.007865240022523291
419			0.008186858299131617
420			0.008570202291088857
421			0.00900454659594829
422			0.009478590061617236
423			0.009977052012948191
424			0.01047806675243025
425			0.01095915045355475
426			0.01141276727072993
427			0.011897537702316002
428			0.012490378230347774
429			0.0132610539989623
430			0.014181583405265387
431			0.015153214326303227
432			0.016076484401798166
433			0.01693166114472469
434			0.017841757545281205
435			0.018944615556330764
436			0.020340280803297625
437			0.021945497264350324
438			0.023621518598436683
439			0.025239895244375383
440			0.026831611442345447
441			0.02855308948912107
442			0.03056337474022713
443			0.032926368397088
444			0.035519708778538835
445			0.03819942595005866
446			0.04084818597615016
447			0.043491789826861985
448			0.046203910380706856
449			0.049054724017976524
450			0.052051364105399296
451			0.055146612353536
452			0.05829156733756259
453			0.061455263492425895
454			0.06464552354180728
455			0.06787523318401481
456			0.07115639368628565
457			0.07449568235498878
458			0.07789779390463167
459			0.08136730370283872
460			0.0849063414171588
461			0.08851470848005255
462			0.09219216508641523
463			0.09595441856436192
464			0.09985565183438755
465			0.10395573430782146
466			0.10830792870872742
467			0.11292045804074095
468			0.11778275080881745
469			0.12288494359906575
470			0.12823685673147153
471			0.13386914785656215
472			0.13981342923408838
473			0.14607106700189457
474			0.15256123431807672
475			0.15918927524934864
476			0.16585885147452575
477			0.17246048870095246
478			0.17887853865176273
479			0.18499951529808037
480			0.19078003983019004
481			0.19625980730251003
482			0.2014833353566694
483			0.20651033422068357
484			0.21144743700373697
485			0.21641030746228887
486			0.2215119661997832
487			0.2268415148124876
488			0.2324753407738563
489			0.23848627756401436
490			0.24480509112196594
491			0.251172937469053
492			0.257317781926989
493			0.26302165050555054
494			0.26825790015314493
495			0.2730421955715724
496			0.2773902014626332
497			0.2813175825281277
498			0.2848400034698561
499			nan
500			nan
