Nom de l'instrument : SAM_877D
Fichier_calib_utilise: /Users/mdlemineahmedou/Documents/Stage/pipeline_LOG/data/calibration/ALL_2023/Cal_SAM_877d.dat
Date : 2023-10-10
Heure : 11:30:53

l_onde		data
280			1.6936569637446959
281			1.814252505276997
282			1.8661595357362182
283			1.7826623603922496
284			1.637178939792248
285			1.7128132695477944
286			2.1047914458308354
287			2.4476631146605716
288			2.456574231032016
289			2.3385149510112133
290			2.3459856127032297
291			2.4126903347790245
292			2.395728617842922
293			2.3971480362504143
294			2.6225217305517354
295			3.0046034112066398
296			3.279669056024021
297			3.350190913811472
298			3.3046836061882634
299			3.302126550238776
300			3.5979873187969384
301			4.333340569241377
302			5.360247213424811
303			6.5529327334603975
304			8.012711450338788
305			9.859037438556674
306			12.033070346022066
307			14.45243375434784
308			17.356455606513244
309			21.11615827947033
310			25.634549211001758
311			30.47126364146551
312			35.38663358195114
313			40.36704807311166
314			45.371841547345575
315			50.30040908359463
316			55.15047551798025
317			60.15925113252963
318			65.47131994673502
319			70.7924766839966
320			75.82787828869726
321			80.7824873071521
322			86.0332486145941
323			92.0181312232502
324			99.15854856059038
325			107.25678791678793
326			115.66784873060733
327			123.5910039328779
328			130.0875395400065
329			134.8257308433837
330			138.37496214189272
331			141.1148366883554
332			142.8654430179635
333			143.59100998526216
334			143.93969128392297
335			144.58913434900106
336			145.7148393995646
337			147.34569573292714
338			149.5300181972621
339			152.2865837202719
340			155.1968881735938
341			157.5866781884594
342			159.24188010980478
343			160.37453005148424
344			161.2908083155129
345			162.39762697312904
346			163.97519241552757
347			166.05562625959078
348			168.7016557109736
349			172.131940191371
350			176.45431951804036
351			181.22690687294804
352			185.78709213930347
353			188.97494487858245
354			189.6348931945694
355			188.35218114823968
356			186.6114692778175
357			185.3292479361208
358			184.98459002758875
359			186.18804024551864
360			189.69261013441002
361			195.565418150245
362			202.81503183004895
363			210.60827922157003
364			218.65225690883818
365			226.5877083899328
366			233.6189771886407
367			238.93411611280925
368			242.04858048557824
369			242.64871394664598
370			240.94489784023187
371			237.45079314060735
372			233.54183175512708
373			231.06955987075983
374			231.0914245414866
375			233.94694584544092
376			238.81332993291542
377			243.51488253828742
378			246.0650073695986
379			244.92790624746766
380			239.62859387500276
381			232.1021574341775
382			224.55644447401616
383			218.94005510267854
384			216.83415147442653
385			218.2619865411808
386			222.68633187094508
387			229.01435701591083
388			235.87858011406192
389			241.61532706096318
390			244.4642372567665
391			244.29662737741384
392			242.43420548601478
393			240.87041667386652
394			242.34483298991293
395			248.94043213495328
396			261.555326018856
397			280.0480248901898
398			302.0859518250647
399			324.95714538914
400			345.7380610048686
401			362.0199448320213
402			374.1251135011696
403			383.11360110421214
404			389.37376650858835
405			393.09172563562953
406			395.40486123745484
407			397.9679785211945
408			401.43349548495166
409			405.60711661576596
410			410.1796660996915
411			414.7423847456541
412			419.0221421178575
413			422.96647955893377
414			426.30208712144093
415			428.23220571000655
416			428.38969860327126
417			427.93720260838745
418			427.97609452343903
419			428.06079172116466
420			427.48919631441026
421			426.60284645969847
422			426.0227868147016
423			425.2283242242985
424			423.1347899516298
425			419.36618216913
426			414.09178844360775
427			407.9181964770236
428			401.88435279499413
429			397.33244025783307
430			395.9851199228733
431			398.92045184358943
432			405.96730154959016
433			416.10660410932553
434			426.49289487052374
435			434.7449784784739
436			441.18754270133894
437			446.70162816838393
438			451.907782438308
439			457.3432147495365
440			463.5385569647117
441			470.91167248574214
442			478.71681000540485
443			485.5847621782625
444			491.3805095980806
445			496.96788440919386
446			502.9168891171461
447			509.43385345083675
448			516.1369489323167
449			521.8115557010607
450			525.7020897052215
451			528.0971573671968
452			529.3878316763445
453			529.9086075733242
454			530.0790940134605
455			530.6763623410324
456			532.3096144927734
457			534.2584457519989
458			535.5370521759817
459			536.431179870539
460			537.7000070383168
461			539.0365171102679
462			539.528024049721
463			538.9826968901191
464			537.7971672186562
465			536.2471302850838
466			534.4620880236399
467			532.7171206506447
468			531.5058171950957
469			531.1846912595136
470			531.8137936090928
471			533.2407054641786
472			534.84835650051
473			536.1837444789174
474			537.6419494845074
475			539.6290236563791
476			541.6822404796383
477			543.1815701438245
478			544.2416118188464
479			545.1955026970772
480			545.5424220722081
481			544.3433661526107
482			541.0379966722954
483			535.401391846703
484			528.3521139875106
485			521.8952478050941
486			517.3921221856282
487			515.3192823852703
488			515.7450209505483
489			518.1459098155083
490			521.6920787511045
491			524.9956403156887
492			527.1454246276282
493			528.8895043452602
494			530.9004358869358
495			532.2789633346033
496			531.9542616932528
497			530.1242104714571
498			527.4240626670044
499			524.4894802256672
500			nan
