Nom de l'instrument : SAM_81D7
Fichier_calib_utilise: /Users/mdlemineahmedou/Documents/Stage/pipeline_LOG/data/calibration/ALL_2023/Cal_SAM_81D7.dat
Date : 2023-10-10
Heure : 10:58:08

l_onde		data
280			nan
281			nan
282			nan
283			nan
284			nan
285			nan
286			nan
287			nan
288			nan
289			nan
290			nan
291			nan
292			nan
293			nan
294			nan
295			nan
296			nan
297			nan
298			nan
299			nan
300			nan
301			nan
302			nan
303			nan
304			nan
305			nan
306			nan
307			nan
308			nan
309			nan
310			nan
311			nan
312			nan
313			nan
314			nan
315			nan
316			nan
317			nan
318			nan
319			0.005682932467569996
320			0.004774848526337967
321			0.004641136546650798
322			0.004985694654737865
323			0.005512420976828547
324			0.0059252136391522246
325			0.00592797113776539
326			0.005359816635181404
327			0.0045782456068714705
328			0.004064947665852279
329			0.004246722104171051
330			0.004960223029356089
331			0.0056829649735440505
332			0.005895583322600712
333			0.005482972114986002
334			0.004910597035966428
335			0.00468884100938209
336			0.005147470205316037
337			0.00596535351881657
338			0.006674786961940348
339			0.0068562825603936456
340			0.0065762573566969535
341			0.006182479623378021
342			0.006021205131850612
343			0.006219169160904019
344			0.006601159843612589
345			0.006970010766187788
346			0.007190350903487421
347			0.007340274897378554
348			0.0075439377978288
349			0.00791310005780791
350			0.008439725248147423
351			0.009048649648319362
352			0.009664045174857382
353			0.010213221914156724
354			0.01062769342056421
355			0.010839276727123247
356			0.010839673385765495
357			0.010822562312999778
358			0.011024160681909975
359			0.01164668140042579
360			0.01257041569981969
361			0.013498212506468366
362			0.014136838418816617
363			0.014427734796144393
364			0.014623299714459484
365			0.014997319401632047
366			0.015712794888799588
367			0.016561492756029195
368			0.0172575085831358
369			0.01755254020485173
370			0.017553900840744385
371			0.017564755877169935
372			0.017885083443388367
373			0.018600297420376888
374			0.019510341750213815
375			0.02039539607897701
376			0.021088953473161618
377			0.021604950834749958
378			0.02199546317798502
379			0.022311800659667178
380			0.022597911553053466
381			0.02289363250664508
382			0.023238830589726645
383			0.023676594360007425
384			0.024254377112113652
385			0.025019940228881533
386			0.02599447722113382
387			0.02710692567811841
388			0.02826621145336637
389			0.02938909826624369
390			0.030470514510745436
391			0.03155027967794862
392			0.032669717984556264
393			0.03391492138002827
394			0.035434581885437945
395			0.037382052481964405
396			0.039858487604520314
397			0.04277629682807419
398			0.04600524285681205
399			0.049411265731309835
400			0.05282011421279532
401			0.05603349110085043
402			0.058855258388969614
403			0.06121710165831897
404			0.06323753353624087
405			0.06504988598835489
406			0.06677404830796957
407			0.06847857857940436
408			0.07021978452736852
409			0.07205201120124709
410			0.07400747157114267
411			0.07610441807521302
412			0.07836034398627383
413			0.08076052989586056
414			0.08324044712098416
415			0.08573129634888714
416			0.08817628825410338
417			0.09056770504601876
418			0.0929103602280082
419			0.09521068130258721
420			0.09749495578161604
421			0.09980282514753702
422			0.1021734173476244
423			0.10459097367120891
424			0.10694891299874686
425			0.10913212880842953
426			0.11109073190141673
427			0.11306347003083624
428			0.11536891544805167
429			0.11830668458850849
430			0.1219172849724499
431			0.12605362429467346
432			0.13056540944424894
433			0.13539283069906108
434			0.1406380765189855
435			0.14642016437339916
436			0.15281931701813592
437			0.15972761366760183
438			0.16698017744590332
439			0.17442454077039912
440			0.1821003462039369
441			0.19019838319977747
442			0.19891247613386182
443			0.2083061438973741
444			0.21818780746783828
445			0.22833629405577363
446			0.23854912026407796
447			0.24872423461151003
448			0.2587931753793303
449			0.2686910934878849
450			0.27841722333928004
451			0.28802604801695486
452			0.2975735665906054
453			0.3070615406077443
454			0.3163744369504721
455			0.3253814122117739
456			0.33398874171542753
457			0.34232614235880876
458			0.35060653853391893
459			0.3590345312811923
460			0.36763627189151876
461			0.37626803270271647
462			0.3847796967326678
463			0.3931328739563474
464			0.40155873758618893
465			0.41032830086785976
466			0.4196804117999355
467			0.42963463847893435
468			0.4401190463057405
469			0.45106496495765813
470			0.46249488009094314
471			0.4745277756825548
472			0.48728709580529644
473			0.5007814765038393
474			0.5147075662576217
475			0.5287095211730978
476			0.5424390302021921
477			0.5556065982472351
478			0.5679503740547855
479			0.5792135144302387
480			0.5892937935611031
481			0.5982722001960712
482			0.6062403664370719
483			0.6133379540298654
484			0.6198529661028274
485			0.6261019551544761
486			0.6324062618730497
487			0.6391305572964197
488			0.6466625446636977
489			0.6553774646131315
490			0.6651265290759305
491			0.675061557010004
492			0.6842857125555148
493			0.6921056292367955
494			0.6985480569816204
495			0.7037989803268089
496			0.7080443838091811
497			0.7114702519655564
498			0.7142625693327543
499			nan
500			nan
