Nom de l'instrument : SAM_81D7
Fichier_calib_utilise: /Users/mdlemineahmedou/Documents/Stage/pipeline_LOG/data/calibration/ALL_2023/Cal_SAM_81D7.dat
Date : 2023-10-10
Heure : 10:15:17

l_onde		data
280			nan
281			nan
282			nan
283			nan
284			nan
285			nan
286			nan
287			nan
288			nan
289			nan
290			nan
291			nan
292			nan
293			nan
294			nan
295			nan
296			nan
297			nan
298			nan
299			nan
300			nan
301			nan
302			nan
303			nan
304			nan
305			nan
306			nan
307			nan
308			nan
309			nan
310			nan
311			nan
312			nan
313			nan
314			nan
315			nan
316			nan
317			nan
318			nan
319			0.060483520067070515
320			0.06313794410724922
321			0.0666449757297929
322			0.07078545145226385
323			0.07534020779222445
324			0.080090081267237
325			0.0848159085667882
326			0.08936138931551088
327			0.09381120287897454
328			0.09830776371072202
329			0.10295738511177295
330			0.10747824417004355
331			0.11135231325904286
332			0.11406948641098305
333			0.11567463984977373
334			0.11700968140993953
335			0.11897818127280431
336			0.12218834353418073
337			0.12618394733373628
338			0.13026907832871873
339			0.13379886835325147
340			0.13664287570593384
341			0.13896852455116238
342			0.14094959455960163
343			0.14288043192497973
344			0.14522122028550546
345			0.14844418077122448
346			0.15278631624267008
347			0.1576720928016606
348			0.1623506519873931
349			0.1661588238005039
350			0.1692809691683526
351			0.17237635666563372
352			0.17609484304109302
353			0.18047579582731804
354			0.18474085376333835
355			0.18805451318005334
356			0.18998291983651525
357			0.19144689503210438
358			0.19365256696596703
359			0.19768541856184502
360			0.20348877221853182
361			0.210376394729208
362			0.21766034099595757
363			0.22485047414233542
364			0.23171876385534354
365			0.23805523463394712
366			0.24370888235420787
367			0.24872631238741685
368			0.2531954746705691
369			0.2571897046748243
370			0.260644124647067
371			0.2634177370693808
372			0.26537693771152715
373			0.26672412196949696
374			0.26810872053774026
375			0.27021106923656424
376			0.2733242705991495
377			0.2764308029479154
378			0.27823613468057684
379			0.2776312258530781
380			0.27529242541873894
381			0.27289322513353226
382			0.27209631116675465
383			0.273636343500489
384			0.276990616071891
385			0.28154696989086975
386			0.2867222924219634
387			0.29203433383482263
388			0.2970227229792294
389			0.30130982078552204
390			0.30534305029843034
391			0.3100436796039581
392			0.31633292551214953
393			0.32486925386179244
394			0.3359437178798621
395			0.3498199988789067
396			0.3666123466048831
397			0.38589468081134587
398			0.40711883377687064
399			0.4296636533114654
400			0.4521406324527845
401			0.4727021650576667
402			0.48951904968856486
403			0.5020279198541319
404			0.511515554315967
405			0.5194154870446559
406			0.5268979684388084
407			0.534127893433194
408			0.5410302256184619
409			0.5475370558821542
410			0.5536608459698753
411			0.5594647541712418
412			0.5650135108909954
413			0.57041820075809
414			0.575861584219428
415			0.5815325671814622
416			0.5875030957028797
417			0.5933672303037204
418			0.5985969948855234
419			0.6027067625169406
420			0.6057320081353051
421			0.6080585982061585
422			0.6100748167160868
423			0.6118739062010317
424			0.6130608962820056
425			0.613194988556493
426			0.6121464471903517
427			0.6111622281165903
428			0.611870020673241
429			0.6157981428705915
430			0.6231166141111049
431			0.633012019547088
432			0.6446517291636986
433			0.6574540755040764
434			0.6712867053852096
435			0.6860639421613829
436			0.7017093403405191
437			0.7181912229512535
438			0.7354914656527766
439			0.753592546288193
440			0.7724862100969252
441			0.7921714936466682
442			0.8126467821938157
443			0.8338048157340094
444			0.8553315134551864
445			0.8768888013784747
446			0.8981343485950203
447			0.9187029485654962
448			0.9382217439257544
449			0.9563419174954423
450			0.9731440260844447
451			0.989078805308602
452			1.0046077041420363
453			1.0199314502264718
454			1.0346869323662697
455			1.048437442364732
456			1.060850799628929
457			1.0722240426090355
458			1.0830885248797768
459			1.0939595470003678
460			1.1050056099331926
461			1.1160650715466494
462			1.1269633978803222
463			1.1375954436389166
464			1.1480234773160747
465			1.1583345102857283
466			1.1686486820030162
467			1.179311975747056
468			1.1907646165331804
469			1.2034343545625568
470			1.2174223050666935
471			1.2324838053433034
472			1.2483576012870634
473			1.2648015791908562
474			1.2816256388376552
475			1.298648431357687
476			1.3156254894553294
477			1.331819521414387
478			1.3462616051289469
479			1.358001740202636
480			1.366736290545415
481			1.3729275323542773
482			1.3770821601945726
483			1.3797603739806759
484			1.3816876269334382
485			1.3836211764657078
486			1.386306871417772
487			1.3903873196418337
488			1.3964502513527322
489			1.4050616817263415
490			1.41591086945627
491			1.4275169134438144
492			1.4383175064192815
493			1.4470673366229736
494			1.4536429990011934
495			1.458169168359086
496			1.4607705195017966
497			1.4615717272344695
498			1.4606974663622492
499			nan
500			nan
