Nom de l'instrument : SAM_877E
Fichier_calib_utilise: /Users/mdlemineahmedou/Documents/Stage/pipeline_LOG/data/calibration/ALL_2023/Cal_SAM_877E.dat
Date : 2023-10-10
Heure : 11:33:12

l_onde		data
280			2.9095549281440025
281			3.0387273934361034
282			3.174109075604845
283			3.312464308683058
284			3.450235859938269
285			3.5836693193179756
286			3.7125797263869766
287			3.8414936697496955
288			3.968112090748052
289			4.075662665169531
290			4.157801275692878
291			4.2465779418185425
292			4.372095305374578
293			4.516825556148318
294			4.652217281629433
295			4.781273061152508
296			4.922377561240672
297			5.09425589275051
298			5.3171980881544
299			5.649883077002692
300			6.192994516845337
301			7.025751234349009
302			8.188293159347854
303			9.72635515631671
304			11.709056015886405
305			14.201323433798219
306			17.237148061119754
307			20.84870967438404
308			25.104792946875087
309			30.07795407052968
310			35.733560620215684
311			41.9676455113687
312			48.56253082076513
313			55.20640259699635
314			61.788671701287726
315			68.46508933476596
316			75.31875628482439
317			82.25566801972067
318			89.1219023766019
319			95.6456522182322
320			101.70481329441331
321			107.9792735709673
322			115.30325814398407
323			123.92029931010903
324			133.79390793941283
325			144.70591509208097
326			156.2858492394173
327			167.46055150394298
328			176.48334778022536
329			182.77384871596357
330			187.5023937666695
331			191.35938958832986
332			193.67859716185154
333			194.09710674870675
334			193.86831380953092
335			194.4025857779228
336			196.17063602073645
337			199.2916235813815
338			203.49621653926906
339			208.3053127477946
340			212.9785198201367
341			216.61132176471972
342			218.9479122030927
343			220.42966948008242
344			221.60376346063146
345			223.1292905049858
346			225.57076701925266
347			229.25054164770629
348			234.30010175740884
349			240.29827741358088
350			246.7461222940325
351			253.38453104503856
352			259.8931614715952
353			264.7316194830178
354			265.9091287304508
355			263.854424054758
356			260.7837483706552
357			258.38011973185536
358			257.7013084712933
359			259.73598646662765
360			265.410283226841
361			274.9021768274496
362			286.66338995874855
363			299.1380569530489
364			311.6007048145379
365			323.4367781230495
366			333.6526405169337
367			341.15570319081775
368			345.08125265094225
369			344.77046899108524
370			340.8328407755001
371			334.81523389144127
372			328.75958582286165
373			325.18831062666743
374			325.8093887904583
375			331.063052227177
376			340.01404453704146
377			348.93374886631256
378			354.0207904494938
379			352.45160232802255
380			342.744755218291
381			329.074188710531
382			316.9905467696027
383			309.2337774898309
384			307.1542666927645
385			310.8849640395685
386			319.6945889347134
387			331.6218810996481
388			343.55373682189736
389			352.69468126587867
390			356.7590437016724
391			355.18889501572806
392			350.7525802064228
393			346.9360695902202
394			348.1768698708389
395			358.3182930651109
396			377.9077631387018
397			406.3051465938765
398			440.9214736870406
399			478.2716454793935
400			513.6847391218475
401			541.993718071612
402			561.208214830706
403			572.0180113030739
404			576.5865770413586
405			578.6964481408144
406			581.0744655714489
407			584.5315292134263
408			589.5026649879547
409			595.9558578039022
410			603.6322671134653
411			611.714516040228
412			619.2951509653582
413			625.6410906785003
414			630.1370944957627
415			632.649848365185
416			633.31219987495
417			632.7170249976011
418			631.7555478902642
419			631.0483612115913
420			630.9389403606247
421			631.2307906836888
422			631.0178820019668
423			629.5811454849342
424			626.6523718089287
425			621.8272685906311
426			614.1904721808836
427			603.5803677354663
428			593.204268197775
429			586.8236662515046
430			586.4857561322524
431			593.375456550573
432			606.5880716897233
433			624.0167060229719
434			642.0569787595774
435			656.1524366205451
436			665.3202350658019
437			672.2761979518182
438			679.2268367858818
439			687.3968141646113
440			697.38081919968
441			708.6519876107927
442			720.3734702117032
443			731.2032840533507
444			740.2068280656504
445			748.5424971412599
446			757.69746677143
447			767.8024738636495
448			778.3512561977194
449			787.7141004374201
450			793.7972039548706
451			796.5169452258991
452			797.2962036180821
453			797.4327190946722
454			798.0443964644609
455			799.6596558473774
456			801.97245148407
457			804.6322205756304
458			807.3284678819199
459			809.8476320649521
460			812.2369957547346
461			814.3904906948426
462			815.3922371259827
463			814.3544544305066
464			811.7645899558014
465			808.5893309904434
466			805.6077002925657
467			803.4797870448227
468			802.5682553979213
469			803.0121630487946
470			804.662787596001
471			807.0968254001958
472			809.9393453822414
473			812.8960159407894
474			815.7562559319994
475			818.4534374148852
476			821.0339351924921
477			823.794336299308
478			826.8176099887461
479			829.266616121782
480			830.0621191117434
481			827.9529377169093
482			821.8475939467695
483			812.2691491212953
484			800.5918700918811
485			789.5151481504813
486			782.4407758032023
487			780.5873203988867
488			783.2753851632739
489			789.0434404459589
490			795.6073073560069
491			801.4700018993121
492			806.4471526778365
493			810.419100142095
494			813.1567752805141
495			814.411159626611
496			813.9161398349125
497			811.4024028292584
498			806.6006355334889
499			nan
500			nan
