Nom de l'instrument : SAM_877E
Fichier_calib_utilise: /Users/mdlemineahmedou/Documents/Stage/pipeline_LOG/data/calibration/ALL_2023/Cal_SAM_877E.dat
Date : 2023-10-10
Heure : 12:21:01

l_onde		data
280			2.851600702985721
281			2.992032833807615
282			3.145638095925389
283			3.287102957586275
284			3.415302967091213
285			3.5501129161400513
286			3.696056490753164
287			3.836287254215316
288			3.957557486418928
289			4.056905505483425
290			4.14353474331632
291			4.261095998005797
292			4.442745516464788
293			4.635032002136512
294			4.767355348790214
295			4.850057148671554
296			4.933428831979554
297			5.075571096979941
298			5.339757446447525
299			5.778527731633176
300			6.432646751758535
301			7.35707625701261
302			8.631262197288635
303			10.331765188613357
304			12.522060915403605
305			15.257284443095898
306			18.567631927529668
307			22.483714284807665
308			27.077411553608247
309			32.422375941724276
310			38.44582897763433
311			44.98631243073621
312			51.83843410641585
313			58.76274396642794
314			65.66081894985865
315			72.61957302811604
316			79.68694784062745
317			86.81026450518259
318			93.86599535298653
319			100.55356596506635
320			106.72623246210188
321			113.10997577516318
322			120.59908363104796
323			129.44770528531936
324			139.6066566168682
325			150.83144641827764
326			162.71672338644817
327			174.1668492644146
328			183.4249575566997
329			189.88987261053327
330			194.69499062006702
331			198.52449496884614
332			200.7760262497006
333			201.134604714843
334			200.8171134252942
335			201.20243185870913
336			202.84762933120226
337			205.97721953911923
338			210.26937599558238
339			215.1217671991141
340			219.7650637955985
341			223.33462533041205
342			225.60922570595204
343			227.05705621130775
344			228.22383313451004
345			229.72375866108547
346			232.10922798834284
347			235.7753160072317
348			240.90467930074612
349			247.0088627182451
350			253.51440213374838
351			260.19042914457543
352			266.7693135813491
353			271.675134271876
354			272.839928500444
355			270.6606138349189
356			267.3582343600834
357			264.6881366593502
358			263.851331878146
359			265.89808892332206
360			271.68188619047356
361			281.3163919015912
362			293.2358515271798
363			305.8763773168396
364			318.5143496602841
365			330.5305037743838
366			340.87979959558254
367			348.40797316663304
368			352.23268753890363
369			351.70316776204385
370			347.4888091728614
371			341.23120306864286
372			335.00208336043835
373			331.2856965476468
374			331.7883549918517
375			337.0082344490477
376			346.03329739619693
377			355.07096940019994
378			360.22998925193707
379			358.549961886778
380			348.4618694292211
381			334.3433150647285
382			322.00009690785095
383			314.13518210433165
384			311.94218632027753
385			315.57005619626875
386			324.41138779002114
387			336.4671143568836
388			348.4335546356407
389			357.47429868930226
390			361.4744517382029
391			359.94740393867596
392			355.50737939918304
393			351.53797605481554
394			352.5994175539531
395			362.67263620098873
396			382.33304507070346
397			410.9367999228087
398			445.87710754115665
399			483.63979024437026
400			519.4681259849627
401			548.0799538966911
402			567.4289734264847
403			578.1999152165876
404			582.6016924150159
405			584.5190897840263
406			586.7364828038158
407			590.0423771921679
408			594.8648424583014
409			601.2202384565196
410			608.8724636561424
411			616.9075388989814
412			624.3284215964403
413			630.4875797719089
414			634.8918806429368
415			637.3659187252642
416			637.9325138864037
417			637.2017281478182
418			636.1628864589969
419			635.4135865205641
420			635.1597430624844
421			635.181922407856
422			634.7109523277902
423			633.1065191818918
424			630.0471296202628
425			625.080518116089
426			617.2984269652937
427			606.5509385819709
428			596.0380197935583
429			589.5121086354497
430			589.0294573082555
431			595.7889626444198
432			608.8846355072244
433			626.2025761931186
434			644.1639147612723
435			658.2578316103135
436			667.4510802743417
437			674.3125091847631
438			681.0484115943271
439			689.0998541453856
440			699.1449935229615
441			710.4373451080236
442			721.986514311864
443			732.5940142788259
444			741.4706955044722
445			749.7042646317835
446			758.679573839747
447			768.5793528232565
448			778.9968188454706
449			788.3000164668259
450			794.3395624639853
451			796.9967666829609
452			797.6757121193388
453			797.667557747303
454			798.0964230682104
455			799.522903723859
456			801.7091527199798
457			804.3206200338284
458			806.9528653128248
459			809.3241683632805
460			811.5236776504522
461			813.5010092877333
462			814.3735743690308
463			813.2722599901005
464			810.6506601389009
465			807.422908292763
466			804.3191937011325
467			801.9624623581777
468			800.8081224979188
469			801.1705895010957
470			802.8668552406006
471			805.2377965309745
472			807.8563851744865
473			810.6317614984035
474			813.4770487195793
475			816.2698757029711
476			818.966566984146
477			821.7350791921837
478			824.5752295621849
479			826.7541755752751
480			827.3130173942668
481			824.9831871035052
482			818.6297074494087
483			808.8703373479962
484			797.2167902456446
485			786.2830516072845
486			779.2537687691541
487			777.2685610079754
488			779.6908526728442
489			785.1662169001402
490			791.5849868386433
491			797.4677072761094
492			802.3949558985086
493			806.1246339675336
494			808.5965699937814
495			809.7135080583741
496			809.1953584632837
497			806.7278096330363
498			801.9965499921574
499			nan
500			nan
