Nom de l'instrument : SAM_877E
Fichier_calib_utilise: /Users/mdlemineahmedou/Documents/Stage/pipeline_LOG/data/calibration/ALL_2023/Cal_SAM_877E.dat
Date : 2023-10-10
Heure : 12:21:16

l_onde		data
280			3.1859766652109314
281			3.3108584066895252
282			3.4507396833237496
283			3.6307460390214468
284			3.8303403677038723
285			3.989870753997752
286			4.10026681746493
287			4.22133605335903
288			4.378991090806936
289			4.52088119795746
290			4.609943910515676
291			4.687117328244791
292			4.800917477646249
293			4.9609464436238895
294			5.159364959339185
295			5.3454641289263725
296			5.456357450924126
297			5.551098065286074
298			5.776630673225315
299			6.222261962480709
300			6.911745788938599
301			7.889280064286521
302			9.238445940834083
303			11.031346736164792
304			13.301773820051052
305			16.08243975259112
306			19.425328733888353
307			23.392925466677287
308			28.083717095058507
309			33.59436174704317
310			39.85895573514005
311			46.7104103670475
312			53.88225851203355
313			61.028015000623995
314			68.04747329714161
315			75.16470488189265
316			82.4991548955452
317			89.92303339535718
318			97.24917754732951
319			104.19844128838318
320			110.65185190596263
321			117.31882792892037
322			125.07773629311289
323			134.26744139183467
324			144.952842645262
325			156.80823786086998
326			169.2227465968324
327			181.0612508672343
328			190.6931183840291
329			197.55355400652425
330			202.6703137326805
331			206.66813004928196
332			209.01114558929274
333			209.46058988758344
334			209.28623005590936
335			209.89628176906447
336			211.7800721989222
337			215.08002913061154
338			219.53303603488024
339			224.65271258784594
340			229.62090103786392
341			233.40993449299512
342			235.7927655714651
343			237.40065480210131
344			238.85425909694388
345			240.69223388224194
346			243.39752711182473
347			247.34028609925204
348			252.70790508090315
349			259.09912915646083
350			266.02026161895765
351			273.18083395701433
352			280.2080136622811
353			285.43406471830895
354			286.7140929809477
355			284.48327721344316
356			281.0864983676789
357			278.39586589277206
358			277.718007342144
359			280.1297601441654
360			286.38763042924114
361			296.55443950185486
362			309.1460532732034
363			322.6417912070019
364			336.16090305305715
365			348.9199390052421
366			359.9065984938352
367			368.043961216915
368			372.35197654965816
369			372.0082415700573
370			367.68873384878714
371			361.1715178348178
372			354.6756266040725
373			350.84025821007276
374			351.49218984745744
375			357.19685785505845
376			366.9681056319436
377			376.63813120915523
378			382.01238364087806
379			380.19378419946656
380			369.7422944286518
381			355.1187317532475
382			342.21079782050964
383			333.9007503840307
384			331.59309320568826
385			335.4887768498908
386			344.92451906723716
387			357.80453731409665
388			370.68956037183125
389			380.5309927827406
390			384.9011995251279
391			383.2327973791618
392			378.52958073856166
393			374.5403558587825
394			375.96210921123117
395			386.86818111586274
396			407.911684039126
397			438.49454549199913
398			475.87396843652033
399			516.3120031238487
400			554.6753103321053
401			585.2389445583996
402			605.8868297638402
403			617.5408941537461
404			622.5764846136415
405			624.9510263434055
406			627.5223555502749
407			631.162681577066
408			636.3721547523498
409			643.2089359159662
410			651.4592828445419
411			660.1786322380347
412			668.3252089304716
413			675.1938205733952
414			680.2276799197872
415			683.1737310688312
416			683.9797026678046
417			683.2955073805302
418			682.2280625958753
419			681.4872612692417
420			681.382075502817
421			681.6803046194966
422			681.445310866536
423			679.9323427519575
424			676.8561358470872
425			671.7490971890003
426			663.5032720009419
427			651.8721102907881
428			640.4974400839441
429			633.6375809581721
430			633.4353931494816
431			641.0191289739971
432			655.3791796889884
433			674.2697819850871
434			693.824303481133
435			709.1428965536128
436			719.1384968893958
437			726.6727867083259
438			734.168501842914
439			743.1497808437927
440			754.3030250650968
441			766.7594533484952
442			779.4169980758858
443			791.0418334506503
444			800.8400763569857
445			809.9656221309583
446			819.8761944207745
447			830.754039048315
448			842.1547211635766
449			852.3228888730231
450			858.950755834557
451			861.9207804306025
452			862.7587749746035
453			862.8928078001485
454			863.594312308561
455			865.4576216464186
456			868.1150800727019
457			871.125288274792
458			874.0482452149859
459			876.6201793588428
460			879.0756132668428
461			881.4499536473171
462			882.6131316562237
463			881.4394309010626
464			878.5701659826457
465			875.2344354498431
466			872.1777273799562
467			869.8923624553242
468			868.806790173634
469			869.2844231103633
470			871.2242354484256
471			874.0751255978059
472			877.3312675098607
473			880.5741324388381
474			883.5805647810286
475			886.475597944507
476			889.4242406649428
477			892.5981447456685
478			895.9337909385172
479			898.5091337429258
480			899.1706593490046
481			896.5754729488033
482			889.5721054881535
483			878.9037831781081
484			866.274394502939
485			854.5158994358799
486			847.0374555343685
487			845.0380013796565
488			847.7987539796538
489			853.868612227836
490			861.0294141292654
491			867.6727516016341
492			873.2195123132165
493			877.3499186312424
494			880.109186817763
495			881.4774612190745
496			881.0961261525406
497			878.5431585922692
498			873.3965355123669
499			nan
500			nan
