Nom de l'instrument : SAM_877D
Fichier_calib_utilise: /Users/mdlemineahmedou/Documents/Stage/pipeline_LOG/data/calibration/ALL_2023/Cal_SAM_877d.dat
Date : 2023-10-10
Heure : 11:33:21

l_onde		data
280			0.027398289314931535
281			0.04259502340270136
282			0.05814300546206481
283			0.05908142967481046
284			0.044573056588427355
285			0.034962641740423676
286			0.04222603368739772
287			0.05562522527834856
288			0.06397011786505503
289			0.06513640153518988
290			0.060156505732354704
291			0.05652609167893199
292			0.06212767255019976
293			0.07004481585862098
294			0.06727384731205625
295			0.0596423207971161
296			0.06614507211504357
297			0.08395119481953918
298			0.08656608344264996
299			0.06658419497259124
300			0.04868368763916597
301			0.04989312852358774
302			0.06257914946284947
303			0.07636573367123509
304			0.08372029887935455
305			0.07957791617212198
306			0.06893738852093324
307			0.05969154863475564
308			0.055075797994710164
309			0.05586944647682648
310			0.061761527479383856
311			0.07148998041686279
312			0.07977966900454556
313			0.07716881394650128
314			0.06278954786190626
315			0.04960348669146395
316			0.046946650876869174
317			0.05296913695976204
318			0.06396395029840762
319			0.07524635534198496
320			0.08227425859719215
321			0.08238084918168795
322			0.07457219694405991
323			0.0665036923666386
324			0.06917745891442591
325			0.0817630027794396
326			0.09513204933254836
327			0.10362571995086231
328			0.10537935102013962
329			0.10166370167790308
330			0.09810372667360165
331			0.09936157103400564
332			0.10729680342876648
333			0.12148185492038985
334			0.13539259496588343
335			0.14274801372231993
336			0.14415271501827656
337			0.142794749717133
338			0.14575156625090413
339			0.1603842207250208
340			0.1776438147530835
341			0.179209389594688
342			0.17048984524305755
343			0.1780627226300027
344			0.20440058651572904
345			0.219851721077462
346			0.21344303529298128
347			0.21291107648548688
348			0.23730970003134544
349			0.2707875022842488
350			0.29529539024906554
351			0.30743134058554783
352			0.3096601845410978
353			0.31761244935960065
354			0.34802564889664483
355			0.38280213532957647
356			0.3881152297515282
357			0.37529216512887376
358			0.3889227075426844
359			0.4342363530482365
360			0.4733735449790879
361			0.4927962847215869
362			0.5193728853553364
363			0.5683730377139256
364			0.6223143754334244
365			0.6660733714147101
366			0.705705366890593
367			0.7496465706964444
368			0.7978794436726656
369			0.8463901316654355
370			0.8805305138138231
371			0.8848959445166056
372			0.8843302857707382
373			0.9252036849286842
374			1.0037838728806334
375			1.0743889696358015
376			1.122319980595795
377			1.1711280598049976
378			1.2294364518016414
379			1.2772708097921295
380			1.3015661957786377
381			1.312033028050928
382			1.3228683460849282
383			1.352345543456899
384			1.4134056881011503
385			1.4880265931303847
386			1.5540934736800396
387			1.6304095011839514
388			1.7490049056393018
389			1.884832089029463
390			1.9797380156374744
391			2.0283688391299366
392			2.071592797580418
393			2.1345421746137037
394			2.2215052893326246
395			2.3462434505896783
396			2.5405104322274896
397			2.816911256001082
398			3.1386482990721296
399			3.4629102401934553
400			3.7507033166402546
401			3.9757021511156907
402			4.169489640785957
403			4.37338372964853
404			4.572411659336028
405			4.731539141834994
406			4.8621351986735
407			5.002149342329379
408			5.162949038084394
409			5.3337927455003715
410			5.515592575455737
411			5.723138102567571
412			5.9565060635905835
413			6.191478170958742
414			6.4102256561597954
415			6.613496924902795
416			6.80839121399318
417			7.0139871147204405
418			7.246179366883571
419			7.496920709679184
420			7.7530695182221425
421			8.01058183707195
422			8.268258521686509
423			8.518698750775936
424			8.75142579844843
425			8.959658425646174
426			9.139867312213577
427			9.300203926625889
428			9.460804942391993
429			9.65734326543599
430			9.945683762082686
431			10.358499830631663
432			10.882692413919035
433			11.489733330544215
434			12.124281102958646
435			12.738367201704108
436			13.325750079822907
437			13.895769525056808
438			14.489282017338525
439			15.151604654170065
440			15.888171485983683
441			16.685904179282293
442			17.52143189098143
443			18.367076464759325
444			19.22496384031415
445			20.120790121013588
446			21.061477642273573
447			22.032564012201284
448			23.012097155194407
449			23.968749981962517
450			24.874963476596577
451			25.712177063669134
452			26.478695853354335
453			27.215831924768434
454			27.9631199333834
455			28.726015904826106
456			29.50105019172396
457			30.280105915757215
458			31.0554274344646
459			31.833283077507065
460			32.623115281491614
461			33.40060421977873
462			34.12362461947538
463			34.79466846378015
464			35.451990027374606
465			36.114833421751555
466			36.78124361897009
467			37.472286989223086
468			38.24338323559929
469			39.12085208808061
470			40.06996740242011
471			41.058379887226714
472			42.077901780329725
473			43.12496460718081
474			44.19865579567765
475			45.296656402478185
476			46.40687192900488
477			47.51343673541598
478			48.59516278205079
479			49.625037008856474
480			50.54135264113456
481			51.266296406394645
482			51.76729167223147
483			52.04856111035027
484			52.18576480671636
485			52.32254090557269
486			52.57950015314088
487			53.04346543050826
488			53.740938296766565
489			54.60050482421406
490			55.535134545782626
491			56.443903334093314
492			57.255295026412455
493			57.99178689798595
494			58.67399810710344
495			59.24336726302987
496			59.63591956086544
497			59.869504007807656
498			59.990177570846555
499			60.04402359165784
500			nan
