Nom de l'instrument : SAM_81D7
Fichier_calib_utilise: /Users/mdlemineahmedou/Documents/Stage/pipeline_LOG/data/calibration/ALL_2023/Cal_SAM_81D7.dat
Date : 2023-10-10
Heure : 12:19:58

l_onde		data
280			nan
281			nan
282			nan
283			nan
284			nan
285			nan
286			nan
287			nan
288			nan
289			nan
290			nan
291			nan
292			nan
293			nan
294			nan
295			nan
296			nan
297			nan
298			nan
299			nan
300			nan
301			nan
302			nan
303			nan
304			nan
305			nan
306			nan
307			nan
308			nan
309			nan
310			nan
311			nan
312			nan
313			nan
314			nan
315			nan
316			nan
317			nan
318			nan
319			0.014352680119803615
320			0.015445848937905479
321			0.016034315810540038
322			0.016170894053064613
323			0.01590839698083654
324			0.015299637909213145
325			0.014397430353807621
326			0.01332780997287267
327			0.012497503310682655
328			0.012380486187051811
329			0.013368829833022572
330			0.014974020381937285
331			0.016171653873682704
332			0.015949316492947112
333			0.014259040036645508
334			0.012437934329714703
335			0.011930263315810869
336			0.013603064869248945
337			0.016243199539716452
338			0.018169101292094283
339			0.017902317082199526
340			0.016011299319154657
341			0.014249710169272673
342			0.01435456065602197
343			0.016682101290904656
344			0.019689367206850668
345			0.021695322046755252
346			0.02160633177987331
347			0.02035788189628333
348			0.01932328976096596
349			0.01973495889879558
350			0.02146332530171507
351			0.023615656590558854
352			0.025302626582594717
353			0.02612744798086658
354			0.026353071970583435
355			0.026288603564041692
356			0.026247762147300967
357			0.026559830378351176
358			0.027557368680767004
359			0.02949494559544493
360			0.03188877294468777
361			0.03384808244513109
362			0.034501104018004276
363			0.03392145510833042
364			0.033435442625428524
365			0.03445549885108228
366			0.037737342835772826
367			0.04183608756415808
368			0.04484642734531086
369			0.04511449744702913
370			0.04336438290360361
371			0.04162980447978808
372			0.04192024581118468
373			0.044690400696258084
374			0.0483263715285186
375			0.051071074229878444
376			0.051762164939492324
377			0.05125024897662284
378			0.05081138305707789
379			0.05158923617652504
380			0.05345322290892901
381			0.0555610845187488
382			0.05707706034361988
383			0.057775760225103695
384			0.05825877405881111
385			0.059186510293704656
386			0.06103297608905278
387			0.06362490723986974
388			0.06664863637509227
389			0.06979865257927648
390			0.0728507868115449
391			0.0756275858397319
392			0.07796157357250871
393			0.08012000128974264
394			0.08297801267266375
395			0.08745601681606124
396			0.09408555796677186
397			0.1019920829510404
398			0.10998333110881836
399			0.1169782482681316
400			0.12306499928422725
401			0.12903127876955225
402			0.13566093491047232
403			0.14305458786609304
404			0.1503142512274912
405			0.156462729033649
406			0.16089967358359325
407			0.16446374248317766
408			0.16833701662472764
409			0.17360025564197942
410			0.18019167149388216
411			0.18732877687254662
412			0.19422519441405703
413			0.2005359466526951
414			0.20659857641694318
415			0.21280914558648112
416			0.21947980777524376
417			0.22657987631874082
418			0.23399111415624443
419			0.24158748570314273
420			0.24914699586229092
421			0.2563831258756956
422			0.26301297143288965
423			0.2691004795612822
424			0.2752835413979733
425			0.2822539235990386
426			0.29052035950354715
427			0.29978151886125015
428			0.3095120428659028
429			0.3192513199501195
430			0.32942375191222023
431			0.34109450720571227
432			0.3553345859854731
433			0.3724381856033392
434			0.39130874380867886
435			0.41070522076304716
436			0.42969120609091305
437			0.44880765735533923
438			0.4690427709726466
439			0.4913296095873882
440			0.5157470457827289
441			0.5417018992876124
442			0.5685844929504043
443			0.595990554224503
444			0.6239179293712608
445			0.6524111142311659
446			0.681478854049676
447			0.7109377797070822
448			0.7405402688446158
449			0.7700418027966838
450			0.7992540995450685
451			0.828037360713901
452			0.8562540969966763
453			0.8839000032439079
454			0.9112587998372689
455			0.9386518026802682
456			0.9663168434587525
457			0.9939892085245422
458			1.0212170411767703
459			1.047574077351428
460			1.073180304319358
461			1.098675724678495
462			1.1247200743540244
463			1.1516855424388872
464			1.1792505547925258
465			1.2069910027057271
466			1.2346033039517377
467			1.2626055406048433
468			1.2918586647321844
469			1.3231980527678104
470			1.356776690332892
471			1.392025179632141
472			1.428339619616375
473			1.4652582156642457
474			1.502705343347771
475			1.5406703519497345
476			1.5790314311739346
477			1.6167988442135193
478			1.6525749236731433
479			1.6849863873019464
480			1.7135131925412586
481			1.7386463470368083
482			1.7609355341174058
483			1.7810808835136942
484			1.8002471843932162
485			1.8196886529870926
486			1.8406085469568285
487			1.863748978360418
488			1.8896069378009952
489			1.9186520474702304
490			1.9503161789591832
491			1.9826461738627352
492			2.0135925208636962
493			2.0415046884438235
494			2.066144209602769
495			2.0875848578896026
496			2.1059004068533946
497			2.121164630043213
498			2.1334513010081277
499			nan
500			nan
