Nom de l'instrument : SAM_80E0
Fichier_calib_utilise: /Users/mdlemineahmedou/Documents/Stage/pipeline_LOG/data/calibration/ALL_2023/Cal_SAM_80E0.dat
Date : 2023-10-10
Heure : 10:16:43
Comment : LIDAR_20231010

l_onde		data
280			nan
281			nan
282			nan
283			nan
284			nan
285			nan
286			nan
287			nan
288			nan
289			nan
290			nan
291			nan
292			nan
293			nan
294			nan
295			nan
296			nan
297			nan
298			nan
299			nan
300			nan
301			nan
302			nan
303			nan
304			nan
305			nan
306			nan
307			nan
308			nan
309			nan
310			nan
311			nan
312			nan
313			nan
314			nan
315			nan
316			nan
317			64.30826614057415
318			68.59448739710149
319			73.62681761173144
320			79.32044944899559
321			85.59057557342553
322			92.35238864955282
323			99.5210813419091
324			107.00950175247226
325			114.67167500555429
326			122.29994614708073
327			129.68361240362066
328			136.5595636721506
329			142.53249054244188
330			147.18656153766662
331			150.22444774229442
332			152.14309835221664
333			153.7658857049488
334			155.8911046364906
335			158.7287903423308
336			161.90708008640073
337			165.02967310634466
338			167.807544702696
339			170.20708548131702
340			172.23188122312442
341			173.91204471426977
342			175.44557052952518
343			177.09593511498556
344			179.11997670811704
345			181.63249815637934
346			184.61367092071916
347			188.03792140659073
348			191.77527607531397
349			195.45710763359975
350			198.68159126378745
351			201.10861711898457
352			202.77373877784603
353			203.85386085530766
354			204.5263190912062
355			204.9719440526229
356			205.37478807712841
357			205.9195583267207
358			206.9039914041367
359			208.87787875158332
360			212.42509653474193
361			217.98846869565946
362			225.1706966084026
363			233.26471153647404
364			241.56048225822113
365			249.29974285249563
366			255.68036840311703
367			259.90096736742464
368			261.6314888480813
369			261.58261713284594
370			260.60418266170706
371			259.49356890292773
372			258.73754588835385
373			258.70896030793193
374			259.7477889970515
375			261.5570528338773
376			263.2608603826649
377			263.9638427566365
378			263.0956340634245
379			260.80641990353905
380			257.3431763835582
381			253.05574430602192
382			248.90894869298916
383			246.09517066335815
384			245.7527174134863
385			247.93755537456283
386			251.7100069174443
387			256.0941157560431
388			260.2890446311464
389			263.8889566332085
390			266.54213171844685
391			268.1101317091569
392			269.7601818649845
393			273.15338944406795
394			279.90290148542755
395			290.60969949545176
396			304.92127721313216
397			322.44658355536984
398			342.4332805673091
399			363.2895834404494
400			383.30476652373653
401			400.9149450271024
402			415.4891574393039
403			426.76162365775735
404			434.50452174458695
405			439.30626694350764
406			442.5513313665322
407			445.65573832663245
408			449.55292184972194
409			454.007654366306
410			458.6112739008149
411			462.9842669597983
412			466.9417811321367
413			470.3787010318416
414			473.19036050310604
415			475.2770684426921
416			476.5442081930617
417			476.8977043180462
418			476.37707663995377
419			475.3627935481035
420			474.2889290970942
421			473.47981309862564
422			472.4799502278111
423			470.4961908716611
424			466.7690742844641
425			461.4634783190137
426			455.7395782383371
427			450.80644765721956
428			447.6406845814256
429			446.58703529511047
430			447.88391704937766
431			451.69505411436063
432			457.6127801893945
433			464.9655520990715
434			473.08477051058793
435			481.43201811707746
436			489.6181416453395
437			497.26235297850064
438			504.16892236474854
439			510.6830959602178
440			517.2484470409589
441			524.2632586558419
442			531.7485565677724
443			539.5380712081039
444			547.462691739079
445			555.3018761624262
446			562.7717877304295
447			569.5847234254499
448			575.5272529572101
449			580.6216371498406
450			584.9367803885472
451			588.5419759032015
452			591.5100835262162
453			593.9158797205716
454			595.8354345576281
455			597.3971734713416
456			598.7991877434268
457			600.2443875414202
458			601.8563120370737
459			603.4827541068536
460			604.9116637002522
461			605.9406816831455
462			606.4664301723885
463			606.4434443022819
464			605.8302184190469
465			604.7477288370042
466			603.5522992214882
467			602.6186851964317
468			602.239711288871
469			602.3942199508308
470			602.9858507975697
471			603.9234003973444
472			605.174990230644
473			606.7467213720058
474			608.6437091082515
475			610.7683995999789
476			612.8603522523588
477			614.6446671105696
478			615.8383600315891
479			616.124057886554
480			615.1752450947431
481			612.7039233575873
482			608.9270792326453
483			604.4169003560484
484			599.752769765453
485			595.4972659179208
486			592.1835978116903
487			590.3420154039515
488			590.3532966742982
489			591.8886700271602
490			594.4090363648618
491			597.3815736436948
492			600.3689223568925
493			603.0077489951391
494			604.9366556354981
495			605.7942443550339
496			605.2191172308106
497			602.8498763398926
498			nan
499			nan
500			nan
