Nom de l'instrument : SAM_877E
Fichier_calib_utilise: /Users/mdlemineahmedou/Documents/Stage/pipeline_LOG/data/calibration/ALL_2023/Cal_SAM_877E.dat
Date : 2023-10-10
Heure : 12:17:54

l_onde		data
280			2.825080865845853
281			2.953969872220555
282			3.095727818445312
283			3.241825986720099
284			3.3861068126246674
285			3.524595151362821
286			3.6568991894309266
287			3.7872636555039523
288			3.9153183041495105
289			4.0307030242602515
290			4.128328960481341
291			4.223532512246979
292			4.33253794742531
293			4.455879950038495
294			4.589138341647313
295			4.727514269515315
296			4.868352739890934
297			5.041684893618795
298			5.301932358982316
299			5.711757983456579
300			6.342244269849431
301			7.261387746376077
302			8.531360949604654
303			10.214067911613093
304			12.372113930417335
305			15.064499614772886
306			18.33554228783017
307			22.227964087525237
308			26.797244495386877
309			32.09292966677473
310			38.05243773800285
311			44.54298109427082
312			51.35549428682108
313			58.21889324185531
314			65.03084227333919
315			71.91160616212056
316			78.92052189076074
317			85.96849436951041
318			92.90999210115103
319			99.48208504625545
320			105.57605559041873
321			111.90582598379568
322			119.34081299460777
323			128.1236629499937
324			138.19942164566257
325			149.31447672089183
326			161.05306399943404
327			172.33152727896086
328			181.42714788318864
329			187.766151214938
330			192.49792395373998
331			196.30021627313442
332			198.51711562240288
333			198.8017555857872
334			198.4325232460705
335			198.8430035492245
336			200.5081846271863
337			203.54676845456203
338			207.70052520284963
339			212.50311032851485
340			217.17137885132442
341			220.72126869546912
342			222.91146616019668
343			224.29761725210085
344			225.45826071736337
345			226.94693917115083
346			229.26517239483613
347			232.79873388848122
348			237.74308691321318
349			243.67984548906773
350			250.0994094000114
351			256.73231717188764
352			263.24473289035774
353			268.0550238530511
354			269.1213270443399
355			266.8819298039367
356			263.6075607480383
357			261.02615249909076
358			260.228362568622
359			262.20497017105623
360			267.8367307347953
361			277.2786291626469
362			289.02112308532094
363			301.52950863500473
364			314.0072650949501
365			325.76717976527993
366			335.8423611544193
367			343.19537577857113
368			346.97744601355635
369			346.5257311276964
370			342.4392354085995
371			336.2506332418436
372			330.00931582376364
373			326.2676316821083
374			326.75178591591305
375			331.90094212696914
376			340.7661125466121
377			349.58062178813503
378			354.5203214183788
379			352.79950404908953
380			342.97732146955866
381			329.220433929981
382			317.05522948056256
383			309.1807469500454
384			306.90616004792423
385			310.41233919979044
386			319.07026940236443
387			330.914295037251
388			342.72585520261055
389			351.6778714332739
390			355.55924017187044
391			353.8736620981019
392			349.41062290004845
393			345.6280158016273
394			346.80690929828484
395			356.6655722888263
396			375.8608428333283
397			403.90436166911
398			438.22380204840414
399			475.2971835763702
400			510.4214668322783
401			538.4046969104076
402			557.3044026367708
403			567.9147914870448
404			572.390406920954
405			574.3706872206262
406			576.4933264003932
407			579.5829905773844
408			584.1420308817856
409			590.3110662091811
410			597.9236116626948
411			605.9162672977671
412			613.1406650983181
413			619.0418066798172
414			623.281940245872
415			625.7070655283544
416			626.2944087251499
417			625.5680944926551
418			624.4115841538899
419			623.4691072729499
420			623.1356413657207
421			623.2218443558927
422			622.7683449904902
423			621.0756700079106
424			618.0420693412551
425			613.3402919660726
426			605.842060769831
427			595.1882008870483
428			584.6471492224572
429			578.0923470954137
430			577.6002267282707
431			584.3451930882557
432			597.3277157473133
433			614.31624965653
434			631.7847527023387
435			645.3995635362492
436			654.2601531440536
437			661.0158388355329
438			667.7850778354974
439			675.6838064586076
440			685.2681350077954
441			696.1178672458373
442			707.4851022525763
443			718.0148029828724
444			726.7355054305641
445			734.7457594775394
446			743.4829889770905
447			753.1272708782795
448			763.2550691391583
449			772.2806614656052
450			778.1295209199179
451			780.6818870796573
452			781.2853837137551
453			781.2186523247738
454			781.6392567445026
455			783.0902036295257
456			785.2401359548735
457			787.7140849211468
458			790.185142075701
459			792.4340338055367
460			794.5299235472261
461			796.3998911448267
462			797.1873104285409
463			796.058483045646
464			793.4855257293336
465			790.3868243735911
466			787.4264997273
467			785.1306088799872
468			783.9270705671723
469			784.1541696987225
470			785.6945554927538
471			787.9923367377319
472			790.6380192333695
473			793.4419765398281
474			796.2344411078221
475			798.8543470250644
476			801.2751845450663
477			803.8131910220463
478			806.5795106385207
479			808.743004120327
480			809.2378516755483
481			806.8909134411424
482			800.7010038724638
483			791.2166124816097
484			779.7983783044879
485			769.0246283692352
486			762.1129593996915
487			760.1677615074755
488			762.4622070543772
489			767.6750096382708
490			773.87303206162
491			779.6562479257458
492			784.5192712125375
493			788.1638541661744
494			790.569517235607
495			791.6731385226974
496			791.174476731474
497			788.7289077882847
498			783.991807619477
499			nan
500			nan
