Nom de l'instrument : SAM_81D7
Fichier_calib_utilise: /Users/mdlemineahmedou/Documents/Stage/pipeline_LOG/data/calibration/ALL_2023/Cal_SAM_81D7.dat
Date : 2023-10-10
Heure : 12:05:13

l_onde		data
280			nan
281			nan
282			nan
283			nan
284			nan
285			nan
286			nan
287			nan
288			nan
289			nan
290			nan
291			nan
292			nan
293			nan
294			nan
295			nan
296			nan
297			nan
298			nan
299			nan
300			nan
301			nan
302			nan
303			nan
304			nan
305			nan
306			nan
307			nan
308			nan
309			nan
310			nan
311			nan
312			nan
313			nan
314			nan
315			nan
316			nan
317			nan
318			nan
319			0.0016570412149455728
320			0.0012618538378879813
321			0.0011107638833430678
322			0.0011277652645055552
323			0.0012368518945701681
324			0.0013620176867316293
325			0.001427256617794606
326			0.001379821189868079
327			0.0012561234931294633
328			0.0011139369016582555
329			0.0010102927099251314
330			0.0009942438530117221
331			0.0011099879444983274
332			0.00139979360195377
333			0.0018142968206687278
334			0.002172536406669416
335			0.0022833712790860314
336			0.002034058069991579
337			0.0015943790169854874
338			0.0011977371379489204
339			0.0010551448181231938
340			0.0011519690625983
341			0.0013429225241645456
342			0.0014830129812279773
343			0.0015111233245901046
344			0.00148150540437623
345			0.001456799895529552
346			0.0014795585994639582
347			0.001522938418049267
348			0.00154512261623336
349			0.001510686185670552
350			0.0014459817563718432
351			0.0014119785982428111
352			0.0014686969113481218
353			0.0016206926279898662
354			0.0017982292481672222
355			0.001926377193421764
356			0.001956734603100743
357			0.0019303717978447986
358			0.0019072027474933582
359			0.0019396204459116771
360			0.0020088160778764545
361			0.002056734595202965
362			0.002026343695915478
363			0.0019188691663540604
364			0.001812731902384205
365			0.0017916613987772815
366			0.0019060729250698135
367			0.0020947478097787476
368			0.0022731109288178903
369			0.002364659324213273
370			0.0023692308442739463
371			0.0023287073909762776
372			0.002284789020384125
373			0.0022537341058883106
374			0.002217951786180565
375			0.0021575094361166876
376			0.0020706852531786383
377			0.0020173935230288318
378			0.0020705757652276376
379			0.0022900115017805674
380			0.002608793779807528
381			0.0028892610299908767
382			0.0029955386665809483
383			0.0029012805952038454
384			0.0027285389110038114
385			0.0026099199055449325
386			0.00263857003973107
387			0.00277061301852588
388			0.0029324501926825276
389			0.0030574042751922124
390			0.0031478226394223586
391			0.0032456945141526835
392			0.003392902899944719
393			0.0036046450787180296
394			0.0038588028867538537
395			0.004130478867796583
396			0.004399091029924423
397			0.004659661679985133
398			0.004910738913626626
399			0.005152294354415295
400			0.005399266521796449
401			0.005675548449978198
402			0.0060045552444746445
403			0.00637888939227041
404			0.006746117635307433
405			0.007050234507185948
406			0.007260844719201763
407			0.0074453461411181174
408			0.007694475297334208
409			0.008088167548720309
410			0.008584559095271648
411			0.009064957337729612
412			0.009411201066969709
413			0.009608580946307278
414			0.009802351433117461
415			0.01015148222450364
416			0.010761960766768651
417			0.011523294646278444
418			0.012269709445773236
419			0.012848469425946299
420			0.013267278429157038
421			0.013641720682740615
422			0.014088460262460183
423			0.014657499211420042
424			0.015288532138943966
425			0.015910899213668058
426			0.016476573035646945
427			0.017037692168868152
428			0.017674096751066962
429			0.018461775917484505
430			0.019424073633905248
431			0.02054621775346306
432			0.02181239207202257
433			0.023189061019709096
434			0.024610964916030525
435			0.026009548454874434
436			0.027344875704394044
437			0.02871580671642116
438			0.030263218805350062
439			0.032118154870229586
440			0.03425942027797204
441			0.03654604416228743
442			0.03883458172116919
443			0.04107626510771265
444			0.043407674726188415
445			0.04598689312834181
446			0.04892475216129677
447			0.05207817072012474
448			0.05521914573378309
449			0.058131431471336516
450			0.06080980611825429
451			0.06343097919068381
452			0.06617713286011552
453			0.06914061754203198
454			0.07221951250271567
455			0.07528653909936932
456			0.07823646558125043
457			0.08109677465601649
458			0.0839443706201827
459			0.08685395124997042
460			0.08985193315656427
461			0.09291877069123836
462			0.09603312130605825
463			0.0991826464493206
464			0.10237673147944423
465			0.1056279724348702
466			0.10895674152836796
467			0.1124364234286742
468			0.11616252422366936
469			0.12022653355043976
470			0.12461547537637789
471			0.129205785621746
472			0.13386866458364868
473			0.13852691733955566
474			0.1432435834961964
475			0.1481052973289204
476			0.1531716917467463
477			0.15829157480782097
478			0.1632146656446397
479			0.16769571530680413
480			0.17166830131652344
481			0.17527790242767222
482			0.17868226246982696
483			0.182007063512861
484			0.18527896366177865
485			0.1885055631445698
486			0.19170530390625729
487			0.1949947391650441
488			0.19854257308199544
489			0.20251319913558727
490			0.206872864216637
491			0.21132335960650697
492			0.2155480787463731
493			0.21930072556336827
494			0.22258384601301381
495			0.2254550108536476
496			0.2279717908436077
497			0.23019175674123196
498			0.23217247930485832
499			nan
500			nan
