Nom de l'instrument : SAM_877E
Fichier_calib_utilise: /Users/mdlemineahmedou/Documents/Stage/pipeline_LOG/data/calibration/ALL_2023/Cal_SAM_877E.dat
Date : 2023-10-10
Heure : 10:59:08

l_onde		data
280			2.3121371373391373
281			2.420587680605151
282			2.5342047059511104
283			2.643962585511421
284			2.7517531773118282
285			2.8687840292927658
286			2.992680201020368
287			3.1026172103222165
288			3.1856762423631606
289			3.2475309805307293
290			3.30008599153591
291			3.367818023040396
292			3.472242774918049
293			3.607626174478345
294			3.7582388141818552
295			3.8963835389666035
296			3.9928636752328033
297			4.0791974001234435
298			4.230882303122297
299			4.5013448876841196
300			4.918828812008428
301			5.532686524626963
302			6.429290604810962
303			7.675216437459915
304			9.2782784486892
305			11.25230037804142
306			13.670966034618399
307			16.61925249364614
308			20.16018242567046
309			24.339886973464466
310			29.117860791390648
311			34.397429291937506
312			39.987163800412866
313			45.617979307617745
314			51.22008186905694
315			56.98636379689864
316			62.98822961781351
317			69.02503236409397
318			74.89307656435408
319			80.47371032818741
320			85.77207818659271
321			91.29780593770865
322			97.65665692416061
323			105.07581770463261
324			113.59278755795722
325			123.00252023181471
326			132.9149104200358
327			142.4312383260645
328			150.1675299880348
329			155.6283584862036
330			159.65065940513622
331			162.7661560244745
332			164.6056042693592
333			165.00292463355743
334			164.87120262128596
335			165.24453848549356
336			166.6139114562752
337			169.2295314699211
338			172.807740399461
339			176.79738732002838
340			180.57554975182524
341			183.48714272629897
342			185.3620354641035
343			186.54917223500925
344			187.48073415014346
345			188.6792848147066
346			190.61323550493935
347			193.6070332731968
348			197.80524638174143
349			202.7895016066158
350			208.07615400814467
351			213.50177195085115
352			218.87781408305818
353			222.8721738101225
354			223.72112550175254
355			221.79365800347517
356			219.0335632076215
357			216.88722378472866
358			216.22020387240235
359			217.83532755834037
360			222.47993945217655
361			230.29262882604183
362			240.0083041747031
363			250.34524818568303
364			260.660336533781
365			270.4021356443697
366			278.7619028679935
367			284.86512793287875
368			288.00363279881
369			287.62809548449314
370			284.23222467006457
371			279.08119884031413
372			273.8606593182388
373			270.6658873061543
374			270.95586978894784
375			275.19595777659504
376			282.6269957139961
377			289.9785684079711
378			293.96454388445414
379			292.34054655588574
380			284.0108333097033
381			272.5123634733674
382			262.48928125942433
383			256.1271142017934
384			254.40839565740885
385			257.4025663336542
386			264.52788010036886
387			274.2045775913588
388			283.91668922316063
389			291.3742551254324
390			294.657999906251
391			293.27751908159337
392			289.50049441496543
393			286.19521193080107
394			287.0349999115072
395			295.2121977290558
396			311.2243140838786
397			334.5774569679644
398			363.0516160091403
399			393.65532733023576
400			422.5716751083127
401			445.65898438542627
402			461.3273356225139
403			470.1389314236488
404			473.8385144925631
405			475.47008491453226
406			477.23876490849193
407			479.8260243268987
408			483.6156675656035
409			488.6230855379217
410			494.67675070320433
411			501.13630923799997
412			507.2685142974702
413			512.3957322503795
414			515.92446560582
415			517.7838406760578
416			518.1740219918914
417			517.5744199894581
418			516.644156426786
419			515.85814567331
420			515.5023634450878
421			515.464046747982
422			515.1051538898525
423			513.8717445925265
424			511.44026669185206
425			507.4072764919765
426			501.0798215752971
427			492.37410554022875
428			483.84501061845646
429			478.4933907446787
430			478.04786792928525
431			483.5648986899373
432			494.2627637719291
433			508.3183553663159
434			522.8198568223655
435			534.1728407842692
436			541.5871669476411
437			547.1746852797428
438			552.7032919414797
439			559.2501118376973
440			567.3281978596341
441			576.4168521047153
442			585.7734782988168
443			594.3745395133733
444			601.5325189065587
445			608.183761830133
446			615.5106290556116
447			623.587348442686
448			631.9790100790742
449			639.4363106015223
450			644.3735025195064
451			646.6609720007258
452			647.2662474597328
453			647.2104869370125
454			647.531780586405
455			648.7238476508533
456			650.4976634215051
457			652.5308689701761
458			654.5555435731682
459			656.3943983052616
460			658.1083105681417
461			659.6420928707397
462			660.2985457100277
463			659.3922371773914
464			657.2662130711896
465			654.6308041620407
466			652.1329242064687
467			650.360629079583
468			649.5553024581703
469			649.7082490920104
470			650.717198900963
471			652.3927079889705
472			654.4959913020634
473			656.7281340825762
474			658.8801317718132
475			660.9162046637214
476			662.8893640348275
477			665.0326674717173
478			667.3973493081265
479			669.2703954972133
480			669.7607999002956
481			667.9546040827576
482			663.077005882255
483			655.4523335232918
484			646.0178353548969
485			636.9863477492447
486			631.2566148439579
487			629.7859811240714
488			631.8512184906334
489			636.2759452037137
490			641.4288769001715
491			646.1434154633735
492			650.0259822201749
493			652.8825075534018
494			654.8032719295159
495			655.7998307286392
496			655.5355399654201
497			653.6085815052489
498			649.6171372135153
499			nan
500			nan
