Nom de l'instrument : SAM_877D
Fichier_calib_utilise: /Users/mdlemineahmedou/Documents/Stage/pipeline_LOG/data/calibration/ALL_2023/Cal_SAM_877d.dat
Date : 2023-10-10
Heure : 10:56:50

l_onde		data
280			0.22468437777065398
281			0.24198289808555787
282			0.258392582685239
283			0.2701195617325501
284			0.2754492291964534
285			0.27581325820655245
286			0.2774855003230118
287			0.29702853169240967
288			0.34108868444472396
289			0.37748176352482493
290			0.3749700549092253
291			0.3516504275929562
292			0.33895111141013784
293			0.3428437007262467
294			0.35675543216841243
295			0.3772418546651104
296			0.40304987788689267
297			0.4276984868179017
298			0.4391227482140758
299			0.4336249555531281
300			0.4212130465286656
301			0.41434108451327767
302			0.4283606911481073
303			0.4706063079556754
304			0.5183226854101175
305			0.548056208073643
306			0.5693358242100546
307			0.6023658453966283
308			0.6623536206822577
309			0.7608139597421981
310			0.8929724069880097
311			1.0422265158139583
312			1.200916681000284
313			1.3713752330590012
314			1.5553415383974944
315			1.7528454868367311
316			1.9662199878196422
317			2.203468957286623
318			2.470192890481614
319			2.7608724041143753
320			3.067888390059672
321			3.3852732869829523
322			3.711907632222017
323			4.081943203375706
324			4.543102303929523
325			5.093816437675838
326			5.696701585998108
327			6.298788423806651
328			6.832932922042213
329			7.283951283257091
330			7.713851258224576
331			8.15019659661625
332			8.533765631531487
333			8.832382902461086
334			9.134793107166386
335			9.525715960025106
336			9.9570962289026
337			10.357501476442678
338			10.772232167533232
339			11.288748302061189
340			11.88800437112708
341			12.484444275116777
342			13.02453493448504
343			13.486282863072578
344			13.899477089888215
345			14.359242901924885
346			14.919743536907779
347			15.550879167404343
348			16.236757726915634
349			17.02476833236159
350			17.941630208007666
351			18.888535099126432
352			19.7451476867735
353			20.451008556172898
354			20.974168517359647
355			21.340308809409937
356			21.608585448015926
357			21.87477650977417
358			22.261836379985194
359			22.875230383016866
360			23.799274066495425
361			25.03312802629795
362			26.447542528717737
363			27.94215291899101
364			29.503268240600846
365			31.092838166762274
366			32.559303329172124
367			33.75070409409319
368			34.61817941230728
369			35.149599402768466
370			35.37894881778312
371			35.3714679000166
372			35.31709561379764
373			35.47565370222927
374			36.00887480395116
375			36.98774278860955
376			38.27741890281711
377			39.50239414281969
378			40.34155917468374
379			40.58850391184084
380			40.190127546909224
381			39.430514987519366
382			38.64622575016804
383			38.18648191159753
384			38.34604022791378
385			39.1342746125451
386			40.45532477389556
387			42.09265206045938
388			43.77605687431104
389			45.23852478960335
390			46.22710729742156
391			46.706938923918955
392			46.84003454114133
393			46.99172074274329
394			47.763651348375305
395			49.602414300416534
396			52.66882183432415
397			56.91485668556563
398			61.8632199547797
399			66.9722184185808
400			71.69229390047619
401			75.56330428308354
402			78.5697096054488
403			80.83756750338887
404			82.53664515723408
405			83.85521049044641
406			84.97690383980911
407			86.08029598407059
408			87.30625979953294
409			88.75972354442969
410			90.41094683531885
411			92.07869103579438
412			93.6669494859054
413			95.2264005138122
414			96.73601936673577
415			97.99046469714524
416			98.86994958420773
417			99.59168480762114
418			100.38415061599824
419			101.24336555091037
420			102.10974530783521
421			102.9735146061563
422			103.8315455643391
423			104.56472203484498
424			104.99670095068474
425			105.02371543097422
426			104.60454224206538
427			103.89739680755234
428			103.25940175541852
429			103.07280472117635
430			103.74055596937085
431			105.49351531150121
432			108.23991720088294
433			111.72282940836837
434			115.35165361779885
435			118.61475087727192
436			121.47376638991165
437			124.0298401160528
438			126.55262457738284
439			129.33529218841707
440			132.45538212077503
441			135.88206525464935
442			139.44120337398044
443			142.88548632089183
444			146.174329902823
445			149.43497860739575
446			152.76899651157618
447			156.2415960134928
448			159.7615434655774
449			163.01134273536323
450			165.76195952778968
451			167.99610059705395
452			169.77447581356046
453			171.30205153571646
454			172.78211946218082
455			174.3198550957118
456			175.97599537607442
457			177.69911454369714
458			179.40735677877367
459			181.06636107946017
460			182.6581078813389
461			184.11026431361023
462			185.32219610029702
463			186.271149554043
464			186.99970968174682
465			187.59554021061402
466			188.19265892448348
467			188.90947536451213
468			189.83843228716245
469			191.04666023078772
470			192.5563805445193
471			194.33429541101654
472			196.21609826830746
473			198.06530980601678
474			199.91903609646764
475			201.8392358468951
476			203.82074545895148
477			205.826844848136
478			207.74581800203705
479			209.42887366207754
480			210.67052491315783
481			211.23983311186782
482			210.99130783797875
483			209.8606012600702
484			208.1734834792088
485			206.62790659413463
486			205.7298884217776
487			205.71805488912793
488			206.62963416186997
489			208.19191918780785
490			210.0882872190876
491			211.97047989527633
492			213.59373106896695
493			215.03702502499334
494			216.36454729668907
495			217.3335312529024
496			217.68117892569285
497			217.467184893941
498			216.86241989115078
499			216.03785860148963
500			nan
