Nom de l'instrument : SAM_877E
Fichier_calib_utilise: /Users/mdlemineahmedou/Documents/Stage/pipeline_LOG/data/calibration/ALL_2023/Cal_SAM_877E.dat
Date : 2023-10-10
Heure : 10:56:41

l_onde		data
280			2.2902865939640837
281			2.393770321156556
282			2.5164171992209963
283			2.652482442527982
284			2.7855293336338667
285			2.890344790915154
286			2.969256082929424
287			3.0614725762630806
288			3.181301795695455
289			3.2874774589589855
290			3.3517989865361537
291			3.4084212571625976
292			3.4959445487131613
293			3.613772406429856
294			3.748441287243378
295			3.881565708371643
296			3.994528715636161
297			4.099073281251238
298			4.230359187947548
299			4.451950031927244
300			4.857692330809655
301			5.509480236412879
302			6.41380313608797
303			7.592865858145772
304			9.121680728291754
305			11.076294851740137
306			13.504404201284446
307			16.448460773272544
308			19.96197209164021
309			24.09486495571262
310			28.8160009586431
311			34.04164602617469
312			39.59898343505459
313			45.24142327421212
314			50.87977565376894
315			56.633130552121415
316			62.556285761779506
317			68.55092170780455
318			74.47225224238205
319			80.08952900894349
320			85.30721466835178
321			90.736291778201
322			97.11514301214277
323			104.59830817909787
324			113.07237970396527
325			122.35326666210602
326			132.18316138229753
327			141.6898731587677
328			149.4100076175278
329			154.8364658344557
330			158.900207497995
331			162.15590502942277
332			164.08315130162006
333			164.40876187680666
334			164.16331868277155
335			164.51123244696964
336			165.89643831759932
337			168.48068751847524
338			172.02386423429235
339			176.07302738076535
340			179.96269457578285
341			182.8976239092713
342			184.70158171578313
343			185.8612906333599
344			186.8628346300813
345			188.14079299966912
346			190.09586845520406
347			193.06049530479208
348			197.20857415423217
349			202.18859294299125
350			207.56471769402256
351			213.0726584274729
352			218.39577203718704
353			222.27149755449184
354			223.09558003209975
355			221.24662143145545
356			218.56727361970638
357			216.44446958463863
358			215.7330702703209
359			217.26913314889168
360			221.89842631935872
361			229.80087816229553
362			239.606721927926
363			249.95013459023002
364			260.2484359583461
365			270.023911357525
366			278.44325774322255
367			284.57719979868244
368			287.683939180881
369			287.19763375371843
370			283.6856332429598
371			278.5468825617995
372			273.4742002137927
373			270.43701310569384
374			270.80038005716165
375			274.9935218577278
376			282.2802047256496
377			289.53223640352996
378			293.56975834717986
379			292.0850340912685
380			283.89175701662015
381			272.4732457581933
382			262.4388694736137
383			255.99603160439892
384			254.17612253417371
385			257.1095808128426
386			264.2791101461282
387			274.0731740249145
388			283.8537080415953
389			291.27823107947955
390			294.474932625693
391			293.0183233855511
392			289.2611396976551
393			286.104980492563
394			287.10045684243556
395			295.31709034824974
396			311.24965879311594
397			334.446659984353
398			362.8135154552234
399			393.4968816545465
400			422.6109929468176
401			445.8326956775059
402			461.5139187488433
403			470.262214279306
404			473.87815299239173
405			475.4696501750043
406			477.2654153093021
407			479.90253158212136
408			483.7386751697272
409			488.82249753429045
410			494.99640114372414
411			501.53478817065366
412			507.6238357901222
413			512.6447849285131
414			516.1024619670427
415			517.9755199233139
416			518.4837077349747
417			518.0422980390745
418			517.1942831376207
419			516.3983475901985
420			516.0195205936586
421			515.9732359738523
422			515.5764991108854
423			514.272689706543
424			511.82580068602005
425			507.87083394124704
426			501.59112637714026
427			492.80803707611904
428			484.20756486358914
429			478.936806125194
430			478.6252678625165
431			484.1647480675251
432			494.82559752144476
433			508.93828506512455
434			523.5714852796827
435			534.9872739811215
436			542.364095854632
437			547.9004482028215
438			553.4240774174634
439			560.0253889129951
440			568.201810448137
441			577.3658283367151
442			586.7274056444261
443			595.2895035287422
444			602.4036547128294
445			609.0421388260569
446			616.4171501583113
447			624.6002915197004
448			633.1351667788829
449			640.6908585827309
450			645.5784106953926
451			647.7195433507635
452			648.244534420059
453			648.2217777422047
454			648.6144721515786
455			649.8692056457671
456			651.697784068401
457			653.7754061225656
458			655.8177570110283
459			657.6425446823197
460			659.3425823710215
461			660.8926307829524
462			661.5909753518637
463			660.7367240309626
464			658.644602171731
465			655.9920674059977
466			653.394299129658
467			651.4186685030252
468			650.4249790231332
469			650.6114110324528
470			651.8574151650887
471			653.7373281249859
472			655.9114697465387
473			658.1723204436526
474			660.3634059471036
475			662.4054659653513
476			664.3303923570205
477			666.4339228910704
478			668.8246788609838
479			670.7796572413566
480			671.3728372434697
481			669.6047752423651
482			664.6234555694267
483			656.8604189149235
484			647.424681879266
485			638.4873686371726
486			632.7802048530004
487			631.2428834085266
488			633.2615154422422
489			637.7047841607837
490			642.907578719844
491			647.6858144256873
492			651.6609595644229
493			654.6278233211987
494			656.6028481524164
495			657.5500567758155
496			657.1889591458084
497			655.1932985873628
498			651.2368184254456
499			nan
500			nan
