Nom de l'instrument : SAM_877E
Fichier_calib_utilise: /Users/mdlemineahmedou/Documents/Stage/pipeline_LOG/data/calibration/ALL_2023/Cal_SAM_877E.dat
Date : 2023-10-10
Heure : 11:33:40

l_onde		data
280			2.958099835077441
281			3.0983933481058887
282			3.255337896857768
283			3.4207596159332083
284			3.579858489405929
285			3.712401343324328
286			3.8154628517635962
287			3.909374462893069
288			4.01035411977719
289			4.123030521727172
290			4.2482710648988355
291			4.379493117421684
292			4.510590446616681
293			4.645193250120646
294			4.788078972894132
295			4.928572469260552
296			5.051604038115085
297			5.18600395113287
298			5.393225827119911
299			5.741073047598137
300			6.303368031912548
301			7.143478312983294
302			8.306985244464581
303			9.848917787691407
304			11.852375070160617
305			14.391124456348457
306			17.48479173925291
307			21.147537801140924
308			25.44317995574749
309			30.445256965881747
310			36.12940997554019
311			42.407020276786184
312			49.06849933589943
313			55.80351044991265
314			62.49634094653481
315			69.28929390664021
316			76.2519223974932
317			83.27758178631825
318			90.20949984935568
319			96.80198227723515
320			102.95557757317479
321			109.33147364711016
322			116.73994840015833
323			125.45113491345974
324			135.47354808977613
325			146.58098364745805
326			158.35982675650058
327			169.70900806760392
328			178.86998159251166
329			185.26279988712557
330			190.07530031571102
331			194.01680923012972
332			196.44014171736424
333			196.9816876993737
334			196.82797081700832
335			197.33655537388495
336			199.07036613047475
337			202.27004170263356
338			206.64197090720128
339			211.613830772648
340			216.38914194773926
341			220.03735218305025
342			222.34550848657827
343			223.86919295684518
344			225.18668231605744
345			226.8531065449928
346			229.37133578827107
347			233.12757002191506
348			238.30852266828185
349			244.45513369727848
350			251.02532139378945
351			257.8000147042522
352			264.5111118305027
353			269.5338905060445
354			270.7361397217235
355			268.5805070179985
356			265.4442141728043
357			263.06263060614623
358			262.4257785195382
359			264.51073167658444
360			270.32981054027107
361			280.0998278967957
362			292.181274718791
363			304.9379820755073
364			317.6670300605041
365			329.7860003580471
366			340.26420136668486
367			347.9539034000716
368			351.9766437267432
369			351.68115323772
370			347.6946044598514
371			341.5893964107441
372			335.4484825656514
373			331.8509689567517
374			332.5442986974835
375			337.98093249485
376			347.2038256842191
377			356.3927404703631
378			361.6455258920746
379			360.0382641634301
380			350.0400037175805
381			336.0263665994556
382			323.79278377196533
383			316.06210722231805
384			314.056703743506
385			317.8933679373872
386			326.8954366928136
387			339.06865228553016
388			351.18437298829656
389			360.4326135321662
390			364.6547576331048
391			363.32187966987976
392			359.0185899906398
393			355.1269993611937
394			356.28270865376413
395			366.55131159853744
396			386.57352512052046
397			415.74336594490893
398			451.34741565321235
399			489.7159217133514
400			526.0253024742015
401			554.9832263110446
402			574.619916258863
403			585.7628094931089
404			590.6088157720461
405			592.8488065116269
406			595.2079718495766
407			598.6574169621992
408			603.740101182592
409			610.3693788090703
410			618.2271497648351
411			626.5049488806857
412			634.3143804074793
413			640.9156857030879
414			645.6765954003649
415			648.431435450494
416			649.2745574630715
417			648.7747573560146
418			647.8107780325954
419			647.0287910918598
420			646.8336835663232
421			647.0753447598156
422			646.8717239777508
423			645.4979131417039
424			642.6260690987647
425			637.784549803556
426			629.98602702394
427			619.0483699825526
428			608.3677487562019
429			601.9090983086327
430			601.6990789929594
431			608.8299093411691
432			622.3920946638756
433			640.3112353130666
434			658.89013931144
435			673.3929122125826
436			682.8088662001128
437			689.9833661868324
438			697.1993361302481
439			705.6709567355944
440			715.9768353613094
441			727.5763340686198
442			739.6206155967714
443			750.7600689753966
444			760.0499074338517
445			768.6243018483
446			777.9613848958705
447			788.2987744646681
448			799.2529329160027
449			809.0582716649859
450			815.3642408663768
451			818.0932300634624
452			818.8676849834015
453			819.0750131581319
454			819.8041103176818
455			821.5670720753552
456			824.0673807070543
457			826.9282978549385
458			829.7377821999191
459			832.2375317451392
460			834.616251320583
461			836.8867344666867
462			838.0272770253154
463			837.0201700631626
464			834.4169296969696
465			831.2974154643493
466			828.3670854557832
467			826.1343092013401
468			825.044218941663
469			825.4749079373432
470			827.2933069666683
471			829.8744432421507
472			832.7896642565742
473			835.8993157168869
474			839.0381063215935
475			841.9570552232283
476			844.5907667533484
477			847.3678003222296
478			850.4936256444574
479			853.0791616026264
480			853.9536807985739
481			851.7748575547815
482			845.3894766617873
483			835.4785305136012
484			823.6499904821019
485			812.5702404610159
486			805.4496920908196
487			803.469864905712
488			806.0483878652449
489			811.8298487073023
490			818.6391020363831
491			824.9235281479764
492			830.1843898305426
493			834.1523398763626
494			836.8536315027739
495			838.2407554332209
496			837.9285148379691
497			835.4685062844701
498			830.412326340175
499			nan
500			nan
