Nom de l'instrument : SAM_877E
Fichier_calib_utilise: /Users/mdlemineahmedou/Documents/Stage/pipeline_LOG/data/calibration/ALL_2023/Cal_SAM_877E.dat
Date : 2023-10-10
Heure : 12:17:50

l_onde		data
280			2.781573646878963
281			2.920159694766376
282			3.0841936715687557
283			3.2585659079659277
284			3.421555731952
285			3.5462979807536423
286			3.6345354465978716
287			3.7261915248467723
288			3.8425097549742997
289			3.9615701445890137
290			4.068230854986015
291			4.18515410840861
292			4.332758692770003
293			4.482929954952763
294			4.59966627481319
295			4.706346619667224
296			4.853112613893859
297			5.06009676132986
298			5.327094250740409
299			5.707029821504407
300			6.311634698078656
301			7.229667404377835
302			8.506877277816983
303			10.193368025347839
304			12.360425333893147
305			15.069545678465913
306			18.33050705750599
307			22.15515003648463
308			26.6484436908659
309			31.93293355800434
310			37.940797885642034
311			44.48874859181271
312			51.33345224160593
313			58.18507753543952
314			64.95104487670851
315			71.79770207258402
316			78.80606750070282
317			85.85625483633723
318			92.78277545301968
319			99.35330284837002
320			105.48493845126497
321			111.85110130640729
322			119.26948558270668
323			127.99130455774558
324			137.99729662860116
325			149.07013672328412
326			160.8281705567854
327			172.16512773484715
328			181.28038520746867
329			187.57837936398113
330			192.27238635020652
331			196.08053350143697
332			198.32083474178415
333			198.6161624816693
334			198.23007354426483
335			198.59436489498694
336			200.23327621637958
337			203.31823508622472
338			207.5362269680828
339			212.32162873591307
340			216.90699049338932
341			220.40465987840676
342			222.58619563496967
343			223.93020007859957
344			225.0042304037114
345			226.460682571706
346			228.84825855760053
347			232.45779876992512
348			237.40588714383372
349			243.32289071755864
350			249.75844447248988
351			256.4062371809285
352			262.87559740709105
353			267.63541972839937
354			268.7403519905913
355			266.6028478070128
356			263.37930091335056
357			260.7642368057781
358			259.90476074963533
359			261.8401702050209
360			267.4800251954428
361			276.9742724561583
362			288.73369759412924
363			301.17065941707193
364			313.56641271520664
365			325.31486353467056
366			335.39501224621176
367			342.6855995329643
368			346.38183280923084
369			345.91933118113866
370			341.87242727045884
371			335.6645205372313
372			329.35673825834647
373			325.6395311906936
374			326.26686970684244
375			331.53081016573185
376			340.38878158240686
377			349.12997148691346
378			353.99620589846137
379			352.2357996922438
380			342.42596748889787
381			328.7047438832663
382			316.561384996978
383			308.7027127138955
384			306.46330486448073
385			310.01319532520483
386			318.6892603054052
387			330.5114781770442
388			342.2667544976409
389			351.15881271321825
390			355.04030040806623
391			353.4106414827701
392			348.9166883268437
393			344.9500907494021
394			345.9925604675629
395			355.9332633341682
396			375.265583955017
397			403.28514146186865
398			437.44725220176355
399			474.35035210273355
400			509.3654509966481
401			537.3431356692214
402			556.3084555515555
403			566.963301482748
404			571.4292884865241
405			573.3848011723443
406			575.5159315621355
407			578.7044228321575
408			583.4316384903045
409			589.6275500297908
410			596.9975570152878
411			604.7403427248194
412			611.9738572019756
413			617.9794238376024
414			622.1575991909589
415			624.4304099366582
416			624.9939481776375
417			624.3682673174176
418			623.2858801743505
419			622.3464497858489
420			622.0043546168033
421			622.1105660041371
422			621.7144272706023
423			620.0882803245078
424			617.0362441168463
425			612.1976207595432
426			604.5971131694636
427			594.0034005274954
428			583.5853039699285
429			577.080511943117
430			576.5530298319477
431			583.2140207030122
432			596.136530441516
433			613.1703725012027
434			630.7302815866868
435			644.3250890356503
436			653.0349455325628
437			659.6341016638255
438			666.3335770493399
439			674.2852407753411
440			684.0087861442051
441			694.9100841388885
442			706.139686766462
443			716.4984774629439
444			725.1709065579089
445			733.2169475629884
446			741.9929842703265
447			751.6509108389023
448			761.760954336433
449			770.7485045602406
450			776.5591437447836
451			779.0887280589956
452			779.695877539437
453			779.641078257856
454			780.0345355510705
455			781.4178565915197
456			783.5259457383859
457			786.0159275809859
458			788.5141798309393
459			790.7726236509081
460			792.908852081314
461			794.878106586971
462			795.7143531535143
463			794.4765315218799
464			791.7469808605979
465			788.6121133164578
466			785.7182838589571
467			783.483055273955
468			782.2865125567026
469			782.4642230374548
470			783.9294651384625
471			786.1874558085242
472			788.8453895934587
473			791.6694658414075
474			794.4567426111893
475			797.0410180331005
476			799.4024001850538
477			801.8861721008896
478			804.6322005242542
479			806.824010855021
480			807.3980619852551
481			805.1357757541783
482			798.982896175912
483			789.4933351512107
484			778.058069925601
485			767.2676170895065
486			760.3409883764841
487			758.3956123244088
488			760.7260859871941
489			765.9816303274739
490			772.1414828232231
491			777.7896206247462
492			782.5224508286783
493			786.1167471870658
494			788.5468096211938
495			789.7238646677845
496			789.2920417916548
497			786.8454766145624
498			781.9783047582641
499			nan
500			nan
