Nom de l'instrument : SAM_8172
Fichier_calib_utilise: /Users/mdlemineahmedou/Documents/Stage/pipeline_LOG/data/calibration/ALL_2023/Cal_SAM_8172.dat
Date : 2023-10-10
Heure : 10:17:22
InclX : -10.27
InclY : -4.5
Pressure : 0.112623285741479
Comment : 

l_onde		data
280			nan
281			nan
282			nan
283			nan
284			nan
285			nan
286			nan
287			nan
288			nan
289			nan
290			nan
291			nan
292			nan
293			nan
294			nan
295			nan
296			nan
297			nan
298			nan
299			nan
300			nan
301			nan
302			nan
303			nan
304			nan
305			nan
306			nan
307			nan
308			nan
309			nan
310			nan
311			nan
312			nan
313			nan
314			nan
315			nan
316			nan
317			20.784522514688607
318			20.965227893700796
319			21.978692373714495
320			23.650444145261485
321			25.806011398873544
322			28.270922325082424
323			30.870705114419923
324			33.43217892715921
325			35.84333107385714
326			38.07861884793812
327			40.119042392227406
328			41.956075147611855
329			43.61822017346178
330			45.14216032619938
331			46.56468057493025
332			47.92357107431039
333			49.25719341935305
334			50.6031969556565
335			51.96872318858578
336			53.31973295290745
337			54.61927567676933
338			55.84612213480568
339			57.03216284723742
340			58.22049619899098
341			59.44971480826392
342			60.71599321657212
343			61.99222965441165
344			63.25208044572729
345			64.50885232324289
346			65.82786541116117
347			67.27796003755454
348			68.89601374426955
349			70.61366192975413
350			72.34091072822696
351			73.98703985064269
352			75.45464189709617
353			76.64270543408932
354			77.45387425366715
355			77.93356055736655
356			78.31224149929474
357			78.83271573899286
358			79.71060781246135
359			81.07272535285189
360			83.02775935206175
361			85.66428703492215
362			88.88603355134435
363			92.4972303046098
364			96.29905783564134
365			100.01109836941028
366			103.24674889642166
367			105.61232658784823
368			106.87539881580456
369			107.33592649402395
370			107.40359292633477
371			107.46710866509468
372			107.71893273119979
373			108.24435344911365
374			109.12368790522328
375			110.2789597663568
376			111.42227313253501
377			112.25127197986274
378			112.52809740224153
379			112.23360924695544
380			111.39498598189962
381			110.07291960049695
382			108.65349948263824
383			107.70580765506276
384			107.79159346355193
385			109.06016450906027
386			111.09544103881639
387			113.44042869425148
388			115.70485228177618
389			117.73452912341101
390			119.42747340092454
391			120.72759192601977
392			122.04974234847964
393			124.08533695959277
394			127.52251702844828
395			132.7145441224014
396			139.53368065458818
397			147.81496153049704
398			157.28332284010915
399			167.25100713822675
400			176.93357855366284
401			185.58228782650698
402			192.84257663367623
403			198.6047223531012
404			202.7677737871256
405			205.52330905408328
406			207.50886528726545
407			209.39948267752177
408			211.7188010402915
409			214.38074667820774
410			217.14578254244805
411			219.78545234519876
412			222.20549965611792
413			224.40087665141286
414			226.36781339317233
415			228.07933445270305
416			229.47045099835765
417			230.4726529683299
418			231.05601224685665
419			231.35973928877976
420			231.5693804644698
421			231.84942840256656
422			232.07940501534173
423			231.93389175073722
424			231.0862006038977
425			229.5011714152126
426			227.66290635582368
427			226.10910109338968
428			225.31963458620228
429			225.49501591234772
430			226.75148492185673
431			229.1916687946482
432			232.7083555128985
433			237.02945373340847
434			241.87855535163894
435			246.9945216800125
436			252.14612700677858
437			257.10561864183956
438			261.7029996875184
439			266.0796047458283
440			270.48120563807055
441			275.1435711420687
442			280.12108782901885
443			285.3110181269552
444			290.6053978921144
445			295.89050680295304
446			301.0400834427733
447			305.9262152965621
448			310.4321037063493
449			314.50858509776606
450			318.13193947100126
451			321.2807973257359
452			323.98336150427775
453			326.3155728693919
454			328.35532428201856
455			330.185416463148
456			331.90067208061583
457			333.59772069071244
458			335.3532725209144
459			337.1055144186825
460			338.7337922222336
461			340.1195743417344
462			341.20620733258664
463			342.00379512226124
464			342.5258094679664
465			342.8263022432629
466			343.0722692078639
467			343.4501993211062
468			344.12999378334024
469			345.1480535832231
470			346.476393390738
471			348.0862175999105
472			349.9353897831005
473			351.9655308635206
474			354.11727159377205
475			356.30945047674476
476			358.39129360928433
477			360.19815692858117
478			361.5703518861135
479			362.39498128089565
480			362.5848852026895
481			362.05626796072954
482			360.8646879664315
483			359.2585259826673
484			357.5003084679637
485			355.8558110588241
486			354.6028299876111
487			354.0219406797871
488			354.3642851410736
489			355.5499521904429
490			357.2906078663234
491			359.29525929670564
492			361.31044225138686
493			363.1421139297081
494			364.6014922394891
495			365.49979508854966
496			365.64824038470925
497			364.85804603578765
498			nan
499			nan
500			nan
