Nom de l'instrument : SAM_877D
Fichier_calib_utilise: /Users/mdlemineahmedou/Documents/Stage/pipeline_LOG/data/calibration/ALL_2023/Cal_SAM_877d.dat
Date : 2023-10-10
Heure : 10:57:03

l_onde		data
280			0.20228449571924442
281			0.2199956559545814
282			0.23689632424221435
283			0.2418442170586138
284			0.23756012119738237
285			0.2475133880398384
286			0.2776443245053445
287			0.29069335527822543
288			0.26314404437944994
289			0.2388233407266304
290			0.2629151125199009
291			0.3110048324851508
292			0.34005119286858054
293			0.3444461479807993
294			0.33746639082753854
295			0.33399644086716146
296			0.34917762241760797
297			0.3760495750624792
298			0.38409086548398136
299			0.3664260961601601
300			0.3554658764008472
301			0.37366470039942645
302			0.4118933940331008
303			0.45615717428444774
304			0.4912744485845824
305			0.5059179917574076
306			0.5113658075438421
307			0.5246521498166243
308			0.5459306634876562
309			0.5678041589468623
310			0.5982744247259233
311			0.6561900805946637
312			0.7412351900933122
313			0.8323346791676545
314			0.9267999734938985
315			1.0524065040434385
316			1.2160336686785729
317			1.3700744344717681
318			1.481939428431733
319			1.5978396183046097
320			1.7693716804181043
321			1.9862400031920024
322			2.2208203409178666
323			2.4704495948270533
324			2.744565840843915
325			3.050984954541366
326			3.3953601355699257
327			3.760578782372016
328			4.106755751482344
329			4.41945988829619
330			4.7231327366037
331			5.025828326646679
332			5.293945013595739
333			5.5106227446613065
334			5.72893916027079
335			6.001551015477858
336			6.313401260250144
337			6.634631281982389
338			6.9740339379812895
339			7.3536658892752484
340			7.752330502814377
341			8.12332250022577
342			8.462193995375667
343			8.802992373690998
344			9.16266323503608
345			9.534222820751962
346			9.921782521081028
347			10.353057403726417
348			10.855814670291103
349			11.451007613471237
350			12.142925856956415
351			12.873544925431199
352			13.569294055481883
353			14.157134396240135
354			14.574036031406939
355			14.847265933417903
356			15.05371640306826
357			15.285172240195557
358			15.642722787419498
359			16.180963116467552
360			16.903761353559368
361			17.80582846882321
362			18.871612884177036
363			20.05987998401054
364			21.275236629694877
365			22.43289435278938
366			23.50434944987051
367			24.46079826868894
368			25.219984120825167
369			25.700196434412437
370			25.932182639859377
371			26.000020115104547
372			26.04698411001462
373			26.24938681683702
374			26.736049903748583
375			27.58890462187384
376			28.694981635358708
377			29.712266896259376
378			30.375150144283992
379			30.568165692121237
380			30.29260933120972
381			29.79248506474689
382			29.331050233941877
383			29.11736954412111
384			29.322721813680975
385			29.98752160071992
386			31.09119566345149
387			32.46395368205089
388			33.870548700727994
389			35.08985477143454
390			35.920314756951704
391			36.35244830495716
392			36.54822546119684
393			36.786716652074105
394			37.480984829273496
395			38.97418184530139
396			41.47742970063375
397			44.991745998392055
398			49.05093164114046
399			53.16092193368134
400			56.96182399258678
401			60.166540094141276
402			62.70506070824995
403			64.59604544699936
404			66.0185203897255
405			67.21109902289865
406			68.30633991935701
407			69.37288324378437
408			70.48693902267219
409			71.72936180058178
410			73.10908968890816
411			74.55286761336984
412			76.004761922456
413			77.44300444127582
414			78.8173899238582
415			80.00921023203516
416			80.9480928707374
417			81.73965997726714
418			82.51249553088837
419			83.3484755097214
420			84.29606131145887
421			85.27416403926763
422			86.15783199941096
423			86.8796082790184
424			87.39987628240627
425			87.63498703783577
426			87.4782222714692
427			87.04395998154412
428			86.66876611506594
429			86.69652098463807
430			87.46636914984464
431			89.16217175100404
432			91.67983999701678
433			94.7918326703027
434			98.03425471727601
435			101.0034819411354
436			103.64674020990283
437			106.02686052660536
438			108.3934885978136
439			111.02146212487479
440			113.94018138231282
441			117.0680952724268
442			120.29178480308
443			123.48487419035685
444			126.61717021925242
445			129.7370029828727
446			132.8989757580323
447			136.15967482767022
448			139.45183443473485
449			142.52666483485837
450			145.1904447006386
451			147.38777402430017
452			149.15393731033822
453			150.7265707816357
454			152.3253721292558
455			153.97353056710725
456			155.65168740358553
457			157.36070674359425
458			159.102274006694
459			160.83483651835508
460			162.49576354516554
461			164.00512036883953
462			165.27769672140707
463			166.31271847334727
464			167.17811935285863
465			167.94188649713885
466			168.67094518501617
467			169.4832017494955
468			170.56890109723864
469			172.00105530238838
470			173.61664762079795
471			175.29600248950294
472			177.10158802761433
473			179.08008954852374
474			181.11829245858536
475			183.09923827441432
476			185.0615676707179
477			187.06920583342492
478			189.03489010275467
479			190.80188080298706
480			192.149786027945
481			192.83310121895082
482			192.75025560053862
483			191.91781569358432
484			190.60716299609126
485			189.33343829560053
486			188.56649682568852
487			188.70130932932548
488			189.8148121931683
489			191.4570356433613
490			193.23552784718277
491			194.99956544850716
492			196.65294965118662
493			198.16479191009637
494			199.48414277148427
495			200.42855121813207
496			200.8240601604062
497			200.7295832984917
498			200.2843142602817
499			199.62752173609405
500			nan
