Nom de l'instrument : SAM_81D7
Fichier_calib_utilise: /Users/mdlemineahmedou/Documents/Stage/pipeline_LOG/data/calibration/ALL_2023/Cal_SAM_81D7.dat
Date : 2023-10-10
Heure : 10:56:17

l_onde		data
280			nan
281			nan
282			nan
283			nan
284			nan
285			nan
286			nan
287			nan
288			nan
289			nan
290			nan
291			nan
292			nan
293			nan
294			nan
295			nan
296			nan
297			nan
298			nan
299			nan
300			nan
301			nan
302			nan
303			nan
304			nan
305			nan
306			nan
307			nan
308			nan
309			nan
310			nan
311			nan
312			nan
313			nan
314			nan
315			nan
316			nan
317			nan
318			nan
319			0.01758569366312066
320			0.019086896538566194
321			0.019821714848224835
322			0.02002072682003585
323			0.019914510681938516
324			0.019733644661872093
325			0.019708706806338884
326			0.020003934022379884
327			0.020529250074264968
328			0.021133649157605693
329			0.021680603839995934
330			0.02218924876850232
331			0.022773448522067537
332			0.02354696103821883
333			0.02455220921925755
334			0.02572916893608491
335			0.027009888385837975
336			0.02831557623312829
337			0.029528378198312322
338			0.030521643577829567
339			0.031196086619934987
340			0.0317281964942329
341			0.03245414298823009
342			0.03370574500217093
343			0.035535302824442117
344			0.03761064308443124
345			0.03957164071193562
346			0.04116961572321534
347			0.04254086345773511
348			0.04390474704166218
349			0.04545779028634867
350			0.04717576930917202
351			0.048910765900028894
352			0.05051657810318124
353			0.05197536574521677
354			0.05344122473713239
355			0.05508027082835161
356			0.05700625195076327
357			0.05915629085882002
358			0.061430311449908896
359			0.06373976558501962
360			0.06610524147479103
361			0.06860748297278321
362			0.07132623162043322
363			0.07427492002850263
364			0.07737911789782943
365			0.08055834230883846
366			0.08371052764074294
367			0.08666128595467361
368			0.08922109777757896
369			0.09122884307745022
370			0.09279198353839349
371			0.09416589995404773
372			0.0956044007408943
373			0.09723350748730482
374			0.09900922604834679
375			0.1008757841237163
376			0.10276029109394383
377			0.10453191792286926
378			0.10604758987009988
379			0.10718506819726302
380			0.10802266424477282
381			0.10875069692065378
382			0.10956120080824247
383			0.11066738050558193
384			0.11231112348413977
385			0.1147363444806004
386			0.11804134189964159
387			0.12181876699065489
388			0.12555158831746746
389			0.12878163470568033
390			0.13163773063852138
391			0.13458582064965358
392			0.13809421858780188
393			0.14255531868236238
394			0.14825535446809285
395			0.1554726474213383
396			0.16435051370261003
397			0.17454410339785745
398			0.18559826554690667
399			0.19705004169069343
400			0.20835438574724977
401			0.21891713959179745
402			0.22814985437697277
403			0.23579203170714477
404			0.24206250579896013
405			0.247218132345338
406			0.2515537529855967
407			0.25550925972613553
408			0.2595591613141893
409			0.2641368522304553
410			0.26921210253675837
411			0.2744622360485716
412			0.27956306824770927
413			0.28437370983051863
414			0.28903669408646365
415			0.29371885485896704
416			0.2985286897514399
417			0.30333634067503545
418			0.307951081152284
419			0.31219673785550206
420			0.316076212454136
421			0.3197128175500796
422			0.3232307032247583
423			0.3266531127211099
424			0.32983631605967745
425			0.33262090966341895
426			0.33496254304057527
427			0.33732606433464246
428			0.3403171440103215
429			0.3445205646915679
430			0.3502355660239869
431			0.3575546490588985
432			0.36656344965393844
433			0.37714124604437793
434			0.38879786125275934
435			0.40100473783828255
436			0.4133453871014436
437			0.42594682248374993
438			0.43910059008505314
439			0.453085221938538
440			0.467977423411606
441			0.4836951082947852
442			0.500151803448265
443			0.5172486519507271
444			0.534862553259552
445			0.5528675943431051
446			0.571108155597082
447			0.5892689820504212
448			0.6069814281937018
449			0.6238892588862128
450			0.6398585237953085
451			0.6549469123399411
452			0.6692186993629737
453			0.6827951336878201
454			0.695920676698439
455			0.7088558725214958
456			0.7218067559214232
457			0.7346512346655095
458			0.7471450251807656
459			0.7590559428770426
460			0.7704112452498031
461			0.7814851710875576
462			0.792561476583888
463			0.8038324844529046
464			0.815269916173524
465			0.8268128895186678
466			0.8384508818678233
467			0.8505166867753579
468			0.8634863592398544
469			0.8778208448534612
470			0.8935829946000684
471			0.9104142338849119
472			0.9279357992356966
473			0.9458130419265227
474			0.9638311938055429
475			0.9817956568062213
476			0.9994832037221926
477			1.0164470729503086
478			1.0321354404000922
479			1.04600376800072
480			1.0577593439923072
481			1.067407859332845
482			1.074972402169797
483			1.0806762381241488
484			1.0853608885610901
485			1.0899868626277291
486			1.0954643289126127
487			1.1022479030436372
488			1.1105500519571994
489			1.1205688724980063
490			1.1320009460570783
491			1.143873508282348
492			1.155167229975123
493			1.165052047451637
494			1.1733677432679435
495			1.1801022186781405
496			1.1852433749363271
497			1.1887791132966006
498			1.1906973350130596
499			nan
500			nan
