Nom de l'instrument : SAM_877D
Fichier_calib_utilise: /Users/mdlemineahmedou/Documents/Stage/pipeline_LOG/data/calibration/ALL_2023/Cal_SAM_877d.dat
Date : 2023-10-10
Heure : 11:34:50

l_onde		data
280			0.0063808964001465735
281			0.0062199377807932105
282			0.005144447578580091
283			0.004064971673831146
284			0.0037083878985213112
285			0.004521742565880283
286			0.006108057012766394
287			0.0062271482601075545
288			0.0037466560878778787
289			0.0021965681762739038
290			0.004826523932931853
291			0.008075140172223213
292			0.007010280536529495
293			0.004174915697752101
294			0.005380621872346601
295			0.009663689752368546
296			0.011191447234543317
297			0.008639745709586479
298			0.005665277706419424
299			0.00438376335151463
300			0.004075858555008931
301			0.0040453854784692975
302			0.004240738732472077
303			0.004768869230129817
304			0.005972381691894809
305			0.00792689199083095
306			0.008954428431998973
307			0.007252513082339543
308			0.005105309644591807
309			0.00651497138879627
310			0.010185867939502992
311			0.011012054355537211
312			0.00824003103832538
313			0.005900125632529494
314			0.005968059417314432
315			0.006813169786835587
316			0.007065730045321466
317			0.0066903409835694
318			0.006049054193624139
319			0.006231469915428525
320			0.007953008056926938
321			0.009116699052552553
322			0.007311325468300976
323			0.005137128364192486
324			0.007177442228727439
325			0.011741796553759176
326			0.012881709743828943
327			0.009910698009382234
328			0.00756751131949358
329			0.007693003362138716
330			0.0075127129187922805
331			0.005979976634933626
332			0.006528503795623077
333			0.011096992026974166
334			0.015069109475392403
335			0.014015999716972358
336			0.010560220770382026
337			0.008843742379749425
338			0.008824313549331214
339			0.008819063024328768
340			0.009478075897550524
341			0.012756141707145337
342			0.01688250373472523
343			0.01677537233874051
344			0.01153199990450029
345			0.005824587313759857
346			0.0034425693270813875
347			0.00583852865139571
348			0.012475362325373343
349			0.018119578615320067
350			0.018342657633222258
351			0.015105365931528345
352			0.011553590383960371
353			0.008322580018084324
354			0.005421864129848679
355			0.005687955351535879
356			0.012889684415841778
357			0.022002718923301457
358			0.021667244863416635
359			0.01154693989755768
360			0.003308485735023874
361			0.0028171870137383166
362			0.006156501679495634
363			0.009834358890748318
364			0.01308616409999903
365			0.01536506999692857
366			0.015674200108112227
367			0.013273832833594375
368			0.009042764184779936
369			0.0046721228314477
370			0.004217698767227504
371			0.011759841742588166
372			0.020892469312873113
373			0.01964403513683297
374			0.009843487223298246
375			0.0048345959123568
376			0.008280172350200631
377			0.011945966910286172
378			0.011828563686664977
379			0.012133147649132288
380			0.015331672235168662
381			0.017950755928974684
382			0.016603352358063386
383			0.011137382893806254
384			0.0034783497576347825
385			0.0024749624840783744
386			0.01631653354019022
387			0.03243390079590383
388			0.031208165811031703
389			0.01815121851392349
390			0.013597639420006124
391			0.01908935087971089
392			0.01988741192836745
393			0.013953872700377993
394			0.015183890819937786
395			0.02764196369157439
396			0.037243086674363296
397			0.034610172697409354
398			0.02563024549429433
399			0.018404435381871927
400			0.021058000208531047
401			0.03776325234384564
402			0.05337078808783171
403			0.05084621386057291
404			0.0416408794117196
405			0.046959161768095295
406			0.060261877444245986
407			0.05966509205894412
408			0.04836701552356207
409			0.04998112937602351
410			0.06724270721146722
411			0.0784745957927352
412			0.07441144390098618
413			0.0673941197617411
414			0.06752001227798082
415			0.07586417273112847
416			0.08997166455058175
417			0.1002023200691364
418			0.0996523728317034
419			0.09939463773174534
420			0.11183047880662499
421			0.12686631106366253
422			0.12833202395276572
423			0.124189456352964
424			0.133790575378264
425			0.1540659829647962
426			0.16601845541255833
427			0.16631487348528798
428			0.16755753964099418
429			0.17684102308528163
430			0.19280631588305502
431			0.21217879670624518
432			0.22925842971737698
433			0.2422802715007368
434			0.26024647505972154
435			0.28894435896830245
436			0.31649192846001994
437			0.33174775239300847
438			0.3474664510983779
439			0.3805901615126377
440			0.42364923954449335
441			0.4601811437795381
442			0.49218544492252225
443			0.5321204825802818
444			0.58162313978978
445			0.6335917642656714
446			0.6855321952148357
447			0.7402323535284288
448			0.7992198870101235
449			0.8617638441596315
450			0.9250346879732927
451			0.9823984885500756
452			1.0320164507537917
453			1.0863211255417735
454			1.1545597783480648
455			1.224868437915578
456			1.2845896335165892
457			1.3431499073869653
458			1.4145439088709348
459			1.49283561451714
460			1.5644541834704198
461			1.630239970153329
462			1.699421998681352
463			1.7747164545070873
464			1.8534794503852081
465			1.9338993318610307
466			2.015304050605559
467			2.1005799687349365
468			2.197595535285003
469			2.3083435780453723
470			2.422791161305342
471			2.535796155552835
472			2.658466050902342
473			2.7991495447673063
474			2.9471277158226328
475			3.0903171180466122
476			3.2306935233626755
477			3.3739159330697515
478			3.5214799296219637
479			3.6723097069712294
480			3.817259948734438
481			3.9434277302627216
482			4.048240932303166
483			4.136780834745622
484			4.214019699065121
485			4.284831888018673
486			4.360903512862776
487			4.46242060246054
488			4.594113085430094
489			4.733785963564524
490			4.864714640782985
491			4.988186613146325
492			5.106872803907294
493			5.220262420106203
494			5.327039184730629
495			5.425028602525154
496			5.51179460305203
497			5.58466257289631
498			5.640875663304389
499			5.677676948631916
500			nan
