Nom de l'instrument : SAM_877D
Fichier_calib_utilise: /Users/mdlemineahmedou/Documents/Stage/pipeline_LOG/data/calibration/ALL_2023/Cal_SAM_877d.dat
Date : 2023-10-10
Heure : 12:18:07

l_onde		data
280			1.193156975038347
281			1.3324849182649225
282			1.4113061130275781
283			1.290870824497044
284			1.057857999413702
285			1.13631062147856
286			1.6586258895961459
287			2.039889867748121
288			1.8311694138273205
289			1.3853484343289575
290			1.1592553607355705
291			1.2483983804167877
292			1.608256395844451
293			2.0233235652436004
294			2.212538333587124
295			2.1792840468768615
296			2.132433796368292
297			2.130900331883438
298			2.0679651018489653
299			1.961359764821381
300			2.038767317480845
301			2.4466920260258913
302			3.097090018184562
303			3.8756679546133093
304			4.694584849741395
305			5.510375543403778
306			6.490748843099044
307			7.852067631856992
308			9.608847243081065
309			11.672562570377275
310			13.95577697387223
311			16.37378661559808
312			18.876571948928934
313			21.45238761621674
314			24.136523916330745
315			27.034880752578246
316			30.16681797540924
317			33.337298839743724
318			36.36876645877166
319			39.24922875925015
320			42.03673877440905
321			44.969778747546194
322			48.33379533357917
323			52.31236025746999
324			57.010533874183764
325			62.15109292992133
326			67.19424022224335
327			71.82262045229841
328			75.95298064418763
329			79.53352912122573
330			82.54304949359252
331			84.943602527094
332			86.65633205145495
333			87.71411121364488
334			88.52003607465606
335			89.49068058012627
336			90.75895079075364
337			92.38067531004081
338			94.46431423452172
339			97.09725621275167
340			99.85891316846198
341			102.03795452680245
342			103.58297766374609
343			105.03938414980728
344			106.57775816039252
345			107.85800015022933
346			108.99307732381283
347			111.0011882626455
348			114.45624006292175
349			118.46295917242554
350			122.12085206564528
351			125.4963178671812
352			128.78463196106767
353			131.49798788172112
354			132.9676761599365
355			133.19602830120436
356			132.57565381550478
357			131.9262123095541
358			132.3705428700286
359			134.46217321946958
360			138.12739336672678
361			143.12995385040253
362			149.03322587871477
363			155.4471232796832
364			162.12000316655153
365			168.7283741443598
366			174.6629629036403
367			179.30940776325642
368			182.29383933537576
369			183.37274159040882
370			182.72113632575278
371			180.7634148718256
372			178.6886832799136
373			178.0874383591646
374			179.4753685794311
375			182.44168553243082
376			186.36323595795133
377			190.39483321546922
378			193.35256009253476
379			193.51250573992786
380			190.12459155154653
381			184.86527404161197
382			179.63798302804562
383			175.92223053063603
384			174.89456558011233
385			176.67099234757958
386			180.96762534401503
387			186.98710397788986
388			193.6486501542756
389			199.26476038820277
390			201.87984706181442
391			201.61255596107713
392			200.4011314566678
393			200.16314575204663
394			202.71110302671113
395			209.44655288170094
396			221.08657951181124
397			237.4925219360417
398			256.656076299006
399			276.337075827225
400			294.4253781933512
401			309.2060405307897
402			320.75934354353984
403			329.65287873823775
404			336.0296970377383
405			339.95170202067214
406			342.58098322283837
407			345.67798439673345
408			349.8489973905393
409			354.7295438024298
410			359.9467194071048
411			365.15278970007483
412			370.04604176170375
413			374.395026194529
414			377.98191667365
415			380.6052631818142
416			382.2498043893265
417			383.46495640090944
418			384.7243154066202
419			385.6977241695546
420			385.9876374018847
421			386.1521701614533
422			386.9670355998307
423			387.81012020125576
424			387.3668487722235
425			385.16032846976475
426			381.35736372042925
427			376.61750151644344
428			372.0841062402558
429			369.12683559496514
430			369.3869484480181
431			373.73813432724677
432			381.5918281104918
433			391.85823294710445
434			402.56960708716537
435			411.9939888162977
436			419.74543791085483
437			425.9306053752055
438			431.6219079256827
439			438.0672073442701
440			445.57265345097255
441			453.98306392338515
442			462.6438892992268
443			470.6486318489653
444			477.85674041687014
445			484.7520982468081
446			491.79981321182765
447			499.41103300386726
448			507.2837808314167
449			514.0773023021217
450			518.9720052961829
451			522.3486152044987
452			524.7197106110214
453			526.5711099507749
454			528.3665902704274
455			530.5037096172352
456			533.243014273044
457			536.2052412389743
458			538.8793277804252
459			541.3356904020792
460			543.8503121742173
461			546.0940220210126
462			547.4064477186522
463			547.7378400350594
464			547.5322988408884
465			547.0642091657886
466			546.4128062876761
467			545.8421077284333
468			545.8936784007184
469			546.8778556307922
470			548.6190302883326
471			550.8669210908827
472			553.3204248111587
473			555.7719895381072
474			558.3756309327845
475			561.284097038177
476			564.2506319074964
477			566.9478386259116
478			569.3297373738338
479			571.3981457370041
480			572.4904848140704
481			571.6282870435978
482			568.5987233113287
483			563.7751010172695
484			557.9298982351249
485			552.2131578520818
486			547.8848034058495
487			546.3116094836241
488			547.8334059860812
489			551.0505830653495
490			554.785808128867
491			558.7320891931888
492			562.5969998471734
493			565.7773342007746
494			567.7621842251814
495			568.653508065586
496			568.6767293397255
497			567.8763561713345
498			566.2345278262567
499			563.7333252549156
500			nan
