Nom de l'instrument : SAM_877D
Fichier_calib_utilise: /Users/mdlemineahmedou/Documents/Stage/pipeline_LOG/data/calibration/ALL_2023/Cal_SAM_877d.dat
Date : 2023-10-10
Heure : 10:54:19

l_onde		data
280			1.8337548714360807
281			1.9803125615281136
282			2.1032824485882076
283			2.139165894227366
284			2.116111144061126
285			2.199488400608056
286			2.4509878932207423
287			2.674094365056296
288			2.7203509692359837
289			2.7268730782283503
290			2.849081714925658
291			3.0140821051411963
292			3.092138955824414
293			3.1122688998115855
294			3.176743273513928
295			3.2980971711273397
296			3.4229502892686856
297			3.5240331803241958
298			3.605124966672256
299			3.739884266952641
300			4.109804389543135
301			4.785382383735783
302			5.553728280393251
303			6.286371073584679
304			7.301175097369802
305			8.92518353799746
306			10.989714912146013
307			13.209921387698584
308			15.757949709927125
309			19.01138951339115
310			22.94590459266449
311			27.239888899099125
312			31.69521597987615
313			36.25607171233476
314			40.91117687716017
315			45.70791177622319
316			50.6493112465129
317			55.6239924104741
318			60.53927268692107
319			65.42337135896877
320			70.33304319972208
321			75.33725103996774
322			80.55196733364316
323			86.44543959671397
324			93.59158973971404
325			101.67334448145714
326			109.74931709948778
327			117.13445931715152
328			123.42519460020692
329			128.49598601222164
330			132.61060399775448
331			135.8638879503401
332			137.9232535190798
333			138.7156209010304
334			139.16312340887652
335			140.17812285705975
336			141.6914046681263
337			143.42067722188776
338			145.6547134109392
339			148.84700020478465
340			152.4533374005398
341			155.33339340669417
342			157.1619127911155
343			158.36659486884747
344			159.39066497717522
345			160.66048799628422
346			162.47960796768385
347			164.92524927798215
348			168.07022733081132
349			172.04211172820678
350			176.8376125355164
351			181.89129377057424
352			186.4775824925765
353			189.75622420316105
354			190.95615573724453
355			190.33528739299794
356			188.7221134399394
357			187.18985499083254
358			186.9777277661676
359			188.86107505487954
360			193.10139381404235
361			199.53821899740845
362			207.40545490454286
363			215.9780785270636
364			224.73221326229032
365			233.14448537303073
366			240.60899430172705
367			246.49639816472515
368			250.1440722980275
369			251.00733978633727
370			249.4302205627978
371			246.19592014069457
372			242.74533852568177
373			240.87000679313812
374			241.54057156061842
375			244.99169693634647
376			250.40030861532247
377			255.71323099895315
378			258.89728076646776
379			258.07671795240344
380			252.62821486286072
381			244.85791856930476
382			237.31852377120316
383			231.95703420158497
384			230.29180399749802
385			232.34696333487486
386			237.58770199455876
387			244.78874239385365
388			252.40528418924794
389			258.7700870210547
390			262.22195249195426
391			262.6061371660767
392			261.11213066851127
393			259.7653830909727
394			261.54174875582277
395			268.82584214054816
396			282.90579202716333
397			303.7446763953772
398			328.41891849660954
399			353.702001996569
400			376.7542644548503
401			395.27234962938235
402			409.17228000432436
403			419.0879333103635
404			425.9498500258052
405			430.80321901295235
406			434.54486149496387
407			437.9753483817433
408			441.7912657602799
409			446.5818346173232
410			452.2921902991047
411			458.1385723720218
412			463.6169692562486
413			468.7247059020372
414			473.2110241229142
415			476.1886919111921
416			477.170871201171
417			477.1564889408957
418			477.2146346511504
419			477.4790836365958
420			477.8222618936374
421			478.0808955350042
422			478.0573029528193
423			477.3645325356056
424			475.51886180977897
425			472.1067131078163
426			466.8059959813058
427			460.19670477875263
428			453.7651502545666
429			449.2048292217841
430			448.4291136098
431			452.5132207088487
432			460.94545324344494
433			472.5028108087072
434			484.5803657082405
435			494.9094848778439
436			503.215038757609
437			509.8308577272164
438			515.9091548993572
439			522.7334014728333
440			530.66308443789
441			539.5920565224727
442			548.7866143137488
443			557.1941274890927
444			564.6919234247202
445			571.9105683860403
446			579.3210951813973
447			587.1859801847702
448			595.2179347707059
449			602.3400842916783
450			607.7222280707313
451			611.1500228683645
452			612.8082408845156
453			613.7699569216045
454			615.0339067533856
455			616.7528276690073
456			618.8553238167947
457			621.1411688051518
458			623.3938079874916
459			625.5896644472474
460			627.7558177446886
461			629.5297334167981
462			630.3423827291961
463			630.1236764229026
464			629.2083503689373
465			627.8466436847272
466			626.1893149532408
467			624.6103584461891
468			623.8089985243182
469			624.1676062067276
470			625.4110032920228
471			627.2322354465188
472			629.43552806602
473			631.8390594644359
474			634.2472649541429
475			636.5204998760624
476			638.8078924573279
477			641.2833204806701
478			643.6894975432045
479			645.5617517364522
480			646.1650351675354
481			644.6547614190221
482			640.7596337827075
483			634.6659056213957
484			627.2890494909045
485			620.2396524103278
486			615.0080923791423
487			612.8812665386542
488			614.1377094535814
489			617.3812807421618
490			621.3252735043556
491			625.2872280290321
492			628.8362344300779
493			632.0508349261121
494			634.9185939001716
495			636.6682294276374
496			636.5206543607915
497			634.7254303606481
498			631.8867357102063
499			628.6090802620647
500			nan
