Nom de l'instrument : SAM_80E0
Fichier_calib_utilise: /Users/mdlemineahmedou/Documents/Stage/pipeline_LOG/data/calibration/ALL_2023/Cal_SAM_80E0.dat
Date : 2023-10-10
Heure : 10:15:05
Comment : LIDAR_20231010

l_onde		data
280			nan
281			nan
282			nan
283			nan
284			nan
285			nan
286			nan
287			nan
288			nan
289			nan
290			nan
291			nan
292			nan
293			nan
294			nan
295			nan
296			nan
297			nan
298			nan
299			nan
300			nan
301			nan
302			nan
303			nan
304			nan
305			nan
306			nan
307			nan
308			nan
309			nan
310			nan
311			nan
312			nan
313			nan
314			nan
315			nan
316			nan
317			62.1414913907629
318			66.23935498185483
319			71.19592999091547
320			76.88960532287588
321			83.19876988266697
322			90.00181257521969
323			97.17712230546503
324			104.6020692190421
325			112.128463702061
326			119.58131491373315
327			126.78420664589483
328			133.4976667896157
329			139.32316253851465
330			143.837469169926
331			146.737328278066
332			148.52357057188433
333			150.02748191351003
334			152.0546342301273
335			154.80770510881558
336			157.8929977718416
337			160.8918078020856
338			163.50651057019138
339			165.7277622629311
340			167.58820032347393
341			169.1437345525263
342			170.59755880997048
343			172.21031473421257
344			174.23507874720485
345			176.76387539852135
346			179.7360726577261
347			183.08469014242667
348			186.66373759704598
349			190.1466116148879
350			193.18158490425435
351			195.47158008851255
352			197.0521777189812
353			198.08412768645996
354			198.7286512293386
355			199.15185166278903
356			199.5243329338615
357			200.0174098363638
358			200.91716498313545
359			202.76561239756924
360			206.1393750452051
361			211.47620615067092
362			218.38673547790992
363			226.17661571295815
364			234.14934614194485
365			241.575817471488
366			247.69726997932852
367			251.75605864246108
368			253.43838877375907
369			253.41050139073653
370			252.4696681508833
371			251.36581239799702
372			250.56844047674832
373			250.44421050336544
374			251.32889602848093
375			252.95966175662264
376			254.5296127469157
377			255.21342417679998
378			254.46544503789747
379			252.36007825300595
380			249.0550175775437
381			244.82430368236552
382			240.637565907636
383			237.7218149011533
384			237.24907058979397
385			239.28982745598103
386			242.90128795676964
387			247.10376514912704
388			251.1029949201586
389			254.52295487546235
390			257.0449236608891
391			258.55161336846334
392			260.15886617559585
393			263.44896969544294
394			269.95833617976945
395			280.2554434317733
396			293.9969483848485
397			310.80267570275294
398			329.95418252432574
399			349.94706438370525
400			369.16555427305104
401			386.127174862041
402			400.19627743569055
403			411.0686939845156
404			418.47883425438175
405			422.99269786545534
406			425.9873144252327
407			428.8718792881591
408			432.5706163938995
409			436.83331941082304
410			441.2354915049159
411			445.38598029661154
412			449.1163162742103
413			452.3492452281097
414			455.0070181601247
415			456.9935301005505
416			458.1939533869136
417			458.49294146680586
418			457.91377174168287
419			456.83350391756767
420			455.6848211511602
421			454.7949019217147
422			453.74122524976127
423			451.77665990008126
424			448.185461974423
425			443.114138399677
426			437.6376394400824
427			432.8765495908505
428			429.7477181559266
429			428.61425707344654
430			429.74609445904855
431			433.3359340274099
432			438.9857239232486
433			446.0245923647657
434			453.7847509773825
435			461.734192359839
436			469.4965927824627
437			476.70434883391334
438			483.17759802297644
439			489.2852956040718
440			495.4961492743694
441			502.2273187926683
442			509.46658132161497
443			516.9885402596867
444			524.5663714577908
445			531.9770930103065
446			539.0024515426333
447			545.4245029343152
448			551.0742963595928
449			555.9383523835589
450			560.0339595505443
451			563.3855691201863
452			566.0833309737947
453			568.25270029657
454			570.0195836570072
455			571.5145066916249
456			572.8741413278619
457			574.2355801551732
458			575.6796268109216
459			577.0915289884949
460			578.3140944998587
461			579.1955990116656
462			579.6401658602547
463			579.584594338641
464			578.969290703864
465			577.8954279381484
466			576.6970419274996
467			575.726405959179
468			575.2618387920271
469			575.2982454730032
470			575.7626497373359
471			576.5856728094485
472			577.7393209585482
473			579.2220950096936
474			581.0313255870864
475			583.0618686958497
476			585.0460021754075
477			586.7015718985176
478			587.7471801742447
479			587.9046470840249
480			586.8966481671761
481			584.4801531274438
482			580.8617479412542
483			576.5642739797472
484			572.1170711381612
485			568.0423376848413
486			564.849790427154
487			563.0478886363433
488			563.0025873904444
489			564.403368549059
490			566.7391910946637
491			569.5048983704434
492			572.2848320573144
493			574.732734922034
494			576.504164388387
495			577.254677880159
496			576.6398328211346
497			574.3151866350995
498			nan
499			nan
500			nan
