Nom de l'instrument : SAM_877D
Fichier_calib_utilise: /Users/mdlemineahmedou/Documents/Stage/pipeline_LOG/data/calibration/ALL_2023/Cal_SAM_877d.dat
Date : 2023-10-10
Heure : 12:20:16

l_onde		data
280			0.11390362138467103
281			0.11686277090836934
282			0.11943903468153196
283			0.126762709586479
284			0.1399877449196107
285			0.15427924349785438
286			0.16165245639260237
287			0.14816055797219735
288			0.11282767810935791
289			0.1019664557922572
290			0.1540234302080967
291			0.21162522314847337
292			0.19926243514520187
293			0.15626936561559585
294			0.17189384693594237
295			0.22701075129022177
296			0.2254244466263539
297			0.16429019329361727
298			0.14272165473523216
299			0.19195031427941964
300			0.2277332582891642
301			0.20023454883950273
302			0.16454217103676388
303			0.1699379521784612
304			0.19125533954104892
305			0.19410143718360473
306			0.1845371696738699
307			0.1807400807416651
308			0.18633386814167974
309			0.19711700229221163
310			0.20334480435961622
311			0.19202074090121873
312			0.17278160465523817
313			0.1793873371856184
314			0.2149369805977159
315			0.23251858000042275
316			0.21114289590366406
317			0.19989141119108644
318			0.23538498626514517
319			0.27670121123322716
320			0.27998148002670636
321			0.2747671326112617
322			0.3069644513047553
323			0.35857977269404867
324			0.38422768105555755
325			0.39045354687991923
326			0.41939235334495145
327			0.47660428433118546
328			0.5297909397846351
329			0.5658842691881356
330			0.602588118657288
331			0.6498127846721038
332			0.6955560856069994
333			0.7311458652416707
334			0.7673690299433588
335			0.815336840870312
336			0.869422241173859
337			0.9218747418595094
338			0.9856325641140306
339			1.0787917668588454
340			1.1740201159982548
341			1.2184560536954046
342			1.227893357960043
343			1.2796503749624195
344			1.3928902498981282
345			1.5085844849752001
346			1.5928709955635578
347			1.6683925912393975
348			1.7564885671623944
349			1.858320733984313
350			1.9721125951084868
351			2.097858878036759
352			2.2351594726329824
353			2.378573212798237
354			2.5187904815984203
355			2.628137958625947
356			2.6740138418451607
357			2.6976128628671057
358			2.793637525575685
359			2.9738284370352956
360			3.1597161085468266
361			3.33291847093462
362			3.5735110064481668
363			3.9082008311693692
364			4.229104342274467
365			4.457450280259731
366			4.663090980775587
367			4.919894331616085
368			5.183060148682141
369			5.382327710108343
370			5.511426015040702
371			5.59360569906272
372			5.676977789191678
373			5.8217278969988095
374			6.036876538689411
375			6.288554414323268
376			6.5691138608604085
377			6.902831896491597
378			7.247705038393058
379			7.448362618219259
380			7.434700099045941
381			7.363902156861254
382			7.378995118547285
383			7.462214078100012
384			7.582712714411816
385			7.815719024832845
386			8.24569963568342
387			8.78168486334969
388			9.264345034708391
389			9.647897016944759
390			9.957664018348899
391			10.207841284844694
392			10.403413488009765
393			10.599767386407144
394			10.913702610642655
395			11.457510603829013
396			12.329366145533976
397			13.539339518801077
398			14.892214441475158
399			16.208763134893605
400			17.46415585125247
401			18.64727653245963
402			19.654838691394158
403			20.385389025682663
404			20.95041647608255
405			21.537226404848614
406			22.156832919359918
407			22.72057201038922
408			23.26287418870925
409			23.918080167752354
410			24.701274096974544
411			25.4886289212785
412			26.223887499128043
413			26.96882602219686
414			27.75224664281074
415			28.508511634087785
416			29.18795912559387
417			29.82811170200385
418			30.47739501816862
419			31.159032783973906
420			31.88373670757291
421			32.62693567361996
422			33.35256526124259
423			34.04437862871165
424			34.693306186848574
425			35.24121376282292
426			35.59987276205522
427			35.82225269462337
428			36.102818271170065
429			36.60796978126663
430			37.45703986606906
431			38.71660199455398
432			40.361370099408056
433			42.297865103328775
434			44.28332620026425
435			46.11400973048206
436			47.81118396889568
437			49.450535170639164
438			51.127466221636425
439			52.93448594060094
440			54.89802349783456
441			57.009206960511925
442			59.19307528898206
443			61.34136663926663
444			63.44898523187725
445			65.5938300412767
446			67.82138122715936
447			70.13780926099084
448			72.48203360226724
449			74.69756238539662
450			76.67782726259831
451			78.43062764619185
452			79.99925993474722
453			81.4868819707298
454			82.99164092340435
455			84.55466928266037
456			86.18948912521475
457			87.83502371181164
458			89.41791261197228
459			90.95551223829477
460			92.49731145185059
461			93.99907810026984
462			95.36470538983808
463			96.5832127824899
464			97.71241779768386
465			98.78343618769496
466			99.79763143202351
467			100.81858583075027
468			102.00075643415495
469			103.42003894433662
470			104.98780965714413
471			106.62580644259037
472			108.3311597477063
473			110.09925712877157
474			111.87633050314234
475			113.61621083013107
476			115.36340861309691
477			117.17184701319466
478			118.97119850535502
479			120.63634765984601
480			122.01204173391979
481			122.934628750282
482			123.35716384945228
483			123.32485009065317
484			123.01196261792764
485			122.71600319835763
486			122.72983855850235
487			123.33094648270026
488			124.571744678312
489			126.12774473713847
490			127.7334120345696
491			129.33593749738552
492			130.8965230861494
493			132.33180314625668
494			133.5546433759412
495			134.4965067647075
496			135.10691619927033
497			135.40929542703591
498			135.45254479328216
499			135.28558846412585
500			nan
