Nom de l'instrument : SAM_81D7
Fichier_calib_utilise: /Users/mdlemineahmedou/Documents/Stage/pipeline_LOG/data/calibration/ALL_2023/Cal_SAM_81D7.dat
Date : 2023-10-10
Heure : 11:46:27

l_onde		data
280			nan
281			nan
282			nan
283			nan
284			nan
285			nan
286			nan
287			nan
288			nan
289			nan
290			nan
291			nan
292			nan
293			nan
294			nan
295			nan
296			nan
297			nan
298			nan
299			nan
300			nan
301			nan
302			nan
303			nan
304			nan
305			nan
306			nan
307			nan
308			nan
309			nan
310			nan
311			nan
312			nan
313			nan
314			nan
315			nan
316			nan
317			nan
318			nan
319			0.011944328387680886
320			0.012026466533964135
321			0.011196490991857962
322			0.009875826631892043
323			0.008485898324596071
324			0.007448130940499731
325			0.007183948805142456
326			0.007915504418348613
327			0.009101058603151456
328			0.010015855332328658
329			0.010012234377826272
330			0.009271419617609083
331			0.008479061795595447
332			0.008317783227371344
333			0.008969150314944791
334			0.009895143484806832
335			0.01050207000905552
336			0.010400212345163055
337			0.009934928128141994
338			0.009617103551995899
339			0.009903477581137403
340			0.010705111333278032
341			0.011617104723745228
342			0.01223652747152437
343			0.012419006478181756
344			0.012375810172646554
345			0.01234406914159338
346			0.012522418305666465
347			0.012976513358319359
348			0.013743316491333363
349			0.014836127923047046
350			0.016039548976291142
351			0.01701003124981055
352			0.017411033628387185
353			0.017256990462502227
354			0.01703245537180426
355			0.017254838878205014
356			0.018243981375010772
357			0.019653362489244257
358			0.02099612025417058
359			0.02184255538885716
360			0.022304133303691055
361			0.022790607834843685
362			0.02370646925277052
363			0.025115473623296535
364			0.02662988581152389
365			0.027830914838268352
366			0.028452151134472994
367			0.0287378059613932
368			0.029038924497571904
369			0.02967324089544328
370			0.030643457312819016
371			0.03177877469978548
372			0.03290821863898397
373			0.03392780578713951
374			0.034822681991783545
375			0.03558416908270535
376			0.03622195478772362
377			0.03680788778881577
378			0.03742695493608518
379			0.038153444799937375
380			0.03895867318113405
381			0.039756445409597475
382			0.04046294537556887
383			0.04112302986662575
384			0.04195589227231028
385			0.04319311886698966
386			0.044953878719038574
387			0.04696697643954792
388			0.048876540553574814
389			0.05036946709340821
390			0.05155915955623888
391			0.05280397081189848
392			0.05446215457821277
393			0.05675278588549363
394			0.05970032200548259
395			0.06331472295762725
396			0.0675729455011175
397			0.07233260982007356
398			0.07742437201865014
399			0.0826772526019854
400			0.0879030754752334
401			0.09290337602349201
402			0.09748164270387587
403			0.10154903453569881
404			0.10517408190816185
405			0.10843779821416624
406			0.11144483599455222
407			0.1143901145180176
408			0.11749009550080564
409			0.12093944350671407
410			0.12468702783218646
411			0.12852667437995632
412			0.1322522718225723
413			0.1358062952223787
414			0.13936097326624866
415			0.14310823363642713
416			0.14718696369046846
417			0.15151933364223175
418			0.1559721711072993
419			0.1604179716040044
420			0.16479897374092448
421			0.16910431173273907
422			0.17332379963668285
423			0.17743343642649548
424			0.18138636089078525
425			0.18513356595706182
426			0.18869683388018074
427			0.1924112442836551
428			0.19669852129400195
429			0.20196072136694027
430			0.20833105981897418
431			0.21574810582427062
432			0.22414572589872392
433			0.23342497658036424
434			0.2434281726112439
435			0.25399152640417566
436			0.2649863709766896
437			0.276454364484587
438			0.28848872706598383
439			0.3011845957152106
440			0.3146665787208226
441			0.3290824715615527
442			0.3445793250835464
443			0.36113346216011094
444			0.3783869729977115
445			0.395943173657129
446			0.41344907671191883
447			0.43078650838850696
448			0.44791582906020366
449			0.4647998523715555
450			0.4814442028717803
451			0.497891413935347
452			0.5141850811613212
453			0.5303417048493869
454			0.5463191887050768
455			0.5620677879121898
456			0.5775486236612994
457			0.5927882266438046
458			0.6078374854205948
459			0.6227471113158649
460			0.6375632116908273
461			0.6523275110683124
462			0.6670817109568454
463			0.6819145265994545
464			0.6970281031114891
465			0.7126413499487391
466			0.7289617505972441
467			0.7461188943636369
468			0.7642098663107819
469			0.7833280799992183
470			0.8034759400918475
471			0.8245595086321184
472			0.8464801807823064
473			0.8691163221400386
474			0.892283716113176
475			0.9157876165628502
476			0.939382510149558
477			0.9624264966483418
478			0.9840913716558732
479			1.003564558154357
480			1.020566384689292
481			1.0354486486462051
482			1.0485997631261417
483			1.0604410357095966
484			1.0714953698285568
485			1.0823052217701743
486			1.0934190832057733
487			1.1054400625452905
488			1.1190002996679553
489			1.1347112262666232
490			1.152317066117856
491			1.1704046271641209
492			1.1874801981940364
493			1.2023708768773436
494			1.2150391638271336
495			1.2256986238496304
496			1.2345628217510598
497			1.2418453223376458
498			1.2477596904156134
499			nan
500			nan
