Nom de l'instrument : SAM_81D7
Fichier_calib_utilise: /Users/mdlemineahmedou/Documents/Stage/pipeline_LOG/data/calibration/ALL_2023/Cal_SAM_81D7.dat
Date : 2023-10-10
Heure : 10:55:13

l_onde		data
280			nan
281			nan
282			nan
283			nan
284			nan
285			nan
286			nan
287			nan
288			nan
289			nan
290			nan
291			nan
292			nan
293			nan
294			nan
295			nan
296			nan
297			nan
298			nan
299			nan
300			nan
301			nan
302			nan
303			nan
304			nan
305			nan
306			nan
307			nan
308			nan
309			nan
310			nan
311			nan
312			nan
313			nan
314			nan
315			nan
316			nan
317			nan
318			nan
319			0.028591373374060758
320			0.0289723828787658
321			0.029828156265466265
322			0.0310599084236425
323			0.03256885424277489
324			0.03425620861234381
325			0.03602318644829875
326			0.03778068092151417
327			0.0394766859739167
328			0.0410680843290055
329			0.04251590533287572
330			0.04382576013245425
331			0.04503039063747173
332			0.04616368212001013
333			0.04729691429341767
334			0.048555070489278145
335			0.05006728772881628
336			0.05191418172519987
337			0.05400150962206508
338			0.05619565288022519
339			0.058369046593529
340			0.06045513236464321
341			0.06242267609975154
342			0.06424275287609549
343			0.06596973806886212
344			0.06777258536390648
345			0.06982857676604014
346			0.07226548279170725
347			0.07504004173115354
348			0.0780720875131534
349			0.08128059337478581
350			0.08457621375247841
351			0.0878649417046236
352			0.09105255338106996
353			0.09403792376966733
354			0.09671068399494093
355			0.09895983617114294
356			0.10078666955413351
357			0.10257119333205081
358			0.1047731785301233
359			0.10781093484660284
360			0.11171025357546978
361			0.11628057099202041
362			0.12132914619189436
363			0.1266666104718431
364			0.1321080634769917
365			0.13746890755938015
366			0.14253647144860312
367			0.14700401087420206
368			0.15054509927602328
369			0.15289839547708844
370			0.15441808956672012
371			0.1557973702753912
372			0.15772249684985504
373			0.16045035869011384
374			0.16366658421071656
375			0.16701723682518596
376			0.170159425840049
377			0.17278764633232863
378			0.1746042951325669
379			0.17536788548959145
380			0.17537706076440832
381			0.17523212792456092
382			0.17553319621639155
383			0.17673110633300265
384			0.1790744576805536
385			0.1827974418555619
386			0.18792420284718553
387			0.19374950234472296
388			0.1994098877399823
389			0.20413540804495564
390			0.20808857576016018
391			0.21196743058158043
392			0.2164759589432552
393			0.22229828135581342
394			0.23009073920971115
395			0.2405075944705375
396			0.2539058409882541
397			0.26956758005616893
398			0.2865320411670957
399			0.30384627033448275
400			0.3206394960488187
401			0.3360901155934958
402			0.34938662318186753
403			0.36020314342666293
404			0.368923598675923
405			0.3759882135677678
406			0.38187346007430367
407			0.38719422159604094
408			0.39259841387006467
409			0.39868147413655913
410			0.4054470666411237
411			0.41252557548294105
412			0.4195435907293519
413			0.42625026068712524
414			0.43258424092384457
415			0.4385004352933239
416			0.44399444791391524
417			0.4492281798700972
418			0.45440599915060004
419			0.4597077261529132
420			0.46501112597056926
421			0.46999086018525876
422			0.47432026562457646
423			0.4778492153821416
424			0.48071970179393164
425			0.48310113811639227
426			0.48522848898638493
427			0.4876268344545787
428			0.49090148794848487
429			0.4956438610217528
430			0.5022553288757001
431			0.5109996767468301
432			0.5221340207145823
433			0.5355855582091115
434			0.5506908122606733
435			0.5667249443153001
436			0.5830803485233557
437			0.5997179649567863
438			0.6167708477691762
439			0.6343753582413018
440			0.6527184232667115
441			0.6720267533490942
442			0.6925261937071726
443			0.7142010186222107
444			0.7365625810532321
445			0.7590673706198422
446			0.7812310964456619
447			0.8028876978099092
448			0.8239775470440411
449			0.8444349873970577
450			0.8640853527538864
451			0.882659996094353
452			0.8998884230039603
453			0.915727494762975
454			0.9306257545920122
455			0.9450959241859023
456			0.959574717749225
457			0.9740413113955806
458			0.9883044984506515
459			1.0021791822013548
460			1.0156151525615584
461			1.0286906075769895
462			1.0414888880692397
463			1.054106342373269
464			1.0666707020059145
465			1.079314336753759
466			1.092193644291415
467			1.1056288274375687
468			1.1200084428002914
469			1.135711359792799
470			1.152863213368904
471			1.1713215628130276
472			1.1909309406982278
473			1.2114454233550287
474			1.23237327483647
475			1.2531814009134288
476			1.2733306946666116
477			1.2922351024965715
478			1.309286505586788
479			1.3238883367909968
480			1.3358165520372434
481			1.3452885301431445
482			1.352547305030935
483			1.3579748060539747
484			1.3623819463899507
485			1.3666622002509035
486			1.3716844592603492
487			1.3780951568231865
488			1.3864224789149149
489			1.3971738451073457
490			1.4100433612896959
491			1.4236396472565163
492			1.4364958073083296
493			1.4474400165643762
494			1.4563447612455618
495			1.4633134492254598
496			1.4684494883776429
497			1.4718562865756832
498			1.4736372516931537
499			nan
500			nan
