Nom de l'instrument : SAM_80E0
Fichier_calib_utilise: /Users/mdlemineahmedou/Documents/Stage/pipeline_LOG/data/calibration/ALL_2023/Cal_SAM_80E0.dat
Date : 2023-10-10
Heure : 10:13:41
Comment : LIDAR_20231010

l_onde		data
280			nan
281			nan
282			nan
283			nan
284			nan
285			nan
286			nan
287			nan
288			nan
289			nan
290			nan
291			nan
292			nan
293			nan
294			nan
295			nan
296			nan
297			nan
298			nan
299			nan
300			nan
301			nan
302			nan
303			nan
304			nan
305			nan
306			nan
307			nan
308			nan
309			nan
310			nan
311			nan
312			nan
313			nan
314			nan
315			nan
316			nan
317			63.21648810494591
318			67.13270413197789
319			72.0083217003151
320			77.69819681006938
321			84.05718546135253
322			90.94014365427637
323			98.20192738895273
324			105.6972089348202
325			113.27605092304175
326			120.78368245099054
327			128.06493244375673
328			134.8961944124594
329			140.8812311620628
330			145.59700702994695
331			148.73574077993783
332			150.762158260671
333			152.45846126015917
334			154.5833867865142
335			157.3444085549227
336			160.40369860116638
337			163.40052786706391
338			166.07469542506578
339			168.4053493923947
340			170.40649339192908
341			172.11434712098995
342			173.70572942409026
343			175.41229949108472
344			177.4602130487893
345			179.9578438827542
346			182.90192355993818
347			186.28432976363044
348			189.98904785459862
349			193.65342601313324
350			196.88050437428484
351			199.3334055380907
352			201.04097835109434
353			202.16968362955254
354			202.88677030556255
355			203.37024026640998
356			203.80800820801971
357			204.3888789379283
358			205.4115518292075
359			207.41979034525352
360			210.99049733202628
361			216.5600717866039
362			223.72805631846526
363			231.78542773301092
364			240.02099256523712
365			247.69073016510455
366			254.02077067939732
367			258.2384075638374
368			260.02608212095373
369			260.07121662254247
370			259.19559915885225
371			258.17138003425373
372			257.47673331882913
373			257.4820117487365
374			258.52559302343474
375			260.3261500218164
376			262.0391224077523
377			262.80093922178634
378			262.0517255540595
379			259.90491918931093
380			256.5644029076704
381			252.34397175804276
382			248.21453944599293
383			245.39016633341265
384			245.03036405371276
385			247.2023631799906
386			250.96860615861567
387			255.35491798210958
388			259.5626003294065
389			263.1887619697855
390			265.8847390654746
391			267.5136280188147
392			269.23487361883474
393			272.6982791295312
394			279.50593746027624
395			290.2530860987808
396			304.5864770359273
397			322.11452462795796
398			342.0875278902875
399			362.92370800877194
400			382.92338944038147
401			400.53355794551055
402			415.13298178125166
403			426.4651640681444
404			434.31071112072345
405			439.24768348816326
406			442.6318800228622
407			445.84992264576806
408			449.8162865541236
409			454.3020735670446
410			458.90870397775683
411			463.266669333924
412			467.2006065191622
413			470.6146781823121
414			473.41345162184535
415			475.5054215772002
416			476.8030886924056
417			477.2194289398104
418			476.7934234044459
419			475.885630921145
420			474.90717041176015
421			474.1629831113249
422			473.20352849857625
423			471.2525851229546
424			467.5671500834517
425			462.31499248201084
426			456.6445707667925
427			451.75253096002825
428			448.61090436076313
429			447.58123585984566
430			448.9223367046844
431			452.8142972456487
432			458.8350042832021
433			466.2842378396615
434			474.465371882452
435			482.8336380388171
436			491.0183848057011
437			498.65868979191356
438			505.5764765098768
439			512.1281767537032
440			518.7673738895757
441			525.8991826238598
442			533.5249847563806
443			541.4457225158745
444			549.4601585988107
445			557.3417540201854
446			564.8328317927918
447			571.6738233714791
448			577.6696468455166
449			582.8298570163414
450			587.2045065421139
451			590.8469368230208
452			593.8406546098107
453			596.2853769913097
454			598.2817018031506
455			599.9599988834876
456			601.4902537219056
457			603.0451896917124
458			604.7261656112174
459			606.3866095343353
460			607.8261431615259
461			608.8539957267993
462			609.3775260581139
463			609.361507704196
464			608.7744819953582
465			607.738155959967
466			606.5960898063132
467			605.7092188626193
468			605.3609743231328
469			605.5377706237616
470			606.1548827801356
471			607.1316431785824
472			608.434059666818
473			610.0580215539693
474			611.9983958914439
475			614.1535001116214
476			616.2684736199544
477			618.0748582999335
478			619.2949298385151
479			619.6115468416205
480			618.6970887237402
481			616.2624329330189
482			612.5231895569525
483			608.0499923549609
484			603.4206801771235
485			599.1974241144991
486			595.9150126287012
487			594.1054753179594
488			594.1505706035525
489			595.7187134996526
490			598.2668669355999
491			601.2586197322901
492			604.2583033909615
493			606.9083698738943
494			608.8533137892721
495			609.7376297452781
496			609.2058123500962
497			606.9023562119099
498			nan
499			nan
500			nan
