Nom de l'instrument : SAM_877E
Fichier_calib_utilise: /Users/mdlemineahmedou/Documents/Stage/pipeline_LOG/data/calibration/ALL_2023/Cal_SAM_877E.dat
Date : 2023-10-10
Heure : 10:54:16

l_onde		data
280			2.3564117053705727
281			2.4352119926669076
282			2.531350662159381
283			2.6643910128259134
284			2.819562724891371
285			2.952423411608419
286			3.045818148486991
287			3.120257216940114
288			3.1940536967677335
289			3.275789279441138
290			3.3679169000691545
291			3.4572665827934452
292			3.5339026402795373
293			3.61951816655389
294			3.739687436742647
295			3.8710431812596853
296			3.9714575823769738
297			4.069838806623916
298			4.2461757143794125
299			4.541959463496944
300			4.9553674525382325
301			5.5179540512855825
302			6.320179758857942
303			7.4501920560758785
304			8.976346494453644
305			10.954195975391755
306			13.400832688354663
307			16.33080721767719
308			19.802355444696957
309			23.882020971415308
310			28.54769707641481
311			33.72021047341359
312			39.231573420889106
313			44.84022083530479
314			50.45841683803843
315			56.20202313076787
316			62.121216770274394
317			68.11095425338543
318			74.02350383982476
319			79.6371985980962
320			84.86011446139115
321			90.27083899043434
322			96.57636557332056
323			103.9851737332397
324			112.46759590231943
325			121.81813475353647
326			131.68910407342574
327			141.17380168076977
328			148.83084676373946
329			154.18503373330583
330			158.21004277175132
331			161.48475220903308
332			163.47051850134167
333			163.87434686502328
334			163.7205484978657
335			164.1634984611143
336			165.6028168216935
337			168.1555618012742
338			171.62522956849998
339			175.6411240204904
340			179.5543620675302
341			182.5382955343098
342			184.38502551072816
343			185.55080421653335
344			186.51034863436095
345			187.7166624192322
346			189.5985600175865
347			192.53306670850006
348			196.71826684512735
349			201.74657971933553
350			207.12913408448506
351			212.6613715191322
352			218.10565963999045
353			222.11665778028876
354			222.93743142486855
355			220.96956717989272
356			218.2067562363638
357			216.09640916927123
358			215.45219320420352
359			217.05486546872703
360			221.68090075265226
361			229.49951751841624
362			239.26927059793823
363			249.71272266440232
364			260.1266482456253
365			269.9029758109052
366			278.27027885880716
367			284.411921246766
368			287.58805114611386
369			287.18102524939445
370			283.72328086116096
371			278.5922384197065
372			273.48096800345644
373			270.3816657597657
374			270.6870865070407
375			274.8598790715692
376			282.1780294816901
377			289.48429861434784
378			293.57228770811236
379			292.13476196374893
380			283.99078689810364
381			272.6258110762411
382			262.6474718637443
383			256.2397223387607
384			254.40429113047426
385			257.2875334331139
386			264.41730521445686
387			274.2028740021554
388			284.0032301218879
389			291.47295925621074
390			294.7385149222492
391			293.35835659274454
392			289.6408725866912
393			286.46698977010993
394			287.44446020002493
395			295.69433702381355
396			311.678649491829
397			334.90047121031444
398			363.2849593665321
399			394.0206520411215
400			423.2243707441327
401			446.55240900331177
402			462.33068394922054
403			471.1371214152551
404			474.7634570590691
405			476.3334919435965
406			478.10763567846925
407			480.7785665772033
408			484.71882780269937
409			489.8885725820722
410			496.0629799233144
411			502.5781371026935
412			508.69482411452805
413			513.787308550401
414			517.324763245606
415			519.2343302555064
416			519.6845102912887
417			519.1365999289142
418			518.2420666563977
419			517.4924299797716
420			517.2119108393388
421			517.2683363930066
422			516.9262287227729
423			515.6099109363286
424			513.1286232782403
425			509.1600583338595
426			502.9035014702614
427			494.173989135412
428			485.58010421064887
429			480.20396843396725
430			479.7890378369427
431			485.3829354691506
432			496.20101765282124
433			510.41666027426766
434			525.0622272848484
435			536.4533074513203
436			543.8190174676508
437			549.4023951588952
438			555.0248719944714
439			561.698015120497
440			569.8758838003644
441			579.010805738926
442			588.3649982171278
443			597.0005262587723
444			604.2939150349154
445			611.0939561775402
446			618.483264967183
447			626.6059774483384
448			635.1418917086279
449			642.7765295869815
450			647.7732334475257
451			650.0108919868231
452			650.5824289936174
453			650.5523449258451
454			650.9143169334495
455			652.1347497439264
456			653.9277488699689
457			655.981222234791
458			658.0470777637219
459			659.9590009721804
460			661.7605631697568
461			663.3742661291041
462			664.080448758401
463			663.1789957830464
464			661.0442294618327
465			658.4245963360038
466			655.9193594883338
467			654.0361483280406
468			653.0848079459126
469			653.2243054380823
470			654.3727223387368
471			656.2163447585551
472			658.4322010305174
473			660.6990892866696
474			662.8252304755521
475			664.8567217593285
476			666.8890157858729
477			669.0786515281275
478			671.4251909304995
479			673.3225849596339
480			673.9647410726498
481			672.2211552310009
482			667.073149614433
483			659.127336908329
484			649.7847009533264
485			641.0822175939437
486			635.3726932218715
487			633.6083009190663
488			635.5166645534651
489			640.0593014152059
490			645.3656228976847
491			650.1649815024516
492			654.2054761208738
493			657.3447586700328
494			659.4837780602476
495			660.4873050857935
496			660.0943501184249
497			658.0203843469999
498			653.9808789603762
499			nan
500			nan
