Nom de l'instrument : SAM_81D7
Fichier_calib_utilise: /Users/mdlemineahmedou/Documents/Stage/pipeline_LOG/data/calibration/ALL_2023/Cal_SAM_81D7.dat
Date : 2023-10-10
Heure : 11:31:04

l_onde		data
280			nan
281			nan
282			nan
283			nan
284			nan
285			nan
286			nan
287			nan
288			nan
289			nan
290			nan
291			nan
292			nan
293			nan
294			nan
295			nan
296			nan
297			nan
298			nan
299			nan
300			nan
301			nan
302			nan
303			nan
304			nan
305			nan
306			nan
307			nan
308			nan
309			nan
310			nan
311			nan
312			nan
313			nan
314			nan
315			nan
316			nan
317			nan
318			nan
319			0.11937397992834986
320			0.1268303334302486
321			0.13221646625073388
322			0.13662382723928462
323			0.1411438652453799
324			0.14686802911849864
325			0.15488776600846704
326			0.1656730570760269
327			0.17731154621589204
328			0.18732010547655548
329			0.19347288276200186
330			0.1963100893646213
331			0.19805525596477472
332			0.20093036835282363
333			0.2059070575255925
334			0.21216127110512092
335			0.2187300174553622
336			0.2248900202469331
337			0.23078187672056935
338			0.2367407162568218
339			0.24306565053250512
340			0.24969281673494287
341			0.25634818068967846
342			0.26275594201191593
343			0.2686758111216592
344			0.2739163430184014
345			0.2782896786601184
346			0.2819359131611545
347			0.28612802475660487
348			0.2923834387610557
349			0.3019662487477799
350			0.31369203360569364
351			0.32500436524255316
352			0.3333777993288269
353			0.3382087129812849
354			0.3414676954258125
355			0.34530531774176687
356			0.35122721106740945
357			0.3585637653930142
358			0.36618724528346747
359			0.37316305933788246
360			0.38038512946253816
361			0.38975524885441065
362			0.4031380238350994
363			0.4204578352133606
364			0.43906816033548035
365			0.4561456047656755
366			0.46955124845800256
367			0.4794398033848543
368			0.4864458634168718
369			0.49124128430792885
370			0.4948503182034121
371			0.4984912965821382
372			0.503365001156304
373			0.5098689110145548
374			0.5173317402826034
375			0.5250081807974487
376			0.5321693536426488
377			0.5381419860932267
378			0.5422645581957344
379			0.5439827979402644
380			0.5437747130942929
381			0.5426948414753342
382			0.5418091208917557
383			0.5424024385442598
384			0.5460563322402566
385			0.5543733586237451
386			0.5680156559033968
387			0.5843797951633042
388			0.6001539954907775
389			0.6123977767786718
390			0.6218735299904076
391			0.631470258213097
392			0.6440850980781399
393			0.6618219065856372
394			0.6856752738894463
395			0.7165571482663101
396			0.7548567598442198
397			0.7990732408301839
398			0.8472786561096098
399			0.8974799602409699
400			0.9469995413114904
401			0.9927502194777782
402			1.0316758360743377
403			1.0626011391141972
404			1.0871000111424585
405			1.1069643998474223
406			1.1239576101983537
407			1.1397335741646437
408			1.1559201214943184
409			1.17399523444561
410			1.1937471422730828
411			1.21389820732898
412			1.2331645650895269
413			1.2508869123003052
414			1.2673716816371645
415			1.2830081076366857
416			1.2980880456948922
417			1.3125054703629933
418			1.3260527502030204
419			1.338542330942021
420			1.3500337058134626
421			1.3607524840417904
422			1.3709228072922066
423			1.3804406112630616
424			1.388658740533051
425			1.3948790602990329
426			1.3989401848220109
427			1.4030562569310903
428			1.410098387922861
429			1.4228123412386628
430			1.4422304270117274
431			1.4681443823087057
432			1.500313469440034
433			1.5380583673563728
434			1.5799145312466973
435			1.6243358441614333
436			1.6699650957088321
437			1.7163612196194258
438			1.7633604909927845
439			1.8108374139326309
440			1.8592567923325491
441			1.9095478614539836
442			1.9626467959827483
443			2.0187921876779185
444			2.076856976272891
445			2.135555672969529
446			2.193677027222646
447			2.250408725478828
448			2.3050718798859644
449			2.357010551354794
450			2.405976895986481
451			2.45207490346723
452			2.4954210568197044
453			2.5363108926898357
454			2.575427171069794
455			2.6135031956091512
456			2.6511750524720594
457			2.6884936130952597
458			2.725291820575202
459			2.7614028468452374
460			2.796672446893009
461			2.83095835440658
462			2.8641192195559535
463			2.8961507988593596
464			2.927379644840452
465			2.9581811999381933
466			2.9890094537298637
467			3.0208538746201974
468			3.0549273794727623
469			3.0924116314463412
470			3.1336710374541608
471			3.178204851556206
472			3.2254704780900507
473			3.274756267077308
474			3.324891168223367
475			3.3746268364455054
476			3.4226889483634872
477			3.4676003437986695
478			3.507788528078619
479			3.5417124617016946
480			3.56885200675864
481			3.589896747266058
482			3.6056065893244997
483			3.6171497347791384
484			3.6269554224190346
485			3.637695586698073
486			3.6518913072033192
487			3.6706985141636945
488			3.6945474941194
489			3.7238266728346816
490			3.757471279294773
491			3.7924770387851794
492			3.825704751479806
493			3.8545918346113024
494			3.8786164615889827
495			3.8977080648274995
496			3.911796076741511
497			3.9208099297456713
498			3.9246790562546354
499			nan
500			nan
