Nom de l'instrument : SAM_877D
Fichier_calib_utilise: /Users/mdlemineahmedou/Documents/Stage/pipeline_LOG/data/calibration/ALL_2023/Cal_SAM_877d.dat
Date : 2023-10-10
Heure : 10:57:35

l_onde		data
280			0.18743517565251247
281			0.17759295952126683
282			0.16154808269714688
283			0.1590798930333371
284			0.17278787758071126
285			0.17951969310173374
286			0.16932734598503774
287			0.1666794207083927
288			0.18877822368268984
289			0.21180945064372433
290			0.21135527630037668
291			0.20657473258167336
292			0.22599213104025567
293			0.2553246255048633
294			0.2614222230110031
295			0.2478333029684179
296			0.24432911272717248
297			0.25209449018387325
298			0.24106527317371007
299			0.20452132006961976
300			0.1751674736996927
301			0.17826286348319786
302			0.2133554791502996
303			0.26789247988982623
304			0.2993111215724398
305			0.2736494881344443
306			0.2408654949650219
307			0.26855718950792956
308			0.3294931391245127
309			0.352884161152267
310			0.3380069337687049
311			0.33572546221556965
312			0.3678771116338029
313			0.423398906735942
314			0.485446983709731
315			0.5307401244713099
316			0.5522116111394694
317			0.5815877027686963
318			0.6420363070070294
319			0.7080314496318557
320			0.7543657409938485
321			0.8133551841719282
322			0.9276955709883722
323			1.069966450909365
324			1.1837424973951438
325			1.2835906859380355
326			1.4322051672836908
327			1.6306473055849005
328			1.816487679054756
329			1.962053642977906
330			2.0949880451255347
331			2.233709098770635
332			2.3674682695772575
333			2.487481155873084
334			2.6030535411962146
335			2.7272516968768503
336			2.8740506401203993
337			3.0537728848771915
338			3.2482945412079216
339			3.430075476745726
340			3.6073616796547228
341			3.8094794231045124
342			4.030395742696063
343			4.232553844380221
344			4.419228970701301
345			4.647876340944436
346			4.941209334335842
347			5.250633021417573
348			5.543278250786308
349			5.84984825406227
350			6.201467866590975
351			6.588209621457951
352			6.987343389426751
353			7.361107463270849
354			7.668520648603855
355			7.890375615208141
356			8.023581935955443
357			8.130333036963943
358			8.320820927385014
359			8.653548964590792
360			9.129283456563796
361			9.721102330012029
362			10.364269995935746
363			11.014889233541895
364			11.681502311599841
365			12.368955872827925
366			13.048444265354803
367			13.679701125144943
368			14.199995562861895
369			14.549994627886967
370			14.739683303013457
371			14.814728828467741
372			14.887347678098227
373			15.10452098524955
374			15.517326521377202
375			16.093419225710154
376			16.756839174925673
377			17.382962885544906
378			17.851071109725584
379			18.05196661320434
380			17.95413755186317
381			17.707389553597327
382			17.47965283334908
383			17.411162335002476
384			17.615620126648004
385			18.103796566305576
386			18.844421222376145
387			19.732576772213775
388			20.63303887377872
389			21.44004655781696
390			22.06906251896798
391			22.48279087724767
392			22.689725414804936
393			22.85571141823989
394			23.334112035512785
395			24.376865158303453
396			26.045795533278202
397			28.30498178307223
398			30.9303688455845
399			33.65785950329207
400			36.17994540051013
401			38.23868480927806
402			39.86283994359165
403			41.161615243532786
404			42.19504201392038
405			43.00777896549558
406			43.70810243455031
407			44.43809001673426
408			45.25909619111122
409			46.16453435778964
410			47.14313302083832
411			48.180601409672974
412			49.26002074903402
413			50.36042319499853
414			51.427015157475246
415			52.33206418609118
416			53.01405515519289
417			53.64412779133501
418			54.38928821750901
419			55.20394518534654
420			55.99665468959857
421			56.7528894687129
422			57.483852395884874
423			58.1637367961451
424			58.74328989251603
425			59.124020740749245
426			59.180928724947876
427			59.01084779769192
428			58.93163208323099
429			59.18268182542121
430			59.883390266604366
431			61.131477235750324
432			63.00001257259015
433			65.41216254936471
434			67.91354159858798
435			70.11446042985388
436			72.07217439945543
437			73.94265990288895
438			75.87350417575163
439			77.99422787403175
440			80.32284345694107
441			82.82393986699455
442			85.415641679166
443			87.9932214002876
444			90.53238163013991
445			93.07500477282099
446			95.67859268086868
447			98.41298058248549
448			101.21150514675637
449			103.80693942604975
450			106.02562427121883
451			107.91166053298213
452			109.55231233702978
453			111.08235503102615
454			112.61656142682116
455			114.16392641519293
456			115.7123035988547
457			117.26971823179292
458			118.84395894390741
459			120.39183774518452
460			121.8516832144593
461			123.20987512988049
462			124.47905546121054
463			125.62268763455535
464			126.56843788339869
465			127.36313012471452
466			128.18251649869742
467			129.15438474547554
468			130.32812431779894
469			131.72548124669385
470			133.32668003920762
471			135.0877362712545
472			136.91400391837843
473			138.7292627663329
474			140.55167027331316
475			142.41598767444407
476			144.33562023875223
477			146.30313179267822
478			148.213880884513
479			149.92154893004445
480			151.2675925534163
481			152.09265537783185
482			152.32072446975687
483			151.94750385943692
484			151.191030667242
485			150.48180956934624
486			150.17595811163102
487			150.5207056979568
488			151.55960847949063
489			153.00543001806614
490			154.60071831352207
491			156.22562493677313
492			157.78255418035565
493			159.184699330798
494			160.34970405062072
495			161.20512693219663
496			161.69584582228748
497			161.84879601607054
498			161.71920131053818
499			161.36231195267598
500			nan
