Nom de l'instrument : SAM_81D7
Fichier_calib_utilise: /Users/mdlemineahmedou/Documents/Stage/pipeline_LOG/data/calibration/ALL_2023/Cal_SAM_81D7.dat
Date : 2023-10-10
Heure : 12:20:41

l_onde		data
280			nan
281			nan
282			nan
283			nan
284			nan
285			nan
286			nan
287			nan
288			nan
289			nan
290			nan
291			nan
292			nan
293			nan
294			nan
295			nan
296			nan
297			nan
298			nan
299			nan
300			nan
301			nan
302			nan
303			nan
304			nan
305			nan
306			nan
307			nan
308			nan
309			nan
310			nan
311			nan
312			nan
313			nan
314			nan
315			nan
316			nan
317			nan
318			nan
319			0.00583203304311943
320			0.005760174960206442
321			0.00540083634762382
322			0.004885216798539274
323			0.004344515906120519
324			0.003909933263535265
325			0.0037126682988582243
326			0.003823555354904361
327			0.004082024329664381
328			0.004272064128755859
329			0.004203694136914605
330			0.00396679659321992
331			0.0038215674651580667
332			0.004025342331750514
333			0.004575750050203259
334			0.005097444506862446
335			0.005186225584637574
336			0.0046076937058441075
337			0.0037393676564030894
338			0.003096561604317017
339			0.0031367809790427584
340			0.00373495388875225
341			0.004428681515066023
342			0.004759026569555827
343			0.004603358702321857
344			0.004301632714211556
345			0.004227433171618823
346			0.004613063568138602
347			0.005202786799168206
348			0.005635559134278139
349			0.005595098342230662
350			0.005197753284507885
351			0.004802294435691037
352			0.00476401986311653
353			0.005182122323152987
354			0.00581275053237501
355			0.006388065269331491
356			0.006705576770295981
357			0.00678320467772598
358			0.0066852888450339935
359			0.006480580130913226
360			0.006279588808920489
361			0.006215842822318592
362			0.006418975182663622
363			0.006850464158123818
364			0.007248973911421993
365			0.007337853849977806
366			0.006981509622786842
367			0.006517017758672241
368			0.006380348679306833
369			0.006943816609963083
370			0.007977720741714125
371			0.008920805575045071
372			0.009219338747705186
373			0.008770140703325966
374			0.008069476028704841
375			0.007655100845693027
376			0.00788179712507369
377			0.008485055159187503
378			0.009069473456287381
379			0.0092817515365668
380			0.009173818352122356
381			0.009023924197162348
382			0.009108108041647092
383			0.00950210177597352
384			0.010010244819214417
385			0.010417574866906084
386			0.010580460078421018
387			0.010602960926398104
388			0.010642866175682877
389			0.010846433110065777
390			0.011244919026905185
391			0.011803535077012655
392			0.012486589398710151
393			0.013253013656249457
394			0.014054221427950974
395			0.014841067403437089
396			0.015596053306291654
397			0.01641611345295661
398			0.017424038185846605
399			0.01872244312744794
400			0.020201827981314948
401			0.02162578603414236
402			0.022759848899943074
403			0.023557352692783456
404			0.02424612871688004
405			0.025075781353842537
406			0.026219750689980212
407			0.02756064138326539
408			0.028911649272850913
409			0.030105130356377265
410			0.031189499875452883
411			0.03234945949732734
412			0.03376940791845274
413			0.03548836186543257
414			0.03732053931607623
415			0.039060884082133006
416			0.040570533045424385
417			0.04198108095472737
418			0.04349318881184595
419			0.045291151631563005
420			0.04735788265493724
421			0.049540885001342676
422			0.05168624608655937
423			0.05371938234211178
424			0.055696978026233024
425			0.05768803936748284
426			0.05976784176281439
427			0.06203940651431878
428			0.06461342824152147
429			0.06759424875322417
430			0.07099938169477576
431			0.0747834754554424
432			0.0789000503543785
433			0.0833278614411444
434			0.08809084311260748
435			0.09321762317426313
436			0.09873007658497177
437			0.10461732888068039
438			0.11085859146967271
439			0.1174368291999544
440			0.12439308978884603
441			0.13181411893104902
442			0.1397873413227704
443			0.14833106843640415
444			0.15732830938747155
445			0.16664637694036735
446			0.17616581427470362
447			0.18583826136773005
448			0.1956391367388739
449			0.20554384122777647
450			0.21552715831942315
451			0.22556333925508087
452			0.23562672298225798
453			0.24571106903425644
454			0.2558521361180327
455			0.2660911650269535
456			0.27645734405556427
457			0.2869073097369447
458			0.2973706810254624
459			0.3077812937857565
460			0.31816285403603134
461			0.328624621557604
462			0.33927914916891017
463			0.35020614410100376
464			0.36140606715147844
465			0.37286766691053475
466			0.3846013054940832
467			0.39676469074764364
468			0.40957701600319907
469			0.42324987444837775
470			0.43779551430944025
471			0.45301515592140246
472			0.46869997031601646
473			0.48470196477628014
474			0.5010384673751455
475			0.5177546216549475
476			0.5348434208945555
477			0.5518906726258953
478			0.5682908046738112
479			0.5834499371142833
480			0.5971825235373056
481			0.609786874163764
482			0.6215893309167125
483			0.632893044776035
484			0.6439295406111638
485			0.6549165583294186
486			0.666081885392259
487			0.6777442338191343
488			0.690270646481543
489			0.7040169552377847
490			0.7188570348571259
491			0.7340215178647048
492			0.7486962860841195
493			0.7622191327982774
494			0.7744654945044009
495			0.7854296932113166
496			0.7951060509278508
497			0.8034888896628297
498			0.8105725314250797
499			nan
500			nan
