Nom de l'instrument : SAM_80E0
Fichier_calib_utilise: /Users/mdlemineahmedou/Documents/Stage/pipeline_LOG/data/calibration/ALL_2023/Cal_SAM_80E0.dat
Date : 2023-10-10
Heure : 10:16:00
Comment : LIDAR_20231010

l_onde		data
280			nan
281			nan
282			nan
283			nan
284			nan
285			nan
286			nan
287			nan
288			nan
289			nan
290			nan
291			nan
292			nan
293			nan
294			nan
295			nan
296			nan
297			nan
298			nan
299			nan
300			nan
301			nan
302			nan
303			nan
304			nan
305			nan
306			nan
307			nan
308			nan
309			nan
310			nan
311			nan
312			nan
313			nan
314			nan
315			nan
316			nan
317			61.18088196858164
318			64.8697881613897
319			69.61428124820326
320			75.22411486475895
321			81.50904264679338
322			88.2788182300432
323			95.34319525024506
324			102.51477881739318
325			109.67771498045545
326			116.79116555432716
327			123.81749788753463
328			130.58295243760227
329			136.57038485648812
330			141.20934517755052
331			144.0732728182257
332			145.70004363502392
333			147.02388630824908
334			148.94990246386703
335			151.69874833520544
336			154.81403666864753
337			157.81103019593422
338			160.3541506442502
339			162.46295479456342
340			164.20871641667466
341			165.67816284303893
342			167.055822560671
343			168.56437115205495
344			170.4208422686986
345			172.7223852019376
346			175.45251420024655
347			178.58986707340023
348			182.01847272001592
349			185.40608816180125
350			188.39038628909807
351			190.66167089936164
352			192.23061387269954
353			193.22843212340308
354			193.78827974751772
355			194.07760773497054
356			194.29548429532812
357			194.64263237206623
358			195.419796028272
359			197.15076570399754
360			200.38949382347596
361			205.55358748221983
362			212.24856599190255
363			219.78051554315627
364			227.45452184736328
365			234.56536827972252
366			240.39847047568927
367			244.24098397871003
368			245.80103176556054
369			245.71624633864667
370			244.74853549711133
371			243.61570063222223
372			242.7743260912989
373			242.5851899392579
374			243.3785282634461
375			244.89243385663192
376			246.32681623385145
377			246.86342456093354
378			245.9751802425997
379			243.78055132476385
380			240.48472108009182
381			236.39151915424458
382			232.39453985545725
383			229.6056018632735
384			229.08695806743273
385			230.90844550433428
386			234.22697897594213
387			238.16612843581962
388			241.99212261824206
389			245.29297292879178
390			247.7007764799183
391			249.05262984436405
392			250.44059001369476
393			253.43141698635134
394			259.5464516458262
395			269.34822616286243
396			282.4960485325062
397			298.61276122906315
398			316.9911330895624
399			336.1570097718555
400			354.52757193766064
401			370.65833715741195
402			383.9837181646133
403			394.2821604562328
404			401.36562166760547
405			405.76558461635494
406			408.7152680569039
407			411.47570722615535
408			414.8836800176558
409			418.7485621901598
410			422.72725860772704
411			426.50063146939505
412			429.90953623688705
413			432.8603647732176
414			435.25957295907375
415			437.01042952000523
416			438.0129523524582
417			438.16731722598075
418			437.5037238843905
419			436.3842063612089
420			435.22297136226996
421			434.33137780113555
422			433.2899645361421
423			431.36283470959035
424			427.844733214201
425			422.8721244878661
426			417.4878088986294
427			412.77913936421464
428			409.6377582552964
429			408.4233809734755
430			409.40620938681076
431			412.7788674285838
432			418.1405189792291
433			424.8162590212446
434			432.13513400729147
435			439.5880633778625
436			446.85156681228
437			453.61250702753154
438			459.7209247861818
439			465.5038746368745
440			471.3751125710644
441			477.7032121636327
442			484.4803877413146
443			491.5120041443362
444			498.60187885667466
445			505.5469717136613
446			512.1358030530844
447			518.1563918327575
448			523.4444169892453
449			527.9867978121132
450			531.800384242576
451			534.9083599588591
452			537.3920036176769
453			539.3638131131924
454			540.9369030056631
455			542.2374030358111
456			543.4087613915208
457			544.5956206514114
458			545.8838767371043
459			547.1553312046708
460			548.2474927060824
461			549.0040231576473
462			549.3314327944165
463			549.1730038233418
464			548.4755730077264
465			547.3415084891124
466			546.0984581634427
467			545.0917134173745
468			544.5907200927128
469			544.5742634340681
470			544.9515116499688
471			545.636846855945
472			546.6046312711638
473			547.8676261600067
474			549.4376845732955
475			551.2285128746925
476			552.9981056183259
477			554.4906349139941
478			555.4448637209672
479			555.5765452421488
480			554.5953154430571
481			552.2452761528727
482			548.7223972915675
483			544.5404880791913
484			540.2198429091499
485			536.2696796416061
486			533.1798576180657
487			531.4382857644109
488			531.392092307921
489			532.7201137566419
490			534.90308893397
491			537.4299466425517
492			539.9139894085549
493			542.0649648059676
494			543.5951421947366
495			544.2167909348092
496			543.6421803861328
497			541.583579908655
498			nan
499			nan
500			nan
