Nom de l'instrument : SAM_877D
Fichier_calib_utilise: /Users/mdlemineahmedou/Documents/Stage/pipeline_LOG/data/calibration/ALL_2023/Cal_SAM_877d.dat
Date : 2023-10-10
Heure : 10:58:16

l_onde		data
280			0.10039763118673083
281			0.0848414642872833
282			0.07262343182698903
283			0.08095660826308743
284			0.10812542191278865
285			0.12405099381832352
286			0.11535409115021648
287			0.11140369810836721
288			0.13255628595111615
289			0.14826624590129842
290			0.12856536956622766
291			0.1046258473137455
292			0.1204191112927009
293			0.15698361579848277
294			0.16703092266365321
295			0.1488851117220568
296			0.13410707584153073
297			0.13517278416849576
298			0.1430560028198247
299			0.1491807859853729
300			0.14741563028328486
301			0.13981557478764547
302			0.1471724087149681
303			0.17898055053151712
304			0.19482952151090474
305			0.15785617506784727
306			0.11172498804922698
307			0.11784064448601472
308			0.15362377727183005
309			0.15808900724169966
310			0.1347572354429489
311			0.1339737461049314
312			0.16175277010392014
313			0.17529886533937492
314			0.16051223191789915
315			0.15220333281709586
316			0.17110897243826254
317			0.19551312641072008
318			0.20539217184326686
319			0.2073637738152168
320			0.2127731325254711
321			0.2274066336298076
322			0.2534573648435018
323			0.27866919221077213
324			0.2862058104707782
325			0.2924893068224229
326			0.3356904298776218
327			0.4070093579160554
328			0.44993017296160465
329			0.4523223813203887
330			0.47036952346692684
331			0.530925260927656
332			0.5864974948561406
333			0.6016408695039467
334			0.6093002141845871
335			0.6459448408484931
336			0.7005698439086365
337			0.7517405994190156
338			0.8047415982471978
339			0.8745956806861567
340			0.9529577691327857
341			1.0175333938997184
342			1.0657006083834875
343			1.1128698064516087
344			1.169613658736791
345			1.2393434204462674
346			1.3231734798745056
347			1.4188344916136302
348			1.5232589987211576
349			1.6322165484081304
350			1.742587768481985
351			1.856495651043501
352			1.9758587478447696
353			2.093466873286604
354			2.1998396881671534
355			2.295821642949277
356			2.387520390842103
357			2.4765828766253213
358			2.5618020183024366
359			2.658092101918746
360			2.7975891983540975
361			2.994990488038362
362			3.2369944796798658
363			3.505211824218365
364			3.7753067980628097
365			4.029848329247389
366			4.27579180767135
367			4.5166687500079865
368			4.71745021771214
369			4.841925270292479
370			4.924038596072013
371			5.0227562887397115
372			5.145753397580204
373			5.271919709079595
374			5.421243851456638
375			5.647167384650532
376			5.942653090747645
377			6.227728420630233
378			6.44337144100921
379			6.572665292293476
380			6.616321433199211
381			6.607332942356078
382			6.586393051571322
383			6.604556684272602
384			6.711725369352656
385			6.940999200203092
386			7.308872142280716
387			7.747970337103525
388			8.159357550606972
389			8.510925221540745
390			8.811348436544845
391			9.043689753378436
392			9.171229077619772
393			9.264410446605032
394			9.523301957771764
395			10.065708900018702
396			10.857732049309744
397			11.847450964291756
398			12.97475610365836
399			14.162691496804138
400			15.281350752884379
401			16.215338028541467
402			16.974661064741337
403			17.605038446620046
404			18.134422045245085
405			18.58336267864348
406			18.97566739607969
407			19.338953465178538
408			19.73171992095476
409			20.235122293800092
410			20.838822367370177
411			21.428147032524137
412			21.96161321019627
413			22.521530309361946
414			23.138290696001402
415			23.705457220023245
416			24.153823348396585
417			24.58371474916136
418			25.09551887809398
419			25.648151952128163
420			26.17449927437147
421			26.686748221841686
422			27.22036138761884
423			27.742757075519243
424			28.18706741031829
425			28.519296395675322
426			28.732021344487215
427			28.86629826877134
428			29.011544106163363
429			29.275227500763968
430			29.78604884404621
431			30.62644629319906
432			31.78999976348738
433			33.204414644709054
434			34.65322403468865
435			35.95968447126922
436			37.171701173572316
437			38.380290007675754
438			39.63921432102697
439			40.990960671635634
440			42.48171443798472
441			44.148957099247205
442			45.920760557890645
443			47.666300625566386
444			49.36640367933006
445			51.09249959187698
446			52.89525416531627
447			54.79838545592229
448			56.75207253132851
449			58.600954466068416
450			60.24225464429276
451			61.694436241836826
452			62.99861899804783
453			64.21863322640219
454			65.41712263687232
455			66.63779845880345
456			67.9090726657938
457			69.20226953947912
458			70.47381335157321
459			71.70867265368423
460			72.90377874880957
461			74.04645572740576
462			75.11906581213952
463			76.11890004288686
464			77.05600154089369
465			77.95523577262219
466			78.85739773475663
467			79.81857016598394
468			80.91531435990528
469			82.18311370614919
470			83.57545432714174
471			85.05229261165029
472			86.61455360694374
473			88.25403140312424
474			89.90671208723761
475			91.51850814387257
476			93.14464411547603
477			94.84993563572199
478			96.53749564212966
479			98.05097951461201
480			99.30855667015159
481			100.26695699496318
482			100.83973520669406
483			100.91992844655189
484			100.65575618813597
485			100.44066000125501
486			100.54620960686138
487			101.07410675270624
488			102.02739995546153
489			103.2616535053259
490			104.62660768202763
491			105.99064390355716
492			107.25017098915083
493			108.37819138752403
494			109.35662823755773
495			110.14540203912318
496			110.70432233113797
497			111.02366397995186
498			111.10420447574518
499			110.94673112874212
500			nan
