Nom de l'instrument : SAM_877D
Fichier_calib_utilise: /Users/mdlemineahmedou/Documents/Stage/pipeline_LOG/data/calibration/ALL_2023/Cal_SAM_877d.dat
Date : 2023-10-10
Heure : 12:18:49

l_onde		data
280			0.608431620045653
281			0.4984179517247153
282			0.36481024581321264
283			0.34609135654756323
284			0.4614488003666623
285			0.5511761167792827
286			0.5307645439266838
287			0.5176764600866862
288			0.6004345494962284
289			0.6738681331933002
290			0.6262395607365728
291			0.5318074676968713
292			0.5134835856927368
293			0.5846524057353604
294			0.7017142885264025
295			0.7918897987707265
296			0.76595481073313
297			0.6641415679607362
298			0.6649214563465868
299			0.7989248128296227
300			0.8520954677044491
301			0.7329705156573025
302			0.6892235653506437
303			0.8977103479145493
304			1.1089315094162868
305			1.0639035834996209
306			0.9732462831445992
307			1.1589190877818403
308			1.5211322422432916
309			1.764940974199099
310			1.8866497793827308
311			2.096064413037625
312			2.4550607761445353
313			2.8601626150508146
314			3.2425072468853924
315			3.6007951576534922
316			3.9638327817448604
317			4.416334329994087
318			4.994347726347347
319			5.537577231411617
320			5.9098935912663535
321			6.32807724112102
322			7.075380246209945
323			8.027756770041034
324			8.88671550128167
325			9.686615925937254
326			10.686823746689528
327			11.83786855699994
328			12.774389506233533
329			13.404565476153316
330			14.059147759010926
331			14.907250629867223
332			15.700381752628132
333			16.238027986020775
334			16.641526393642152
335			17.07637248192888
336			17.61592594461682
337			18.29773273113023
338			19.09826764402038
339			19.97038414878652
340			20.904661506097536
341			21.907957450472257
342			22.83251200827003
343			23.398339717837594
344			23.67847287167371
345			24.207870881638158
346			25.24047772047427
347			26.450420477145293
348			27.58444061973779
349			28.756653437069723
350			30.08419958130338
351			31.44935001060878
352			32.68683290061022
353			33.69977370823731
354			34.42970070254295
355			34.9376768484701
356			35.34854468818783
357			35.7787086835494
358			36.33889844527677
359			37.17363487371486
360			38.46224822731026
361			40.2735939832106
362			42.50477765895638
363			45.01176067015023
364			47.5923337513539
365			50.05036470539979
366			52.233323747646175
367			54.01004860959787
368			55.30895980590462
369			56.092048116474444
370			56.433872294845955
371			56.47055447241998
372			56.48499850393219
373			56.83996840514803
374			57.741751247759474
375			59.25480375986846
376			61.197529323585215
377			63.10092481734756
378			64.49020865845418
379			64.91002531503113
380			64.21777777432739
381			63.0068917029598
382			61.89579941337604
383			61.224477587135816
384			61.27133520149738
385			62.304225659237645
386			64.4961793248467
387			67.34528350052597
388			70.08156415509086
389			72.31464381793056
390			73.8987671092772
391			74.77540486549303
392			74.97466056804089
393			75.04773709360506
394			76.16931933632117
395			79.17049310687113
396			84.23937047105755
397			91.20010711211395
398			99.16162132370779
399			107.21777243273822
400			114.76112120915974
401			121.28815952210188
402			126.49490495818331
403			130.22647488678476
404			132.95660446173449
405			135.37929578131886
406			137.6303762132433
407			139.53565088601016
408			141.40449764411093
409			143.93053616521064
410			147.1220012458088
411			150.1963703373361
412			152.81665502530228
413			155.41316811920277
414			158.16248676093983
415			160.5414278692922
416			162.18000046505514
417			163.4610474735342
418			164.8257643808184
419			166.34115950881284
420			167.9523977898434
421			169.48189918794307
422			170.7329609952044
423			171.76950011434903
424			172.75924806477715
425			173.3591521079194
426			172.88879935608625
427			171.58728592848001
428			170.61392861160007
429			170.75011225963587
430			172.20846177016426
431			175.17709412908997
432			179.87316997392662
433			186.09517463265337
434			192.55982779470355
435			198.13978614503455
436			202.88251707049739
437			207.12887678745255
438			211.36969231442527
439			216.0809930784066
440			221.28839222660008
441			226.81676063727522
442			232.46277479442415
443			238.01140729947625
444			243.32447384120343
445			248.33740074998806
446			253.28472080559843
447			258.7131106374757
448			264.54213271684506
449			269.75088429036003
450			273.7454616137155
451			276.92940717083076
452			279.709495514027
453			282.18088575118077
454			284.44021164286295
455			286.78795927970236
456			289.49882176972216
457			292.4579024103455
458			295.4253519303002
459			298.18316948205165
460			300.5482800810846
461			302.60698926975925
462			304.5879538391049
463			306.37137364448324
464			307.5698812031732
465			308.25720608756296
466			309.0080706977292
467			310.11508016455537
468			311.43068152928265
469			312.94147736300204
470			314.9571032198386
471			317.6168196424319
472			320.5220688354942
473			323.30257472086856
474			325.99506431910174
475			328.71073562323664
476			331.4827294460605
477			334.29660132404047
478			336.97676066241064
479			339.28033040370605
480			340.961492060291
481			341.764136838458
482			341.3086967866383
483			339.1711853837654
484			335.94779787943895
485			333.2099453123105
486			331.8813056037756
487			332.00511457573475
488			333.485275513753
489			336.0867949848236
490			339.3959320581958
491			342.6291582846954
492			345.2230549423227
493			347.42598768075516
494			349.49515301609586
495			351.10527271269325
496			351.8553957210342
497			351.7476431760643
498			350.92309141417104
499			349.5229466960538
500			nan
