Nom de l'instrument : SAM_877D
Fichier_calib_utilise: /Users/mdlemineahmedou/Documents/Stage/pipeline_LOG/data/calibration/ALL_2023/Cal_SAM_877d.dat
Date : 2023-10-10
Heure : 11:32:37

l_onde		data
280			0.1871955471480909
281			0.1679784401797608
282			0.14098768781880255
283			0.1384269340642054
284			0.16669638190689098
285			0.19348207491271538
286			0.19846389333630796
287			0.1954214776169083
288			0.19842545098857092
289			0.20660593080919368
290			0.21437634330209557
291			0.208084000755289
292			0.17744203712164813
293			0.16308198505582802
294			0.22382162947946918
295			0.31470161774939215
296			0.3181251091341021
297			0.23253339492097
298			0.18267237986484133
299			0.21899458043676087
300			0.26435424127917334
301			0.26470644710967617
302			0.24687403605955577
303			0.24023009646465407
304			0.24183475491485978
305			0.24148670014872023
306			0.22866861218139006
307			0.1978969121247749
308			0.1880279705041921
309			0.2536862442329263
310			0.35085956281849295
311			0.3659906312254279
312			0.30125979387131446
313			0.2847459079622944
314			0.36000125368097824
315			0.42791632399976953
316			0.4315587779509058
317			0.4404281060784659
318			0.5123728652926327
319			0.6029430754691406
320			0.6567743635940468
321			0.6781139265414774
322			0.6934671966313181
323			0.7509249024658993
324			0.901663509079509
325			1.09709073177409
326			1.222167602339315
327			1.272592104934662
328			1.3574855803241133
329			1.5124488662495297
330			1.6575586260808417
331			1.7484107318715818
332			1.8362432174467287
333			1.9611541182547407
334			2.0890501871386293
335			2.182465367359767
336			2.257580408461365
337			2.3482772877066567
338			2.501142352161842
339			2.7578741706499503
340			3.039862311604556
341			3.199777713832415
342			3.249353773519697
343			3.3439747599024483
344			3.541825187208237
345			3.76833310708062
346			3.977977887065288
347			4.1957358394011175
348			4.441731755873141
349			4.702187620612853
350			4.963123009651992
351			5.232540517432295
352			5.520652205560616
353			5.81781118737339
354			6.104483604376734
355			6.338054478175433
356			6.47038380283314
357			6.555982505492205
358			6.724992143974929
359			7.024400417013962
360			7.409437702701981
361			7.853339701202148
362			8.363803869899936
363			8.936605560261748
364			9.535155878605
365			10.123382645660827
366			10.680387659505277
367			11.185568054848359
368			11.60566935226494
369			11.908832626728405
370			12.098631011270372
371			12.199000837945707
372			12.290614822293511
373			12.484707439864625
374			12.826521022338659
375			13.303685901568905
376			13.869684057717901
377			14.439295006438243
378			14.907625917067797
379			15.141020397005068
380			15.086964997465033
381			14.891490469873451
382			14.7195407854747
383			14.702542522690017
384			14.941453841688988
385			15.42086064268744
386			16.086950392681654
387			16.869981546807256
388			17.687890671830274
389			18.4000067003448
390			18.84061747866664
391			19.06085221891147
392			19.299075579778645
393			19.693037816818542
394			20.252130617231256
395			21.082422993080762
396			22.465133197516412
397			24.502494270981682
398			26.833394435638922
399			29.107335840904675
400			31.236188888028607
401			33.17401173880913
402			34.81042296828737
403			36.04054827211119
404			36.93846693306991
405			37.65438589406572
406			38.32301866932334
407			39.06435165772726
408			39.910848567214536
409			40.8233809217669
410			41.801483419912216
411			42.89000036753771
412			44.043234859893076
413			45.069806656820866
414			45.88878293616068
415			46.68784481229129
416			47.5982856901442
417			48.46982959546693
418			49.16576030889677
419			49.844085749405316
420			50.69609576773042
421			51.61643693693173
422			52.40557409611196
423			53.053106285712964
424			53.642239159935265
425			54.14054676103272
426			54.43502298615633
427			54.53522333674755
428			54.57754357035159
429			54.79266835239379
430			55.53032727532733
431			56.96950451404891
432			58.95626566746761
433			61.28734333735624
434			63.725721545487666
435			66.05644851845314
436			68.16304013313574
437			70.00831370295624
438			71.84530634164952
439			73.97398638285065
440			76.36942938814802
441			78.87268490960126
442			81.41864218304444
443			83.99790348793657
444			86.58383596259547
445			89.1381140012266
446			91.70176301913179
447			94.3997178958489
448			97.19639033039235
449			99.81502882111259
450			102.0707060620449
451			103.99922519970094
452			105.68026981246217
453			107.24203218746611
454			108.8001059727787
455			110.3916354709792
456			112.0299421384509
457			113.7003821738731
458			115.37737566317391
459			117.02229198855288
460			118.59295503372316
461			120.0722160898155
462			121.45631225216027
463			122.71139135548773
464			123.7823351894418
465			124.70300231272057
466			125.60385470239973
467			126.6042957259963
468			127.80055427976254
469			129.24606259925966
470			130.915372680676
471			132.7534527115599
472			134.65165235311972
473			136.52400016212925
474			138.39570850486285
475			140.3059358358975
476			142.241189771951
477			144.17139245663643
478			146.06309900298083
479			147.8643780377672
480			149.35920547790906
481			150.25503064094596
482			150.46861284095166
483			150.07971303310057
484			149.33936352233144
485			148.65996065700935
486			148.4019484976428
487			148.84774401579062
488			150.03948378592912
489			151.62355617644087
490			153.28713642343374
491			154.89357320419327
492			156.36775191112082
493			157.74763453277075
494			159.040116013382
495			160.03935070927804
496			160.53377136098447
497			160.58059108931388
498			160.32968242420458
499			159.93100453294184
500			nan
