Nom de l'instrument : SAM_877D
Fichier_calib_utilise: /Users/mdlemineahmedou/Documents/Stage/pipeline_LOG/data/calibration/ALL_2023/Cal_SAM_877d.dat
Date : 2023-10-10
Heure : 10:55:09

l_onde		data
280			0.5528144529899844
281			0.5984773945549678
282			0.6465702748633688
283			0.6701790085672719
284			0.670306080279267
285			0.6897632773845416
286			0.7419819060838178
287			0.7666833840659546
288			0.7252974529118462
289			0.688185709862641
290			0.7290787214290889
291			0.8153778156209524
292			0.8846865425578987
293			0.9204937911677376
294			0.9296441255319455
295			0.9238476323596062
296			0.917937605567003
297			0.9173686746179769
298			0.9175347769613252
299			0.9247685630005518
300			0.9634642580293881
301			1.0409436475174147
302			1.1206334789775279
303			1.1807135037015615
304			1.274481882006871
305			1.4574825215114262
306			1.705675521427428
307			1.975914911032568
308			2.294482426536648
309			2.7183807989517517
310			3.2365082375695393
311			3.7884621905663423
312			4.362685285182762
313			5.001509930668848
314			5.726236304387823
315			6.52082715938739
316			7.363622987063502
317			8.227534366752122
318			9.097012073362093
319			9.999237175310897
320			10.964992482039987
321			11.995100645742182
322			13.091489454954166
323			14.345960464022296
324			15.880183062571195
325			17.62729071845425
326			19.38917948671086
327			21.043704426226707
328			22.55005657841864
329			23.903340359677493
330			25.145841470190007
331			26.27978960487169
332			27.213778831235466
333			27.912198490833717
334			28.55412264597886
335			29.322367908001763
336			30.215864314980447
337			31.19293519440855
338			32.31388745349227
339			33.664413101154246
340			35.105783196261505
341			36.366613197345465
342			37.386446786761155
343			38.29879671694417
344			39.21935056035209
345			40.2312825176783
346			41.40339901099402
347			42.78178016787228
348			44.38569889447462
349			46.16857250076929
350			48.072702354227125
351			50.04004531420072
352			51.98279480391534
353			53.63488461047076
354			54.70145223614854
355			55.232212789692035
356			55.467675914379655
357			55.725445860492044
358			56.37531498592321
359			57.640360439515774
360			59.58218948051648
361			62.18916186626766
362			65.34961628587244
363			68.8814936822224
364			72.46752366773919
365			75.82459029588347
366			78.8344528823501
367			81.38840815885031
368			83.2698734936186
369			84.27360459739963
370			84.49257542596635
371			84.16702764900039
372			83.75672366321359
373			83.84050225186508
374			84.759039493194
375			86.63689610150908
376			89.21530164071629
377			91.78732834289015
378			93.62104098271394
379			93.98807875551199
380			92.63885779830841
381			90.45638921855227
382			88.40014088878046
383			87.13092007604116
384			87.16376966794874
385			88.60440860455569
386			91.36732705022739
387			94.89683548338475
388			98.43904191388023
389			101.37519071944259
390			103.20087991754987
391			103.93686137766024
392			104.0705431695432
393			104.36701845071859
394			105.90647236674721
395			109.5891315572767
396			115.97837062235955
397			125.0941456758108
398			135.7469358945688
399			146.63961205452304
400			156.70244825422512
401			165.0698204528445
402			171.63810443938036
403			176.5583465074805
404			180.14183757978546
405			182.77574219305708
406			184.91597088935225
407			187.05099292312158
408			189.51858250277854
409			192.5200154135925
410			195.95009563508754
411			199.360824473625
412			202.50123328374818
413			205.4591602523765
414			208.22449864943547
415			210.50891265751937
416			212.1402336902831
417			213.41517373032514
418			214.65475914214787
419			215.89435000552106
420			217.09948874714357
421			218.28758593159955
422			219.4722287149911
423			220.44748408942291
424			220.89308574449117
425			220.54129851294334
426			219.18590191345652
427			217.12788001597715
428			215.17610273247664
429			214.19281164181336
430			215.07871293324905
431			218.3224795556191
432			223.64194775110232
433			230.42356363370592
434			237.41872496992198
435			243.56038182099314
436			248.79465955607984
437			253.36252312873546
438			257.8464872395075
439			262.86408189714894
440			268.5042124312989
441			274.60661942884167
442			280.8343964190505
443			286.7676357777783
444			292.3532931148909
445			297.8370874287281
446			303.45842436818856
447			309.43259481058516
448			315.5706901810372
449			321.0942108370944
450			325.4766853770302
451			328.786101503224
452			331.2662939511527
453			333.44868069300287
454			335.79077445082106
455			338.28796917713856
456			340.84300877740907
457			343.44524031966876
458			346.0992906812732
459			348.71204904226437
460			351.1490844020666
461			353.3049011314773
462			355.09318503422764
463			356.45135509412313
464			357.3411702404182
465			357.86425417658427
466			358.273162151559
467			358.8468956349584
468			359.8903752961851
469			361.5586315338694
470			363.71466971734105
471			366.20392125394665
472			368.9121992565461
473			371.72314608862985
474			374.48967663270236
475			377.1236019907393
476			379.85855462720826
477			382.93825358140333
478			386.0071095940356
479			388.4840655481963
480			390.01519317366376
481			390.3746762775074
482			389.3527587431671
483			386.7842659336357
484			383.24186033730234
485			380.0057473626986
486			378.03621680667595
487			377.8410626861517
488			379.4250356974325
489			381.9963004990376
490			384.9021336753284
491			387.97185246026976
492			391.0496324224179
493			393.8279218762838
494			395.99830118532105
495			397.3644075780314
496			397.79708195637534
497			397.38162723939246
498			396.27728002469587
499			394.64334603852575
500			nan
