Nom de l'instrument : SAM_80E0
Fichier_calib_utilise: /Users/mdlemineahmedou/Documents/Stage/pipeline_LOG/data/calibration/ALL_2023/Cal_SAM_80E0.dat
Date : 2023-10-10
Heure : 12:01:50
Comment : LIDAR_20231010

l_onde		data
280			nan
281			nan
282			nan
283			nan
284			nan
285			nan
286			nan
287			nan
288			nan
289			nan
290			nan
291			nan
292			nan
293			nan
294			nan
295			nan
296			nan
297			nan
298			nan
299			nan
300			nan
301			nan
302			nan
303			nan
304			nan
305			nan
306			nan
307			nan
308			nan
309			nan
310			nan
311			nan
312			nan
313			nan
314			nan
315			nan
316			nan
317			77.3478300024542
318			82.29424195988392
319			88.22986555386532
320			95.0038199264815
321			102.4652242198155
322			110.46319757595039
323			118.84685913696924
324			127.46442637580736
325			136.14149469287088
326			144.6799386355552
327			152.88031806647473
328			160.46619512543575
329			166.96690252497342
330			171.88162161506074
331			174.8520952927399
332			176.4756029019257
333			177.74211899547683
334			179.61112840283766
335			182.32718752476916
336			185.42765589654414
337			188.4202558717285
338			190.9613856204456
339			193.06142795821197
340			194.78231515970842
341			196.20451999821978
342			197.52585273160645
343			198.9898908098074
344			200.83419280375088
345			203.16818162412557
346			205.97982396145568
347			209.25182823272075
348			212.85481720555134
349			216.40319070342966
350			219.47570709325672
351			221.7137693435025
352			223.14010257712624
353			223.92091216570435
354			224.22386752665943
355			224.24066579954797
356			224.18515451954988
357			224.27255464003903
358			224.8334533835747
359			226.45570392280536
360			229.76194883885358
361			235.22242418304432
362			242.39961594157435
363			250.521304369886
364			258.813255160093
365			266.47224573781847
366			272.6686949891005
367			276.57451143448804
368			277.85706165786195
369			277.27769945673595
370			275.7440445698018
371			274.10185581694066
372			272.83052515375783
373			272.2750725717196
374			272.74903355898783
375			273.9565799674628
376			275.04804926115816
377			275.1551291282411
378			273.7171207154017
379			270.85532299882914
380			266.78264661009996
381			261.82333484012236
382			256.96724154683034
383			253.45050941613144
384			252.45378195138488
385			254.04642490346828
386			257.2755408606347
387			261.1509913522468
388			264.86411679925124
389			268.01560335110923
390			270.2622194059672
391			271.4684957351644
392			272.77083745793044
393			275.7867505858061
394			282.0873398731749
395			292.264318237524
396			305.9867845516385
397			322.88646463182226
398			342.22590386011797
399			362.40986014220306
400			381.7215518667177
401			398.5937224849056
402			412.4090922510202
403			422.92223822146724
404			429.9249356965325
405			434.0081405222617
406			436.5422304784366
407			438.928451330689
408			442.0879592133524
409			445.77930195282846
410			449.5884913033347
411			453.1328064950977
412			456.2383390284556
413			458.8167140349688
414			460.7800197330557
415			462.0452328495283
416			462.5343162837175
417			462.169735658053
418			460.9928008039094
419			459.34812395425337
420			457.62800408601015
421			456.12530253617064
422			454.4262925866677
423			451.8113039488578
424			447.59144799950616
425			441.9221361546088
426			435.8678943514694
427			430.53793078181354
428			426.84071083083785
429			425.1390956010331
430			425.7041310208156
431			428.7281884329575
432			433.8017899058419
433			440.237514339539
434			447.35179245847075
435			454.6205780544066
436			461.70273078744617
437			468.2673095861264
438			474.1514838281849
439			479.6838554340685
440			485.28234850261924
441			491.32034322753367
442			497.80017920925195
443			504.5399870918373
444			511.3558259252657
445			518.0381345545933
446			524.3458218256508
447			530.0358785301505
448			534.9234262727849
449			539.0080543165565
450			542.3258583006565
451			544.91963276736
452			546.8936166526576
453			548.3850680478477
454			549.5313427981348
455			550.4607980521278
456			551.289816982971
457			552.133948554742
458			553.0569844808573
459			553.9429043156073
460			554.6366644746541
461			554.988585828133
462			554.9037808049592
463			554.3194198699708
464			553.1764267709642
465			551.58424641391
466			549.896418533456
467			548.4855999101935
468			547.6399972155593
469			547.3241815111707
470			547.4252088733195
471			547.8368049085097
472			548.5294206257425
473			549.5226263589444
474			550.835056517826
475			552.3742389760234
476			553.8714287213124
477			555.0422331026747
478			555.6049066103211
479			555.2889642964399
480			553.8269148794539
481			550.9857864256621
482			546.9851753320713
483			542.3630098372171
484			537.6634090355619
485			533.3935412862782
486			529.9959959432782
487			527.9068558760151
488			527.4373307465913
489			528.3058520077753
490			530.0551374420918
491			532.2324838380471
492			534.4548791273673
493			536.3933529271948
494			537.7203479035164
495			538.1083067223202
496			537.2296720495938
497			534.7568865513248
498			nan
499			nan
500			nan
