Nom de l'instrument : SAM_877E
Fichier_calib_utilise: /Users/mdlemineahmedou/Documents/Stage/pipeline_LOG/data/calibration/ALL_2023/Cal_SAM_877E.dat
Date : 2023-10-10
Heure : 10:54:24

l_onde		data
280			2.387635207983859
281			2.484596684646382
282			2.5987253006455346
283			2.7179863486852374
284			2.8392474605916562
285			2.967054023301924
286			3.0982236585053964
287			3.2189402276408132
288			3.315966125316153
289			3.3787327360695167
290			3.413711027690609
291			3.480090168224997
292			3.6272295798682945
293			3.8031973864250275
294			3.93362098318981
295			4.019386758555959
296			4.0975402895403406
297			4.198526782170778
298			4.348484122821276
299			4.5939416374221
300			5.003776290374031
301			5.628510403188628
302			6.48645313875786
303			7.619227046340648
304			9.134956536569483
305			11.128793380629743
306			13.603741562444446
307			16.553763049650396
308			20.058959909722336
309			24.218614239691277
310			28.986076117226713
311			34.22674243531969
312			39.77047536826654
313			45.420080269109405
314			51.10443853957412
315			56.917767995598076
316			62.89457560580543
317			68.9308634833123
318			74.88505328825258
319			80.55112077689849
320			85.85477470951085
321			91.39328256510231
322			97.88177133023692
323			105.45643100192004
324			113.99205806325021
325			123.34643737592113
326			133.33534682737005
327			143.05968612684777
328			150.9301867068536
329			156.39517808253095
330			160.46646905682687
331			163.76400247205794
332			165.7766313498847
333			166.2262402358445
334			166.11580596749323
335			166.5833184228995
336			168.07707755387128
337			170.76853095062498
338			174.38905490946698
339			178.44504215649954
340			182.32157951397718
341			185.33592707257358
342			187.30632531960276
343			188.58791262043107
344			189.6116396148301
345			190.88593962563297
346			192.8787314991852
347			195.94823325460874
348			200.2652514632816
349			205.3939548611863
350			210.82630935690074
351			216.38920463788094
352			221.89048784275522
353			226.00376957676738
354			226.97322524765656
355			225.13928061842753
356			222.39287063472813
357			220.20543379574048
358			219.55174092983856
359			221.287569172165
360			226.11793976401412
361			234.1459577150083
362			244.1064210579148
363			254.71999951186757
364			265.33714457735306
365			275.38921275137
366			284.0028443834018
367			290.2366559557849
368			293.4284419578165
369			293.12228383094896
370			289.78758540459705
371			284.58608455910746
372			279.25841055004565
373			276.1189254230304
374			276.6674560911927
375			281.13066106661057
376			288.62271555261634
377			296.04358781881064
378			300.2330115366743
379			298.7974099486687
380			290.47708647171123
381			278.85025759861406
382			268.65881986215226
383			262.1337246274686
384			260.28598025091935
385			263.2993209960414
386			270.75107772591105
387			280.9568781895296
388			291.0486643699289
389			298.60259198614347
390			301.87633521077424
391			300.5096460957775
392			296.76444213124444
393			293.5146512438316
394			294.51785472050386
395			303.0374091781355
396			319.524075553671
397			343.42843126506415
398			372.6240209034102
399			404.24133172247485
400			434.2705444508004
401			458.20898206014283
402			474.3477267390076
403			483.3339197822781
404			487.0607035101532
405			488.7860670503673
406			490.80937337083685
407			493.70046527995225
408			497.7620261929852
409			503.0485895289851
410			509.4178866364962
411			516.1613727282943
412			522.4770773417557
413			527.7287887072112
414			531.3919671634919
415			533.3974411157002
416			533.9165273656458
417			533.4179767850003
418			532.5640212117972
419			531.8603217776205
420			531.6478978751389
421			531.7898114676244
422			531.5167417243115
423			530.2263087596519
424			527.71854807903
425			523.6668835879394
426			517.2744773558102
427			508.371643587859
428			499.6224068256971
429			494.1699084653348
430			493.7921015781228
431			499.55773520978664
432			510.6706912179215
433			525.2739595444696
434			540.343961886621
435			552.1234456687656
436			559.8140925625972
437			565.6785290730264
438			571.5469622135276
439			578.421316007642
440			586.7812136385162
441			596.1786688109707
442			605.9245736911524
443			614.9561868908835
444			622.5307201004922
445			629.5317582398901
446			637.1137655622604
447			645.4717914614637
448			654.3161573737822
449			662.2485596750054
450			667.3976467700883
451			669.6605527252352
452			670.260670049527
453			670.3217364836057
454			670.819476767942
455			672.1809646587006
456			674.0558484724794
457			676.1234919391997
458			678.24297195127
459			680.3144982755667
460			682.2941504081788
461			684.0152774317698
462			684.7723100092717
463			683.8975567558704
464			681.7512865814424
465			679.0569799735002
466			676.4410468130947
467			674.4655321759236
468			673.5019376742426
469			673.7704795585024
470			675.1321014524106
471			677.1040344651271
472			679.3357191191158
473			681.6723280513385
474			683.9838399994564
475			686.161067599254
476			688.2064991910976
477			690.4033393337793
478			692.8605931946033
479			694.8928966786292
480			695.5974299791338
481			693.8790948394656
482			688.7702853971111
483			680.7257120382915
484			670.942487086143
485			661.7017447238326
486			655.8525107041033
487			654.3424623273563
488			656.4736681438801
489			661.0719263089743
490			666.4799153718734
491			671.495785949362
492			675.6786849495601
493			678.7887699250833
494			680.8760867702044
495			681.926507967486
496			681.6192918512029
497			679.5763063113998
498			675.4194192381209
499			nan
500			nan
