Nom de l'instrument : SAM_81D7
Fichier_calib_utilise: /Users/mdlemineahmedou/Documents/Stage/pipeline_LOG/data/calibration/ALL_2023/Cal_SAM_81D7.dat
Date : 2023-10-10
Heure : 11:47:13

l_onde		data
280			nan
281			nan
282			nan
283			nan
284			nan
285			nan
286			nan
287			nan
288			nan
289			nan
290			nan
291			nan
292			nan
293			nan
294			nan
295			nan
296			nan
297			nan
298			nan
299			nan
300			nan
301			nan
302			nan
303			nan
304			nan
305			nan
306			nan
307			nan
308			nan
309			nan
310			nan
311			nan
312			nan
313			nan
314			nan
315			nan
316			nan
317			nan
318			nan
319			0.0027569928770362867
320			0.0026813596989259396
321			0.002632496559566371
322			0.002581501175580344
323			0.0024994712635906277
324			0.002357504540219987
325			0.0021266988082467115
326			0.0018096540278901571
327			0.0015297310134635305
328			0.0014392230468299814
329			0.0016678664010061422
330			0.002102878997634303
331			0.0024838914526867668
332			0.002552802899864694
333			0.0022662109039782185
334			0.0018890498357805306
335			0.0017101089603571496
336			0.0019149040092911027
337			0.002316778918682926
338			0.002645269787168896
339			0.002658519659852473
340			0.0024029629139483756
341			0.002091961861315277
342			0.0019380743350411944
343			0.002027736066843477
344			0.002273903729308578
345			0.0025769176034924576
346			0.0028456980771813445
347			0.0030188046139292372
348			0.003041192028564713
349			0.00287259641190853
350			0.002615618586744432
351			0.002452912565190536
352			0.0025638011620676064
353			0.0029519689053695264
354			0.0033858390267589586
355			0.0036173924599406564
356			0.0034990532057338195
357			0.003222017728399809
358			0.0030488310316793177
359			0.003208650023962154
360			0.0036145432762775464
361			0.004005352374649156
362			0.004123197536597757
363			0.003917523005007565
364			0.003612488539661127
365			0.003451152853411701
366			0.0035989020337486455
367			0.003960845928279278
368			0.004387638458348644
369			0.004738346362326485
370			0.0049515988189297875
371			0.005009843348267697
372			0.004897517427976178
373			0.004661997911674734
374			0.004434400206633568
375			0.004351631750655944
376			0.00449755389412763
377			0.004776488963370957
378			0.0050548124108989075
379			0.005213261161685406
380			0.0052708037664633035
381			0.005323611379234208
382			0.005466787107652456
383			0.005713674610777234
384			0.005966843136415243
385			0.006120984989167129
386			0.0061157011819047
387			0.006046536502981648
388			0.00604286235663009
389			0.006222109703490774
390			0.006582631057607937
391			0.007054390468135592
392			0.007566959027919342
393			0.008069355201845487
394			0.008537791301963634
395			0.008950505830867836
396			0.009304679156427034
397			0.00966598358669047
398			0.010115567172587926
399			0.01072515382162593
400			0.011467382504842652
401			0.012255610861091115
402			0.01300326411138196
403			0.01366836721009049
404			0.01427413211343218
405			0.014848941471862874
406			0.015412408772261865
407			0.015950662212438547
408			0.016441838617296117
409			0.016870094029540917
410			0.017287460112462544
411			0.01778878329416963
412			0.018468476117992773
413			0.019355088264174855
414			0.020375328110151133
415			0.02144717219569042
416			0.022499591306821193
417			0.023506477554250303
418			0.024453194512286197
419			0.025328374634548657
420			0.026160873487605867
421			0.027006592862310153
422			0.027921546510105026
423			0.028933595778492822
424			0.03002401748537727
425			0.0311697156087531
426			0.032353049762317065
427			0.03358052495532024
428			0.034865323769208395
429			0.03622207692984878
430			0.03768520394364017
431			0.03930345177372135
432			0.04112571072033403
433			0.043184688538087115
434			0.04548412033802653
435			0.04802473143881773
436			0.050804941294843725
437			0.05381198656178808
438			0.057029718562584215
439			0.060443385712879376
440			0.06405985480905288
441			0.06790300138491998
442			0.07199700742749124
443			0.07634702333098019
444			0.08092094150598433
445			0.08568233208515547
446			0.09059931446622456
447			0.09566445460989259
448			0.1008784947048764
449			0.10623892965166783
450			0.11168516496749258
451			0.11710652521678243
452			0.12239106932722936
453			0.1274960712742794
454			0.13252849026126073
455			0.13761482367004677
456			0.14285960902449904
457			0.14823519330410187
458			0.15366469700002858
459			0.15907480115598294
460			0.16446900912442725
461			0.16992395685351405
462			0.17551911794387404
463			0.18131295759411334
464			0.1873132541049667
465			0.19352029451940425
466			0.19994383872623914
467			0.20665822577647003
468			0.21376474277865296
469			0.22136230964304715
470			0.22948709355442365
471			0.23810883124835236
472			0.2471940207500254
473			0.2566799075656482
474			0.26642424430947326
475			0.27627140879816864
476			0.2860661372470547
477			0.2956559642240084
478			0.3048897395391437
479			0.313618077337237
480			0.32174762187662276
481			0.32925141055027823
482			0.336106363462996
483			0.3423572808378163
484			0.348258613225987
485			0.3541051598981423
486			0.36017707186925635
487			0.3666219419065406
488			0.3735169015816575
489			0.38093387511964094
490			0.38875644216378236
491			0.3966168089588157
492			0.4041296945737963
493			0.41098575990227704
494			0.4171444382320032
495			0.42262459472438224
496			0.4274450945408219
497			0.4316248028427295
498			0.4351825847915126
499			nan
500			nan
