Nom de l'instrument : SAM_81D7
Fichier_calib_utilise: /Users/mdlemineahmedou/Documents/Stage/pipeline_LOG/data/calibration/ALL_2023/Cal_SAM_81D7.dat
Date : 2023-10-10
Heure : 10:34:55

l_onde		data
280			nan
281			nan
282			nan
283			nan
284			nan
285			nan
286			nan
287			nan
288			nan
289			nan
290			nan
291			nan
292			nan
293			nan
294			nan
295			nan
296			nan
297			nan
298			nan
299			nan
300			nan
301			nan
302			nan
303			nan
304			nan
305			nan
306			nan
307			nan
308			nan
309			nan
310			nan
311			nan
312			nan
313			nan
314			nan
315			nan
316			nan
317			nan
318			nan
319			0.028799309695751295
320			0.028835847777411862
321			0.029821027006296297
322			0.031387144727158485
323			0.03316649828475234
324			0.03479138502383177
325			0.035894102841139024
326			0.036308780275401624
327			0.036643246547722344
328			0.03769069781830158
329			0.04013465354010162
330			0.04347946023564241
331			0.04651186530664866
332			0.04802856826320356
333			0.04781708064119431
334			0.047087857841297286
335			0.04716144555023613
336			0.0489423620331669
337			0.05183586754398522
338			0.054909610585105594
339			0.05731695781994561
340			0.05907511514936269
341			0.06070147312671214
342			0.06271172078945772
343			0.06527508708258961
344			0.06808425028935418
345			0.07079723878528409
346			0.07317003542842959
347			0.07529699652840789
348			0.07734549069460277
349			0.07948357266900667
350			0.08188592883700224
351			0.08473096157599208
352			0.08818849757938182
353			0.09206916221215904
354			0.09570244331688242
355			0.09838422787705778
356			0.09977865529423212
357			0.10079189971074946
358			0.10259171899933747
359			0.10620209206661656
360			0.11128582840038702
361			0.11675546480865626
362			0.12153528688812379
363			0.12534600998486567
364			0.12896366182320085
365			0.13323685109751937
366			0.13860804556441927
367			0.14415875941860493
368			0.14868576328062078
369			0.15114341591019487
370			0.15197643261307325
371			0.1524503299630935
372			0.15382000810472632
373			0.1565536517961833
374			0.16007274954947587
375			0.16372630453039702
376			0.166936554577141
377			0.16937360654615854
378			0.17075995620715265
379			0.17089150378798332
380			0.17027067996571157
381			0.16979451390140995
382			0.17035300290237573
383			0.17235091903387925
384			0.1755356113790898
385			0.17960765734770393
386			0.184276730898807
387			0.18928409341205826
388			0.19437785806699812
389			0.19932780721941049
390			0.20411982339140208
391			0.20886389853932036
392			0.21368039438445321
393			0.2190999888492121
394			0.2262271173816334
395			0.23620893584108024
396			0.2497325657793306
397			0.2658216894923753
398			0.28312413544359166
399			0.30033085784807895
400			0.31658623275225006
401			0.331305913060132
402			0.34391680525295865
403			0.35423691731494517
404			0.36265589146376886
405			0.3696087128255532
406			0.3755505303335863
407			0.38101348896596426
408			0.38654810905675097
409			0.39266165513127793
410			0.399373618227094
411			0.40639581032135896
412			0.4134361589577399
413			0.42025847512525694
414			0.42671298031215926
415			0.4326573048126633
416			0.43801644532244854
417			0.4429906505118231
418			0.4478504595652516
419			0.45283713337139064
420			0.45783166665201963
421			0.46247280933886825
422			0.46639820709782637
423			0.46949034666005773
424			0.4720368597623199
425			0.47436340866920107
426			0.4767949243217676
427			0.47965310099047875
428			0.48325873782268
429			0.487939049966437
430			0.4941089411486995
431			0.5022468033097796
432			0.5128277206158306
433			0.5258935115125704
434			0.5407102911928978
435			0.556463591739139
436			0.5724757406967309
437			0.5887324854570153
438			0.6054204083715089
439			0.6227265377265125
440			0.6408441202231515
441			0.6599712950374479
442			0.6803043853242008
443			0.7017970663628664
444			0.7239279837987356
445			0.7461206753535881
446			0.7678721300923391
447			0.7890740454237728
448			0.8097501301737045
449			0.8299144470943822
450			0.8494071377766103
451			0.86791840010399
452			0.8851348521796036
453			0.900989053986515
454			0.9159454421378789
455			0.9305378782710135
456			0.9452039559802159
457			0.9598017694383277
458			0.9739736128029105
459			0.9873797280464239
460			1.000066447088534
461			1.0124476482096645
462			1.0249512737241382
463			1.0378382893129
464			1.0509667967192617
465			1.0641353565086844
466			1.0772054057810683
467			1.0904670293713796
468			1.104389181326346
469			1.119432121807042
470			1.1358188461535565
471			1.1535211796011735
472			1.1724986947344205
473			1.192595695617043
474			1.213343247371819
475			1.2342197122027099
476			1.254686177162028
477			1.2740688460807914
478			1.2916305268790003
479			1.306648009904909
480			1.3188557846316427
481			1.3285306931654621
482			1.3359810760363988
483			1.3416416288225135
484			1.3463372994758127
485			1.3509681428353806
486			1.3564055746874988
487			1.3632618439425397
488			1.3720114396337542
489			1.3831083609936201
490			1.3962121879035079
491			1.4099222313996747
492			1.422764042286153
493			1.4335668897889617
494			1.4422349597295223
495			1.448910127173671
496			1.4537342671872444
497			1.4568492548360787
498			1.4583969651860103
499			nan
500			nan
