Nom de l'instrument : SAM_81D7
Fichier_calib_utilise: /Users/mdlemineahmedou/Documents/Stage/pipeline_LOG/data/calibration/ALL_2023/Cal_SAM_81D7.dat
Date : 2023-10-10
Heure : 10:14:22

l_onde		data
280			nan
281			nan
282			nan
283			nan
284			nan
285			nan
286			nan
287			nan
288			nan
289			nan
290			nan
291			nan
292			nan
293			nan
294			nan
295			nan
296			nan
297			nan
298			nan
299			nan
300			nan
301			nan
302			nan
303			nan
304			nan
305			nan
306			nan
307			nan
308			nan
309			nan
310			nan
311			nan
312			nan
313			nan
314			nan
315			nan
316			nan
317			nan
318			nan
319			0.07118352170010461
320			0.0758601456115773
321			0.08041218099177452
322			0.08497601590529714
323			0.08968803841674608
324			0.09468463659072221
325			0.10010219813915192
326			0.10594815785045113
327			0.11173562039579954
328			0.11685925645397761
329			0.12079165504008951
330			0.12384313266208424
331			0.12683381443766767
332			0.13057821549696194
333			0.13525887688534982
334			0.14015073697165595
335			0.14445851504524373
336			0.14766021708878588
337			0.15021870547439842
338			0.1528186183380087
339			0.15608264536516564
340			0.16000918027531916
341			0.16423513371638776
342			0.16839779709705818
343			0.17234718904199703
344			0.17622593127143255
345			0.18019792334655277
346			0.18439364073122896
347			0.18882809886255425
348			0.1934913998694199
349			0.19836219843232736
350			0.20330850677799228
351			0.20813633945756946
352			0.21265464424525962
353			0.21682312344495006
354			0.22080340974098567
355			0.22477125649985327
356			0.2288662182330409
357			0.2331057586434424
358			0.2374816280073388
359			0.24202449977017312
360			0.24713353679542363
361			0.2534110122569545
362			0.2614452714485505
363			0.2711720422460259
364			0.2816622992434643
365			0.2919275068062794
366			0.301110224365153
367			0.30879230293509546
368			0.3146475036883207
369			0.3184285935246469
370			0.3206355193278606
371			0.3221797310411817
372			0.3239662357585121
373			0.3264596414150745
374			0.32953862086172653
375			0.33304125087905767
376			0.33671740106098874
377			0.3400183962268704
378			0.3423324615944696
379			0.34313201562918955
380			0.3426998511873795
381			0.3417713566313728
382			0.3410859551897581
383			0.3413445557869042
384			0.34319588500681364
385			0.34728492224723573
386			0.35387954453685916
387			0.3619381553203324
388			0.370135112976745
389			0.37728195899301964
390			0.383558320660849
391			0.38992953663028274
392			0.397371308288307
393			0.4069057689169888
394			0.4196199789184035
395			0.4366058183207726
396			0.45847959367304403
397			0.48413798413683407
398			0.5120891193418501
399			0.5408401352869753
400			0.568887720990116
401			0.5947223151654313
402			0.6168509629197825
403			0.6346398544700073
404			0.6487109071335316
405			0.659785644419162
406			0.6686248988392345
407			0.6761396054027218
408			0.683276521566546
409			0.6909216974306681
410			0.6992766174816318
411			0.7081109540841941
412			0.7171867494247973
413			0.7262146077111974
414			0.7348255965121738
415			0.7426439639529123
416			0.7493873504233002
417			0.7551549872059558
418			0.7601435516420895
419			0.7645366115981825
420			0.7683564240329133
421			0.7715167796358912
422			0.773930064023466
423			0.7755526750720668
424			0.7764138389123868
425			0.77654961798536
426			0.776164126918115
427			0.7762052408692889
428			0.777826526995133
429			0.7821303249366127
430			0.7895187451305417
431			0.7998869186364772
432			0.8131171423102838
433			0.8289525608368734
434			0.8468871858944302
435			0.8663891482426871
436			0.8869551230829761
437			0.9082202181977723
438			0.92986144862043
439			0.951583371265639
440			0.9735163546345462
441			0.9961257838773728
442			1.0198831928656074
443			1.0448992791497005
444			1.0705783341542128
445			1.096242699522147
446			1.1212830607099278
447			1.145457364986465
448			1.1686463914610408
449			1.1907323512870556
450			1.2116214688788203
451			1.2312406713491155
452			1.2495178828398419
453			1.266439938296509
454			1.2821210738201445
455			1.2966921549852288
456			1.3103165354867523
457			1.3233531359643496
458			1.3362337043083456
459			1.3493684589725627
460			1.3627111042887736
461			1.3757807564690467
462			1.388080117967738
463			1.399376412585988
464			1.4100750738504295
465			1.4206758593391249
466			1.4316550758577964
467			1.4433291594346451
468			1.4559478340692769
469			1.469753608753925
470			1.484810388762434
471			1.5009930082940628
472			1.518167169561557
473			1.5361705580167644
474			1.5547647243571838
475			1.5736984094943887
476			1.5926335853860643
477			1.610554737838287
478			1.6261279301626836
479			1.6380501938375671
480			1.6460652047374402
481			1.6511568647136126
482			1.6543808872355679
483			1.6566561914396138
484			1.6584792019587085
485			1.6602650313081313
486			1.6624688021541583
487			1.6659077059057144
488			1.6715913912266167
489			1.6805013265501172
490			1.6923803924211862
491			1.7053183926463527
492			1.7172901279254498
493			1.7266989736258134
494			1.7334651114364232
495			1.7378441244625706
496			1.7400915958095482
497			1.7404631085826472
498			1.7392142458871593
499			nan
500			nan
