Nom de l'instrument : SAM_8172
Fichier_calib_utilise: /Users/mdlemineahmedou/Documents/Stage/pipeline_LOG/data/calibration/ALL_2023/Cal_SAM_8172.dat
Date : 2023-10-10
Heure : 12:04:35
InclX : -7.11
InclY : -2.25
Pressure : 0.586842015026611
Comment : 

l_onde		data
280			nan
281			nan
282			nan
283			nan
284			nan
285			nan
286			nan
287			nan
288			nan
289			nan
290			nan
291			nan
292			nan
293			nan
294			nan
295			nan
296			nan
297			nan
298			nan
299			nan
300			nan
301			nan
302			nan
303			nan
304			nan
305			nan
306			nan
307			nan
308			nan
309			nan
310			nan
311			nan
312			nan
313			nan
314			nan
315			nan
316			nan
317			0.31818663179311923
318			0.2523543525472832
319			0.2299819324301541
320			0.23846011240487264
321			0.26517963343457934
322			0.29753123648241475
323			0.3229056625115197
324			0.3289765367856082
325			0.31682098184311025
326			0.30646389245904393
327			0.31936309395635415
328			0.36678969120580895
329			0.423998400570614
330			0.4582879626141015
331			0.4412977986967113
332			0.3873964943810194
333			0.33524384081572595
334			0.3230913639601684
335			0.3599716187546507
336			0.41547625538953015
337			0.45640791382308815
338			0.4606797679672906
339			0.4437455890016081
340			0.42897993030230214
341			0.43735135940209197
342			0.46717807195555217
343			0.5043491970070669
344			0.5348572844538542
345			0.5538897096024733
346			0.5686956163092353
347			0.5873417045594562
348			0.6158539135425771
349			0.6535386793732929
350			0.6983214523482657
351			0.7477255800856878
352			0.7955728420941819
353			0.8336900493387445
354			0.8541556791957303
355			0.8595331081175375
356			0.8659768659295035
357			0.8905452257225601
358			0.9437946700053609
359			1.0150309902891206
360			1.0892253173069493
361			1.1531974109730097
362			1.2107565358902614
363			1.2748562926157128
364			1.3581874429973348
365			1.4597384783318095
366			1.5606668992361423
367			1.640937110469642
368			1.6883712144770102
369			1.7167347697436692
370			1.7451400900809217
371			1.7910511603255126
372			1.8565078047760248
373			1.935126891668235
374			2.0204293462497884
375			2.105503647778321
376			2.182864790680933
377			2.2449886963042585
378			2.287532947369691
379			2.3169445856216973
380			2.341955563683939
381			2.370904949773159
382			2.408317126626668
383			2.4565712249858906
384			2.5180331496404005
385			2.5955390374976637
386			2.692569633573087
387			2.8126520241388357
388			2.9542013935136695
389			3.097543943756111
390			3.219006647776798
391			3.2987598267837415
392			3.356414298297141
393			3.434741370139943
394			3.5763057021679834
395			3.798942610003301
396			4.084967807454883
397			4.413948011833072
398			4.766311192626813
399			5.125713630225876
400			5.476567875690365
401			5.803787257669286
402			6.097816646749876
403			6.352536606280433
404			6.562061153533143
405			6.730944284813605
406			6.879655675682195
407			7.030003435535482
408			7.199884430136088
409			7.391444321928744
410			7.602864235259802
411			7.831777295406008
412			8.069179774877496
413			8.301656135334959
414			8.515850388883036
415			8.708144573054193
416			8.890872789832004
417			9.0778468013429
418			9.279446927052632
419			9.491010458112775
420			9.70375361212692
421			9.909091349610417
422			10.101129991441947
423			10.27591138594515
424			10.429595769028547
425			10.565186860607305
426			10.697877828409982
427			10.844119923199939
428			11.02005521459656
429			11.240331811388566
430			11.519147183498903
431			11.869679350389914
432			12.289372796721146
433			12.76330951896134
434			13.276248109522827
435			13.814124813533153
436			14.365182912288386
437			14.917933543636643
438			15.464588850600308
439			16.017311174146702
440			16.59495521756336
441			17.215465521342733
442			17.88031987745732
443			18.57673159295596
444			19.29145474212578
445			20.013631554503025
446			20.73760737936119
447			21.458412582882477
448			22.17016942912947
449			22.861473787274225
450			23.5188425575137
451			24.12944737910267
452			24.69462498017303
453			25.229353027871444
454			25.749150698218987
455			26.26544740034978
456			26.779654539698964
457			27.291677824209604
458			27.800948651901013
459			28.303599965587107
460			28.794363612951045
461			29.268017444054415
462			29.720692545700473
463			30.149979947105418
464			30.55355022565447
465			30.93447878705046
466			31.31088392915749
467			31.703480231141846
468			32.13161810776904
469			32.603669020201835
470			33.12270934882073
471			33.69150054164427
472			34.303325795046554
473			34.93992839280419
474			35.58235423868736
475			36.213865841449866
476			36.824806355864204
477			37.40692974400467
478			37.95082461728346
479			38.43607602125286
480			38.836216558252914
481			39.12532348885878
482			39.30480544561182
483			39.4138891039279
484			39.49457547399601
485			39.58672226091214
486			39.722257839795006
487			39.93127730400135
488			40.240448076821856
489			40.63788476952358
490			41.08743011017962
491			41.55265058123443
492			42.00360682959809
493			42.420642116143455
494			42.7850100439359
495			43.07796421604082
496			43.28075823552359
497			43.374645705449616
498			nan
499			nan
500			nan
