Nom de l'instrument : SAM_877E
Fichier_calib_utilise: /Users/mdlemineahmedou/Documents/Stage/pipeline_LOG/data/calibration/ALL_2023/Cal_SAM_877E.dat
Date : 2023-10-10
Heure : 12:20:14

l_onde		data
280			2.9672429798839235
281			3.108622889027354
282			3.2623185730669655
283			3.4083592063442
284			3.5466306527277576
285			3.694100428532207
286			3.8487095348577536
287			3.9824125070723984
288			4.084278871969817
289			4.181664715216428
290			4.296408801809312
291			4.418378167622065
292			4.536773188729927
293			4.668980114030398
294			4.8356333602803625
295			5.012039844995904
296			5.156909154697441
297			5.305665163537825
298			5.549722222197774
299			5.9622518602207695
300			6.595000970117192
301			7.509653162743403
302			8.786157875463623
303			10.504381596911978
304			12.739655394276863
305			15.550052580463188
306			18.928197968603243
307			22.868812189716024
308			27.481240885272967
309			32.89897875471381
310			39.04716239208999
311			45.72616095312535
312			52.70048505071963
313			59.70893672602144
314			66.6641444360291
315			73.70626535014125
316			80.90414941581417
317			88.15727385787773
318			95.30519849627466
319			102.06692251385142
320			108.32563535501521
321			114.83653710356165
322			122.51465463377257
323			131.57357575118857
324			141.90267243750114
325			153.27803389779976
326			165.36640217907694
327			177.05789989172322
328			186.4959661818933
329			193.05026511922216
330			197.93370223169967
331			201.87429362544987
332			204.21641016749268
333			204.6086622887208
334			204.3309761101615
335			204.8248348693037
336			206.59959900953103
337			209.80950918560984
338			214.17087603624594
339			219.16431868779154
340			223.98672832220893
341			227.65820392164892
342			229.93909689024127
343			231.38399064194402
344			232.60190189183328
345			234.22616268620325
346			236.79472976016444
347			240.61921932022162
348			245.82588457460577
349			251.99982194676562
350			258.6523520439655
351			265.5426057949878
352			272.3580945854271
353			277.4542170476795
354			278.68954096752594
355			276.49176415754476
356			273.1877430191723
357			270.5649409156526
358			269.7754919901957
359			271.8710865896248
360			277.79212912699546
361			287.69741592477163
362			299.9516844772385
363			312.92072155609867
364			325.86462767937746
365			338.1596190192122
366			348.75577349627076
367			356.4947379086445
368			360.49770260733385
369			360.1169491314608
370			355.9667509511993
371			349.59735496087535
372			343.1363162075228
373			339.2766325272085
374			339.8441160854454
375			345.3108931558557
376			354.6814402269223
377			363.9798985441221
378			369.1817807382256
379			367.40080190866956
380			357.1652216990338
381			342.85488317682285
382			330.2617434305054
383			322.17572768982836
384			319.9147202501333
385			323.64344439555714
386			332.699733332991
387			345.0692760569606
388			357.469370268263
389			366.9661284883557
390			371.18493782819706
391			369.5509489727256
392			364.9502294793647
393			360.98755724647657
394			362.17709820966803
395			372.455710984114
396			392.56970467869775
397			422.0509836969996
398			458.1236944034439
399			496.98144312559907
400			533.7229840036872
401			563.0123705145033
402			582.8319655915586
403			593.960798099397
404			598.6506204859096
405			600.7667105257445
406			603.0965691165039
407			606.4755367515985
408			611.3891726334863
409			617.9269795038089
410			625.8951155286717
411			634.3046120398325
412			642.0640518417373
413			648.4656337891489
414			652.9817329252504
415			655.518335074064
416			656.2188579938452
417			655.6153687470281
418			654.4968895649204
419			653.5290597509285
420			653.2386325667436
421			653.4713896565808
422			653.1672674243164
423			651.5379953659162
424			648.4338958448315
425			643.498645871989
426			635.6139851268426
427			624.4703921283036
428			613.5182669108192
429			606.8162983310887
430			606.4495420362106
431			613.5470313957633
432			627.1591570663817
433			645.133218971283
434			663.7242929279636
435			678.173080597996
436			687.4816212165807
437			694.544315263022
438			701.6748447985264
439			710.089305460127
440			720.3481734053621
441			731.8566652827565
442			743.7553443515203
443			754.8225715956074
444			764.2071894753927
445			772.8880566270643
446			782.1598387801562
447			792.3053043927933
448			803.0641776301837
449			812.7147331060863
450			818.9067478419125
451			821.5521410600143
452			822.254964760712
453			822.3808527419374
454			822.9939870720737
455			824.599849296748
456			826.9216040688624
457			829.6185194512689
458			832.3431027602568
459			834.85454529952
460			837.2162533209092
461			839.3382829904263
462			840.2899068911249
463			839.1666896356722
464			836.4750764438173
465			833.2057475323013
466			830.0924973791319
467			827.7261841604927
468			826.5529795485663
469			826.8963874058611
470			828.6240527353165
471			831.1648373863164
472			834.0646069981607
473			837.05063067226
474			839.9452840337262
475			842.722803973792
476			845.434811960068
477			848.2896002286748
478			851.2971927336007
479			853.6570248495719
480			854.3332666326136
481			852.0244897512907
482			845.5756612926984
483			835.5736240154267
484			823.5095668712509
485			812.1480215318298
486			804.9200697290858
487			803.0159832990986
488			805.6817058287193
489			811.4512029841741
490			818.1170614621195
491			824.1528751193418
492			829.1712030713451
493			832.9884016351464
494			835.6449382627278
495			837.0785051440172
496			836.8298928601284
497			834.3656020098871
498			829.1521331921184
499			nan
500			nan
