Nom de l'instrument : SAM_80E0
Fichier_calib_utilise: /Users/mdlemineahmedou/Documents/Stage/pipeline_LOG/data/calibration/ALL_2023/Cal_SAM_80E0.dat
Date : 2023-10-10
Heure : 11:46:26
Comment : LIDAR_20231010

l_onde		data
280			nan
281			nan
282			nan
283			nan
284			nan
285			nan
286			nan
287			nan
288			nan
289			nan
290			nan
291			nan
292			nan
293			nan
294			nan
295			nan
296			nan
297			nan
298			nan
299			nan
300			nan
301			nan
302			nan
303			nan
304			nan
305			nan
306			nan
307			nan
308			nan
309			nan
310			nan
311			nan
312			nan
313			nan
314			nan
315			nan
316			nan
317			87.98345271544193
318			93.64833975888286
319			100.1861630563852
320			107.52942484503428
321			115.61062736191525
322			124.36227284411332
323			133.71686352871376
324			143.60121297223827
325			153.79941082341145
326			163.94589055628137
327			173.66792745151565
328			182.56006787118318
329			190.13429834463585
330			195.8897891586805
331			199.48158294643147
332			201.60947607031113
333			203.40262557842624
334			205.95512549168035
335			209.54044608366416
336			213.62030848139503
337			217.6223582034142
338			221.12839171460115
339			224.0872259498759
340			226.50112566168127
341			228.41133259630894
342			230.10576268676934
343			231.96854651500004
344			234.37288496557593
345			237.4586726999114
346			241.14465991461728
347			245.340464163738
348			249.85639568117432
349			254.27575246428825
350			258.1502543596288
351			261.1003645607894
352			263.1649919142254
353			264.54049398946876
354			265.42352794599526
355			266.0110396065677
356			266.5002409034858
357			267.0891777705213
358			268.15019094657833
359			270.4442973317523
360			274.78507349729256
361			281.7917338825751
362			290.92585067830885
363			301.22215006364326
364			311.713943722998
365			321.42008535705753
366			329.34628226685135
367			334.50072711163443
368			336.49121061369857
369			336.2494551513661
370			334.88419258470793
371			333.4245833799757
372			332.4285321184412
373			332.28110138868675
374			333.3311877602258
375			335.2282631163891
376			336.98611086175
377			337.5970354014015
378			336.39140407728104
379			333.4490904144072
380			328.95064788014605
381			323.2341428306558
382			317.5793441184876
383			313.61446879642557
384			312.8942270175739
385			315.5007623637174
386			320.16160607331847
387			325.5550416804533
388			330.622308147086
389			334.89776951025743
390			337.9970506719563
391			339.7947589377386
392			341.75093342446513
393			345.92532080688756
394			354.31833372568576
395			367.6786218862121
396			385.57563988389325
397			407.5310995917842
398			432.6009901912641
399			458.75919830543825
400			483.8262879385334
401			505.8124754437799
402			523.9328944575226
403			537.8743287514959
404			547.3706628256288
405			553.1676692549349
406			556.9979911837765
407			560.6333738779745
408			565.2435342873905
409			570.5402884281565
410			576.0190935487752
411			581.2104151837842
412			585.8785132321075
413			589.883414383265
414			593.0863213680174
415			595.3695863739614
416			596.6371335758859
417			596.7942163950886
418			595.8988844338658
419			594.3991385513941
420			592.804289723901
421			591.4932954757548
422			589.9188424335048
423			587.1325537981712
424			582.2265476177936
425			575.4035112693088
426			568.0619566670301
427			561.6591707935377
428			557.3891908309963
429			555.7305602359875
430			557.0414180198817
431			561.5773131424404
432			568.8089954111366
433			577.8447824229895
434			587.7975239427091
435			597.9734535962172
436			607.9005349676429
437			617.1191256332485
438			625.4074728905622
439			633.2392403610978
440			641.2144896875657
441			649.8660005488389
442			659.1661091760049
443			668.8089108084611
444			678.4868393796347
445			687.9043188877836
446			696.7805291356555
447			704.8355832557804
448			711.8577373450621
449			717.851486916711
450			722.8641215300636
451			726.9496294077201
452			730.2234409662923
453			732.8340045956171
454			734.9303238108155
455			736.6711818337174
456			738.2283751005572
457			739.7745955608641
458			741.4168449572095
459			743.0339077718645
460			744.4550403916172
461			745.5110679302865
462			746.048838193251
463			745.924573715007
464			744.9998381606642
465			743.3990025894253
466			741.6271019873922
467			740.2189842524906
468			739.5892781978674
469			739.691900658866
470			740.3704218924091
471			741.4771442466862
472			742.9648229047606
473			744.850522590932
474			747.1500967980676
475			749.7348360392513
476			752.2466785812023
477			754.3072032287154
478			755.5390183641789
479			755.569112046507
480			754.0256366894449
481			750.5836747145931
482			745.533588011187
483			739.5985196259068
484			733.5103050654615
485			727.9739757786788
486			723.6477176135832
487			721.1849966153394
488			721.0493849917194
489			722.8030211579105
490			725.7408369454539
491			729.168348180436
492			732.5518266870147
493			735.4822018092988
494			737.553662359775
495			738.3603971509307
496			737.4965949952527
497			734.5564447052284
498			nan
499			nan
500			nan
