Nom de l'instrument : SAM_81D7
Fichier_calib_utilise: /Users/mdlemineahmedou/Documents/Stage/pipeline_LOG/data/calibration/ALL_2023/Cal_SAM_81D7.dat
Date : 2023-10-10
Heure : 11:31:01

l_onde		data
280			nan
281			nan
282			nan
283			nan
284			nan
285			nan
286			nan
287			nan
288			nan
289			nan
290			nan
291			nan
292			nan
293			nan
294			nan
295			nan
296			nan
297			nan
298			nan
299			nan
300			nan
301			nan
302			nan
303			nan
304			nan
305			nan
306			nan
307			nan
308			nan
309			nan
310			nan
311			nan
312			nan
313			nan
314			nan
315			nan
316			nan
317			nan
318			nan
319			0.09692652633701493
320			0.10695170050944146
321			0.11339977852716741
322			0.1174358841157332
323			0.12022514100067935
324			0.12293267290754632
325			0.12672360252555878
326			0.13238413102927846
327			0.13924789604009297
328			0.14630052300125676
329			0.15259762533480575
330			0.15794728188696486
331			0.16261549291046953
332			0.16687718490590964
333			0.17112754033133534
334			0.17593444592413124
335			0.18187913800112143
336			0.18917215822421377
337			0.19668815811369875
338			0.20300096557771294
339			0.2068801711342491
340			0.20906819604846374
341			0.2114497802241431
342			0.2158910571756362
343			0.22281389948780272
344			0.23065362049486884
345			0.2377011150571062
346			0.24288961444871748
347			0.24737123348922718
348			0.25277686507548247
349			0.26052746950381717
350			0.2700149559440933
351			0.2794942698679618
352			0.28723695774805746
353			0.2927288514102847
354			0.2970822751241217
355			0.30152330107411124
356			0.30704868102277183
357			0.31388171918150065
358			0.3220828247241945
359			0.3316767383870876
360			0.3423505243471911
361			0.3536051204305347
362			0.364949671990739
363			0.37630612392683055
364			0.38814340280237175
365			0.4009680049839117
366			0.41479118093765677
367			0.4279646422619762
368			0.4384928858949337
369			0.44468097807483087
370			0.44767655572113196
371			0.45019277752456555
372			0.4549128446881173
373			0.4626209650292184
374			0.47157480464139956
375			0.4798571057201119
376			0.48601782709899305
377			0.49018826232136675
378			0.4928339314809776
379			0.49442379244287893
380			0.49545989220823045
381			0.4964627581182242
382			0.4979565614824833
383			0.5006128510664007
384			0.5053028547082499
385			0.5129119617948904
386			0.5238396263661863
387			0.5367979105158126
388			0.5501328549363098
389			0.5623528042617199
390			0.5735847114367859
391			0.5848851194436699
392			0.5973325747330981
393			0.6125101575304313
394			0.6327064528627807
395			0.660262560633494
396			0.6965186537273435
397			0.739195650405209
398			0.7851966989271357
399			0.8315094748378163
400			0.8760103690009907
401			0.9171074800245237
402			0.9532320198887398
403			0.9836361318814056
404			1.0087718330700532
405			1.029186317158236
406			1.0456944616789436
407			1.0601333021315178
408			1.0745838153311762
409			1.0909645692136576
410			1.109362730385937
411			1.1287102492447134
412			1.1479263819196102
413			1.1662528876587852
414			1.1834302003232353
415			1.1992415099607667
416			1.2136268560366168
417			1.2271671481074902
418			1.2406069533688688
419			1.2546060379407937
420			1.2687807003318432
421			1.2820456061588554
422			1.2933119574561946
423			1.302180999044464
424			1.3093958078473846
425			1.3158066433454805
426			1.3223217642606553
427			1.3301061206889107
428			1.340395652459196
429			1.3544150209630694
430			1.3732347103973417
431			1.397813577712034
432			1.4290963935786054
433			1.4669647365496914
434			1.5093966845176083
435			1.5541725722253061
436			1.5994258872711988
437			1.6450028101137169
438			1.6912679992225481
439			1.738601670622671
440			1.7876228970581671
441			1.8391386770604554
442			1.8939546162514589
443			1.9520708167400247
444			2.0119104534165144
445			2.0717137627222133
446			2.1299529326241853
447			2.1863465980391292
448			2.241030271891599
449			2.294116241235967
450			2.345296768612453
451			2.393901998275923
452			2.4392533901191413
453			2.4812591399916286
454			2.5210963254130525
455			2.5601076490417483
456			2.599413935600251
457			2.6388003834558287
458			2.677554816557067
459			2.714988290789727
460			2.7509193852779963
461			2.7856498264557312
462			2.8195005168904075
463			2.852787150284253
464			2.8858128529285776
465			2.9188788937172507
466			2.9523505328352186
467			2.9870292778247305
468			3.0238986766648575
469			3.063916921368436
470			3.107379103791621
471			3.1538783535900214
472			3.2029738408301243
473			3.2540851065657934
474			3.3062522539632004
475			3.3584515451982213
476			3.409579257816086
477			3.4579071547496483
478			3.5014134733737547
479			3.538116273552913
480			3.5673580617712113
481			3.5900507534815214
482			3.607197386796405
483			3.620118645844169
484			3.6311162765599336
485			3.6426808373070294
486			3.6572041061660774
487			3.676183956749243
488			3.7006431086996505
489			3.7315508345749744
490			3.767848457440838
491			3.8057707050830643
492			3.841364016477439
493			3.8714865406658068
494			3.8958692212177857
495			3.9148782438823257
496			3.9288797944083806
497			3.938240058544899
498			3.943325222040834
499			nan
500			nan
