Nom de l'instrument : SAM_877E
Fichier_calib_utilise: /Users/mdlemineahmedou/Documents/Stage/pipeline_LOG/data/calibration/ALL_2023/Cal_SAM_877E.dat
Date : 2023-10-10
Heure : 10:58:45

l_onde		data
280			2.353210546995269
281			2.4448525898478715
282			2.5501720756990087
283			2.680467292032571
284			2.817581546316927
285			2.918342294968957
286			2.981047031774896
287			3.06013045656983
288			3.180857240770799
289			3.3015770688285793
290			3.3901568777308317
291			3.469945843504273
292			3.5688295609438256
293			3.682731577458964
294			3.7986516846415843
295			3.912340687793069
296			4.024762853256608
297			4.150270011429703
298			4.3136697800419945
299			4.556606670138805
300			4.939125466500184
301			5.528318161602787
302			6.401337457747085
303			7.6235904199310065
304			9.228440435418376
305			11.245467307012083
306			13.708977220689365
307			16.660588390914256
308			20.18046817549412
309			24.351674185336698
310			29.13322399850916
311			34.40748655526494
312			39.99142088084071
313			45.6494045878897
314			51.306796766205636
315			57.100845325020735
316			63.0893070038039
317			69.14664096262469
318			75.10880551890257
319			80.76006393832996
320			86.01720809088638
321			91.46121800531014
322			97.7999643903639
323			105.24525123660652
324			113.77062139311433
325			123.15881958589068
326			133.04223417598925
327			142.53778419626192
328			150.26981307130552
329			155.75849206057555
330			159.86730718496483
331			163.1176525939806
332			165.04727135204027
333			165.4261877431349
334			165.2376741923429
335			165.59512586998486
336			166.97052001033282
337			169.57067742074636
338			173.12990891614467
339			177.1409952513853
340			180.96709941309908
341			183.89883727892877
342			185.76009809463554
343			186.94595863193896
344			187.91217977504152
345			189.16566768716976
346			191.1477738734138
347			194.13733104917395
348			198.26375027521334
349			203.21025873614954
350			208.58624686129644
351			214.13464832323916
352			219.530373851235
353			223.4783450485694
354			224.3319809772862
355			222.46203087315428
356			219.7296034921241
357			217.55440707039324
358			216.838159670564
359			218.4168100642928
360			223.06103866550345
361			230.91698665770318
362			240.69242695730037
363			251.08262267005097
364			261.4530699515418
365			271.2600943771334
366			279.66103820524546
367			285.7422305732616
368			288.8283396032573
369			288.43402078816865
370			285.0536767268041
371			279.9091307903389
372			274.6911519009171
373			271.5506175452149
374			271.9358688944356
375			276.19861079720823
376			283.5358875171834
377			290.8057400594245
378			294.8272072782068
379			293.30986007877465
380			285.08457949821053
381			273.63265652334826
382			263.5577569936382
383			257.07873917804966
384			255.24542881816697
385			258.19588158166147
386			265.4113924772169
387			275.2409933350435
388			284.9733640899499
389			292.2934815517983
390			295.4953322757512
391			294.2031056709569
392			290.57138472673853
393			287.36292771473944
394			288.2439445776214
395			296.4173140969149
396			312.39117402725293
397			335.6946834619141
398			364.2114681336401
399			395.063716945581
400			424.3241275907372
401			447.6205995379063
402			463.2976034224262
403			471.99062863969266
404			475.55935574312736
405			477.2047982849698
406			479.15199152004305
407			481.8699831915633
408			485.63411491450296
409			490.6542075149804
410			496.89616742079795
411			503.4982189461253
412			509.5058230223756
413			514.4366405233181
414			517.9835907336351
415			520.004641839982
416			520.474721660803
417			519.848572561778
418			518.8952092449588
419			518.1529352132585
420			517.9222177273456
421			518.0220117454729
422			517.6386058528083
423			516.1874289049786
424			513.6047299278741
425			509.64616907659445
426			503.41297975169863
427			494.63280939581324
428			485.98926979041147
429			480.6538208316907
430			480.3032243615696
431			485.8744796717376
432			496.59010926538036
433			510.690990716571
434			525.255648089746
435			536.6285151258841
436			544.0396628306074
437			549.7042329179492
438			555.3909363522122
439			562.0254057072683
440			570.0604939747162
441			579.124007048275
442			588.5821064658782
443			597.3321171106294
444			604.5873392641129
445			611.2426424092471
446			618.477129965787
447			626.5034987991228
448			635.0475771248899
449			642.7312764194528
450			647.7038232840854
451			649.851643767094
452			650.3643233600335
453			650.3410836484125
454			650.7438375732462
455			652.0094296100872
456			653.829992461534
457			655.8704358249615
458			657.856488877093
459			659.634359363037
460			661.3707439299736
461			663.0755885853139
462			663.8926064728988
463			662.9659806823852
464			660.7369721291233
465			658.0870951868252
466			655.6190553412732
467			653.7801045091209
468			652.8553809122591
469			653.0047580590059
470			654.1453729568981
471			655.9602545528423
472			658.1241174958086
473			660.3149522772152
474			662.3520433734889
475			664.3141784759013
476			666.3251958697551
477			668.5530210187918
478			670.9867411943179
479			672.9401451079773
480			673.5475447349324
481			671.8077390756455
482			666.8490173654867
483			659.0992990029827
484			649.6692899935838
485			640.7096251565141
486			634.9204210881962
487			633.2585579252843
488			635.1687211234007
489			639.5660330548875
490			644.8154515995186
491			649.7141736660282
492			653.7897758189756
493			656.7856528828827
494			658.7729033465149
495			659.7556008571012
496			659.4078057745891
497			657.3418082853556
498			653.1698985757771
499			nan
500			nan
