Nom de l'instrument : SAM_80E0
Fichier_calib_utilise: /Users/mdlemineahmedou/Documents/Stage/pipeline_LOG/data/calibration/ALL_2023/Cal_SAM_80E0.dat
Date : 2023-10-10
Heure : 10:34:51
Comment : LIDAR_20231010

l_onde		data
280			nan
281			nan
282			nan
283			nan
284			nan
285			nan
286			nan
287			nan
288			nan
289			nan
290			nan
291			nan
292			nan
293			nan
294			nan
295			nan
296			nan
297			nan
298			nan
299			nan
300			nan
301			nan
302			nan
303			nan
304			nan
305			nan
306			nan
307			nan
308			nan
309			nan
310			nan
311			nan
312			nan
313			nan
314			nan
315			nan
316			nan
317			71.01435627244649
318			75.20845414460211
319			80.51320192986758
320			86.75359090585061
321			93.75461235015885
322			101.34125754039997
323			109.33851775418167
324			117.5715273785807
325			125.86901128926768
326			134.0634592447311
327			141.98735131663838
328			149.39832495348625
329			155.8652244901077
330			160.9275868093227
331			164.25252955772166
332			166.36229627109014
333			168.13056013588778
334			170.4045306071416
335			173.41015749445887
336			176.75884954813557
337			180.03621451049867
338			182.9434577595354
339			185.4570129451532
340			187.5933941804909
341			189.39544114338543
342			191.07260044105806
343			192.89930329639952
344			195.14245430107752
345			197.9083545845518
346			201.15107373177165
347			204.81829053026271
348			208.76462587554903
349			212.63197434891774
350			216.03263959975183
351			218.6365893722645
352			220.4647968656737
353			221.6703082504555
354			222.4080963461975
355			222.86680417385463
356			223.26611424605156
357			223.82741702537066
358			224.88794735066256
359			227.0432721862207
360			230.92389208094602
361			237.0050090092891
362			244.83684954432803
363			253.6285832000012
364			262.5876337460738
365			270.89787261027146
366			277.7217554747401
367			282.22342719200645
368			284.0664578187955
369			284.01716419908723
370			282.9893002718377
371			281.8377058954968
372			281.06830650319273
373			281.0590565753864
374			282.15411829901524
375			284.0431436967467
376			285.8209179258446
377			286.5621655896647
378			285.6660293694185
379			283.2509066434628
380			279.5318110997677
381			274.84624251235994
382			270.263992811785
383			267.12581623883045
384			266.71168547510734
385			269.0844851764348
386			273.1875020838354
387			277.9233009621404
388			282.4076901532318
389			286.23747249172436
390			289.0753492713556
391			290.805319139566
392			292.66611318695016
393			296.40890541037356
394			303.73491514800264
395			315.2911817785807
396			330.73167816797456
397			349.6701102059113
398			371.3125302560352
399			393.9178113167859
400			415.6106209735295
401			434.6776080701722
402			450.434536138528
403			462.6000030698191
404			470.93385487372905
405			476.08261352517076
406			479.5575551513969
407			482.90421086758624
408			487.1378513325739
409			491.989642796931
410			497.0001848953143
411			501.74238437936907
412			506.0049032614823
413			509.6647811713944
414			512.6005737590361
415			514.7206226926211
416			515.9636507328852
417			516.2700381285657
418			515.7036740405936
419			514.643654824419
420			513.5186353114558
421			512.6434080445857
422			511.52367825275826
423			509.3148267291209
424			505.20860623404116
425			499.3932210486108
426			493.129821687698
427			487.732268948176
428			484.2619378098037
429			483.09396524699434
430			484.48800698902687
431			488.6209994671123
432			495.03708836927024
433			502.9881869733036
434			511.72992007046855
435			520.6755452732561
436			529.4190587451685
437			537.5645647064856
438			544.9162024565238
439			551.8628682088168
440			558.8997428790101
441			566.4691732354221
442			574.5734096223113
443			582.996209570873
444			591.5190679037308
445			599.8998057861546
446			607.8671099404866
447			615.1478983310345
448			621.5323339394256
449			627.0112764113553
450			631.6153035088835
451			635.3825424225787
452			638.4203660167875
453			640.8733585842485
454			642.8865274523056
455			644.6075839659368
456			646.1878375290681
457			647.7788411014021
458			649.4695169307631
459			651.1311991321719
460			652.5880004763774
461			653.6691974292772
462			654.2568074964635
463			654.2637064796364
464			653.6071706019641
465			652.4063209223848
466			651.0726410799459
467			650.0405120070941
468			649.6461486903349
469			649.849567718134
470			650.5206812144959
471			651.5372886928043
472			652.8679251613785
473			654.5392141639247
474			656.576756862536
475			658.8801591594195
476			661.1491327934935
477			663.0656450181925
478			664.3073976473513
479			664.5339479219268
480			663.4000292743239
481			660.6032208193756
482			656.4028339039271
483			651.4532964654675
484			646.4166347858444
485			641.9017219790454
486			638.4245350724216
487			636.4916915972836
488			636.4645731893473
489			638.0151207632304
490			640.6109084778029
491			643.7242121930072
492			646.8989230517178
493			649.7344659477607
494			651.8317178374223
495			652.7915556769893
496			652.2148564227483
497			649.702497030986
498			nan
499			nan
500			nan
