Nom de l'instrument : SAM_80E0
Fichier_calib_utilise: /Users/mdlemineahmedou/Documents/Stage/pipeline_LOG/data/calibration/ALL_2023/Cal_SAM_80E0.dat
Date : 2023-10-10
Heure : 10:16:24
Comment : LIDAR_20231010

l_onde		data
280			nan
281			nan
282			nan
283			nan
284			nan
285			nan
286			nan
287			nan
288			nan
289			nan
290			nan
291			nan
292			nan
293			nan
294			nan
295			nan
296			nan
297			nan
298			nan
299			nan
300			nan
301			nan
302			nan
303			nan
304			nan
305			nan
306			nan
307			nan
308			nan
309			nan
310			nan
311			nan
312			nan
313			nan
314			nan
315			nan
316			nan
317			63.623930927257256
318			67.39402076797927
319			72.2292831524462
320			77.95381378151741
321			84.39170835605222
322			91.36706257690994
323			98.70397214494996
324			106.2273393440424
325			113.78230290445228
326			121.2352209106734
327			128.45326192581612
328			135.22670842354734
329			141.151895049298
330			145.79504880019152
331			148.84176350919634
332			150.7777040280272
333			152.41733905141808
334			154.54985932802228
335			157.3715098254376
336			160.4920021172284
337			163.49648370863048
338			166.09815792724473
339			168.31511826990052
340			170.20985824775752
341			171.86036693153218
342			173.4427003328201
343			175.17116522797468
344			177.25458160754093
345			179.78512684093607
346			182.74441600878302
347			186.10928795245857
348			189.7570167669897
349			193.33727584569692
350			196.46807857364226
351			198.82613057207666
352			200.44540128698344
353			201.49428797503293
354			202.14165478830117
355			202.56082458812767
356			202.92923057863072
357			203.42502663652593
358			204.34629838506035
359			206.25857837919793
360			209.76356533016786
361			215.3142229658603
362			222.47763308383077
363			230.4942349725945
364			238.60536353626205
365			246.0798526461848
366			252.21154051872313
367			256.2972511114417
368			258.0536902669413
369			258.1246764281833
370			257.27798286628416
371			256.23945110469134
372			255.48658489233526
373			255.40580541095528
374			256.35123470415317
375			258.0504812143271
376			259.6617318493802
377			260.3239425819848
378			259.4807453092206
379			257.2512570650795
380			253.84533169957453
381			249.58081875396624
382			245.42122802517773
383			242.56897613570513
384			242.17215929809552
385			244.29126800161663
386			247.9863054461204
387			252.28083469686152
388			256.37773231548226
389			259.8843363035798
390			262.46339774142535
391			263.98598199813443
392			265.5984074937413
393			268.9293715733189
394			275.56044693182497
395			286.0787873459114
396			300.13477662357997
397			317.34094000090863
398			336.95752876454407
399			357.4262887928586
400			377.0729923055323
401			394.3669483408698
402			408.6893976608371
403			419.7785455484996
404			427.40971496639406
405			432.1563992974927
406			435.3705287071031
407			438.4348823634179
408			442.2591140837713
409			446.6071344164473
410			451.0728206818364
411			455.2814822459766
412			459.06833978351057
413			462.3545977881841
414			465.0609987086255
415			467.0910858753049
416			468.3308598912576
417			468.6658576207572
418			468.121095622235
419			467.0775566941847
420			465.9721904552073
421			465.1332757994347
422			464.11689473564616
423			462.14477791952106
424			458.471417025154
425			453.2508189027195
426			447.6055587675628
427			442.7058121232393
428			439.50525889529666
429			438.36915984453094
430			439.56375559983456
431			443.27693265741834
432			449.0971796582188
433			456.3361741775707
434			464.30894981006344
435			472.47509318797916
436			480.4599324837949
437			487.8980658175736
438			494.6082372136165
439			500.94749923314095
440			507.37074673918073
441			514.2838739258517
442			521.6846105659913
443			529.3680467659411
444			537.1273299149533
445			544.7390324786265
446			551.9593286731476
447			558.5431607703215
448			564.3069474909412
449			569.2621919870105
450			573.4590048591209
451			576.9500576916365
452			579.8115121975692
453			582.1321532791125
454			584.0016715647861
455			585.5419688643846
456			586.9178082943486
457			588.2969163695752
458			589.7830342475859
459			591.2576087191145
460			592.5538438757707
461			593.5106157815743
462			594.0247329913999
463			594.0268998264445
464			593.4515593210984
465			592.3997767852427
466			591.2139619167867
467			590.2554260735742
468			589.810329300548
469			589.876831529651
470			590.3841128777025
471			591.2643752838637
472			592.4845833359524
473			594.0339565436118
474			595.9005932216717
475			597.9776751795309
476			600.0077971691668
477			601.7201864194105
478			602.8373433553917
479			603.0531535368397
480			602.0538951450476
481			599.5638858214245
482			595.8061633765083
483			591.3545601839429
484			586.7898533002063
485			582.6625075396505
486			579.4700108427356
487			577.7045136070884
488			577.7171904554709
489			579.1899982564352
490			581.6065216949195
491			584.4563055075538
492			587.3195327811637
493			589.8466717059831
494			591.6900282440233
495			592.5019083572959
496			591.9346180078118
497			589.6404631575829
498			nan
499			nan
500			nan
