Nom de l'instrument : SAM_80E0
Fichier_calib_utilise: /Users/mdlemineahmedou/Documents/Stage/pipeline_LOG/data/calibration/ALL_2023/Cal_SAM_80E0.dat
Date : 2023-10-10
Heure : 10:35:13
Comment : LIDAR_20231010

l_onde		data
280			nan
281			nan
282			nan
283			nan
284			nan
285			nan
286			nan
287			nan
288			nan
289			nan
290			nan
291			nan
292			nan
293			nan
294			nan
295			nan
296			nan
297			nan
298			nan
299			nan
300			nan
301			nan
302			nan
303			nan
304			nan
305			nan
306			nan
307			nan
308			nan
309			nan
310			nan
311			nan
312			nan
313			nan
314			nan
315			nan
316			nan
317			70.2401056245502
318			75.05839992883453
319			80.5926523873071
320			86.7609841836166
321			93.48151650141159
322			100.6723705243407
323			108.25166743605263
324			116.13593114775983
325			124.20161143373798
326			132.28313748369487
327			140.21270920656048
328			147.72585526989874
329			154.31424778085446
330			159.43170357577426
331			162.67584094308992
332			164.60812523522452
333			166.18613241390642
334			168.3383750396335
335			171.31037281911787
336			174.67203880256002
337			177.96491451654796
338			180.85567315481603
339			183.30891591208646
340			185.3326301229063
341			186.9674550364491
342			188.46067448090727
343			190.14017348513994
344			192.32393079585307
345			195.11877946711215
346			198.43141343726515
347			202.16031566761797
348			206.12695823398118
349			209.97676966040248
350			213.3306902322693
351			215.86777491967504
352			217.62082692040602
353			218.7557544277483
354			219.43973123806376
355			219.86037423501523
356			220.22414613662963
357			220.7387810507986
358			221.73192574100108
359			223.7986313297649
360			227.5701093388915
361			233.52239012058422
362			241.20722790189433
363			249.83557768795924
364			258.6173584730875
365			266.7527655053556
366			273.43315239513663
367			277.8519175392462
368			279.68122938158234
369			279.65039590729015
370			278.63006451392334
371			277.43899636509747
372			276.58866011742407
373			276.4778190991738
374			277.4710657034867
375			279.27065447274964
376			280.9768587080723
377			281.6696168314794
378			280.7500761054041
379			278.33152341395436
380			274.6229061943755
381			269.95554445584395
382			265.3923717114291
383			262.2670326698
384			261.8523577378428
385			264.20344641438527
386			268.25520889678006
387			272.901856552795
388			277.26091032529484
389			280.95359062271154
390			283.67012699837005
391			285.3144013220238
392			287.0982267141951
393			290.7281561200362
394			297.86245874276506
395			309.14050658207947
396			324.2418424511754
397			342.80700493560363
398			364.0607088049466
399			386.26150586723696
400			407.5310527403093
401			426.1582102340491
402			441.49413668257034
403			453.3058137948765
404			461.3993542346367
405			466.4203132700624
406			469.83293473925426
407			473.1338368576665
408			477.2999026057469
409			482.0493989415371
410			486.91380879322736
411			491.46154095572916
412			495.50760468679914
413			498.96802166572013
414			501.7591831017771
415			503.7990250803267
416			505.00705942680685
417			505.30316224654706
418			504.7325362184229
419			503.6602300708329
420			502.5015803524829
421			501.5629682009395
422			500.3765549302156
423			498.1392745949143
424			494.0828580961568
425			488.39234345046066
426			482.2792584310681
427			477.00555951789215
428			473.59208551577706
429			472.4043350037939
430			473.6975248443648
431			477.64783769144896
432			483.82685586172954
433			491.52694802080373
434			500.0432928758838
435			508.79972331044803
436			517.3675844406285
437			525.3265122903324
438			532.4664058672423
439			539.1918200391966
440			546.0190287720195
441			553.4082832443967
442			561.3531775669377
443			569.6156265864232
444			577.9555704820884
445			586.1225103729304
446			593.853100347165
447			600.8832286356796
448			607.0143051107159
449			612.2556607646501
450			616.6577744349528
451			620.2760475075992
452			623.2110324932436
453			625.5875453366464
454			627.5309393468743
455			629.1790683069604
456			630.6864195609137
457			632.2086269025509
458			633.8371347079147
459			635.4403840509881
460			636.8384194522979
461			637.8572555676722
462			638.3838849251257
463			638.3409776435393
464			637.6553876552952
465			636.441857362667
466			635.0872766203013
467			633.9998493804633
468			633.5019226128827
469			633.58681615899
470			634.1690435352991
471			635.1661372562838
472			636.5303599937524
473			638.236208540512
474			640.2570670261238
475			642.4719703023776
476			644.6102660824043
477			646.3880144414395
478			647.5148986899342
479			647.6734762886654
480			646.5390931808646
481			643.82680828724
482			639.77234143766
483			634.9776399126966
484			630.0519779355031
485			625.579502806942
486			622.1004473662542
487			620.1506199688898
488			620.1132456110513
489			621.6472298581547
490			624.1967726342676
491			627.2127322357981
492			630.2472087451171
493			632.930809734861
494			634.8961955433714
495			635.7760265089906
496			635.2029629700608
497			632.809665264924
498			nan
499			nan
500			nan
