Nom de l'instrument : SAM_877E
Fichier_calib_utilise: /Users/mdlemineahmedou/Documents/Stage/pipeline_LOG/data/calibration/ALL_2023/Cal_SAM_877E.dat
Date : 2023-10-10
Heure : 11:34:35

l_onde		data
280			2.9373167279774792
281			3.0554151280053157
282			3.1878189595124256
283			3.337694538511864
284			3.5008826073612886
285			3.6666681257179694
286			3.8209296346258963
287			3.9454153635269047
288			4.036372867429047
289			4.1199769326418245
290			4.216888844617259
291			4.318991999026414
292			4.418608831317813
293			4.538643736210933
294			4.704188498872612
295			4.880273693032146
296			5.0092054874814975
297			5.124653250755145
298			5.3268600587086405
299			5.690945662064128
300			6.262658865094047
301			7.091594525735167
302			8.236235574681276
303			9.763439167676497
304			11.75910469417209
305			14.294656799681402
306			17.37259024762465
307			20.993773774361532
308			25.2557472313125
309			30.277917739919115
310			36.019451866025165
311			42.339668900797875
312			48.99850947924236
313			55.675477868805736
314			62.28052328398434
315			69.0271015302284
316			76.00963093495083
317			83.04987589344874
318			89.93686975075289
319			96.45613255759757
320			102.5488759801241
321			108.88682990821705
322			116.27897679820694
323			124.97157096385531
324			134.9422600477268
325			145.9728789950473
326			157.68292986297274
327			168.97838056870697
328			178.0816331316371
329			184.40991778115068
330			189.1736033741326
331			193.08533135587624
332			195.45472145324337
333			195.8953446429218
334			195.6597088093997
335			196.16975775463504
336			197.94799250408133
337			201.1661902473092
338			205.50723908702224
339			210.40117262697058
340			215.10294515711297
341			218.76457913989654
342			221.14021284742452
343			222.63076544350704
344			223.7882571200726
345			225.35105923824256
346			227.9145416178393
347			231.70447880159057
348			236.77859691224705
349			242.78611643404028
350			249.30651241677415
351			256.0298617989876
352			262.55589470174203
353			267.38960822417505
354			268.63893130818843
355			266.68332086285307
356			263.5855364015574
357			261.0484844590783
358			260.338266379411
359			262.5196655047006
360			268.37185441321566
361			277.97638530748884
362			289.8516111335461
363			302.50177921222746
364			315.1577499299907
365			327.1470375973552
366			337.4633025521999
367			345.017299185677
368			348.9558213187926
369			348.63483481542426
370			344.6680795890613
371			338.5992141578248
372			332.4716499509917
373			328.8151480566691
374			329.3900413774745
375			334.7557887027286
376			343.99650937244996
377			353.17131499113594
378			358.3061874580631
379			356.6355019903035
380			346.7758803848882
381			332.9646298345085
382			320.7986862990296
383			313.0159787982327
384			310.94459841164615
385			314.71806758050116
386			323.6197950740268
387			335.67804185451047
388			347.7454426389204
389			357.01345158491455
390			361.2132461258466
391			359.7671725095289
392			355.34775986175043
393			351.40209067239715
394			352.5185906548472
395			362.6957528774991
396			382.5079412718993
397			411.3008380999059
398			446.42849999893036
399			484.33168337554224
400			520.2645793907346
401			548.9882356125097
402			568.4967849137932
403			579.5107342788084
404			584.2113276119131
405			586.3822523918902
406			588.7657343238536
407			592.2133747610892
408			597.1998310170213
409			603.724375373076
410			611.5394024995722
411			619.7722649439504
412			627.4612661740124
413			633.9015566935898
414			638.5226980698321
415			641.1537407203398
416			641.8582629248978
417			641.2545898638309
418			640.3197857534076
419			639.6748696306023
420			639.5822917816049
421			639.8208610731673
422			639.5398701515068
423			638.0621907436972
424			635.1253251555975
425			630.3117171991744
426			622.651897829381
427			611.9472201532604
428			601.4641727073715
429			595.0377272457054
430			594.7305971627594
431			601.7220857967906
432			615.102706166847
433			632.759615571224
434			651.0598653525735
435			665.4018947734336
436			674.7619393589453
437			681.8210325912135
438			688.8206416323824
439			697.1197707241515
440			707.3667469812034
441			718.9093759721169
442			730.8131896766106
443			741.781275887413
444			750.9315179840181
445			759.398168108242
446			768.6385370467848
447			778.8419592813699
448			789.5803525095105
449			799.1736793602522
450			805.4148140156866
451			808.1952683474145
452			808.9800966413268
453			809.1145600227601
454			809.7672525424265
455			811.4833300679508
456			813.9245170047823
457			816.7054676778295
458			819.483385347951
459			822.028430041978
460			824.4161177369693
461			826.5711760115968
462			827.5871496738405
463			826.5797380315889
464			824.036847719511
465			820.9182418761429
466			817.9415901456296
467			815.6897393207129
468			814.6077751287509
469			815.023286878634
470			816.8146117444205
471			819.4273300603879
472			822.4114873324914
473			825.4813718403857
474			828.4371822008046
475			831.2163463405083
476			833.8704718793358
477			836.7062489660045
478			839.8020750051559
479			842.2601053302942
480			842.9459633925587
481			840.6483738867488
482			834.347518230533
483			824.6457147568096
484			812.9879245943316
485			802.0102253353853
486			794.9734070552198
487			793.0631391922019
488			795.661547984937
489			801.403681710505
490			808.1362596398282
491			814.319990782385
492			819.4533252339904
493			823.2761828238752
494			825.8532541593746
495			827.1718637794346
496			826.8593769985237
497			824.4757838325048
498			819.5810742972408
499			nan
500			nan
