Nom de l'instrument : SAM_81D7
Fichier_calib_utilise: /Users/mdlemineahmedou/Documents/Stage/pipeline_LOG/data/calibration/ALL_2023/Cal_SAM_81D7.dat
Date : 2023-10-10
Heure : 12:03:33

l_onde		data
280			nan
281			nan
282			nan
283			nan
284			nan
285			nan
286			nan
287			nan
288			nan
289			nan
290			nan
291			nan
292			nan
293			nan
294			nan
295			nan
296			nan
297			nan
298			nan
299			nan
300			nan
301			nan
302			nan
303			nan
304			nan
305			nan
306			nan
307			nan
308			nan
309			nan
310			nan
311			nan
312			nan
313			nan
314			nan
315			nan
316			nan
317			nan
318			nan
319			0.012728914110585741
320			0.013470137191158547
321			0.015129478327760853
322			0.01710332003299232
323			0.01878804481945261
324			0.019580035199741396
325			0.018875674681743258
326			0.016435265660736154
327			0.013414162783410472
328			0.011301954039681348
329			0.011424517016221072
330			0.013347621061618135
331			0.015565901603773242
332			0.01658045371028943
333			0.01595777042561505
334			0.014794404457615123
335			0.014305287315874101
336			0.015289056947692973
337			0.01704413418502536
338			0.018531112131635167
339			0.018823511144556944
340			0.018132895038710566
341			0.017329783424074423
342			0.017280940841794417
343			0.01832955826282125
344			0.020098659063717703
345			0.022158889402544617
346			0.02409197552199451
347			0.025517918651101614
348			0.026064978777864248
349			0.025450141947104238
350			0.024247953749444752
351			0.023513486884910065
352			0.024284766058560513
353			0.02666841666661193
354			0.029523487550307644
355			0.031621823041862014
356			0.03219168374035363
357			0.03200072233555167
358			0.032140801390249836
359			0.033572315566618556
360			0.03601104015912922
361			0.038486719836370316
362			0.04004050933350277
363			0.04046893160546612
364			0.04056941324382039
365			0.041208236372255146
366			0.042961455131672335
367			0.045432587358006635
368			0.04802167336141211
369			0.05016933917073239
370			0.05170004167820758
371			0.052649629379147654
372			0.05306049149351876
373			0.05315308471535139
374			0.05338477804511954
375			0.05422931803711735
376			0.05594829032866052
377			0.05808520377076184
378			0.06003179648192948
379			0.06124803951272265
380			0.06185065754069526
381			0.06232317328568577
382			0.06314692366351891
383			0.06453846247336265
384			0.0663555936162234
385			0.06843060076008863
386			0.07062961568829129
387			0.07293630647285158
388			0.07535983662398148
389			0.07791186618659372
390			0.08062895239403028
391			0.08356195129310805
392			0.08676356107142968
393			0.09036362869137951
394			0.09459988057514035
395			0.09971807588174013
396			0.10588695305767616
397			0.11299675115359702
398			0.12087478232640024
399			0.1293285260309232
400			0.13795694176052128
401			0.1462342340100156
402			0.15363920557887537
403			0.15997389302647158
404			0.1655127716043359
405			0.17056779099093292
406			0.17542853502654088
407			0.18029918299142275
408			0.18536353209043085
409			0.19078971143183002
410			0.1965691690643192
411			0.20258190568704357
412			0.20870704443775157
413			0.21487551212900133
414			0.2210983376746791
415			0.2273934179148099
416			0.23377032401263362
417			0.24020460929868045
418			0.2466631400415445
419			0.2531156233237042
420			0.2595667221338642
421			0.2660446039886132
422			0.2725769326274702
423			0.27912359481279553
424			0.28553232494492903
425			0.2916403298020843
426			0.2974221358205262
427			0.3034600148290159
428			0.3105043147487224
429			0.3192633908310235
430			0.3298716005334212
431			0.3420477158988702
432			0.35550231692781536
433			0.3700454360552607
434			0.3856651617528388
435			0.40236807965489924
436			0.42012849604075186
437			0.4387641713199847
438			0.45804547527360373
439			0.477768685298718
440			0.4981309169791725
441			0.519644654175327
442			0.5428277461991079
443			0.5678057251836308
444			0.5939360873347879
445			0.6204872294379568
446			0.6468228688821883
447			0.6728189510976582
448			0.6985227377550083
449			0.7239761526552568
450			0.7491236298708323
451			0.7738255540623634
452			0.7979401319298544
453			0.8214317796131826
454			0.8444946029617115
455			0.8673526888631304
456			0.8901954216111814
457			0.9130032882115329
458			0.9356789843273794
459			0.958125815719403
460			0.9802627206910797
461			1.0020235192703502
462			1.0233431125219856
463			1.0443088271813148
464			1.0653757468643403
465			1.0870533077259572
466			1.1097962106838413
467			1.1336860105261783
468			1.1586485529388004
469			1.1846151048636067
470			1.211668641953224
471			1.2400527397023247
472			1.2700182575913532
473			1.3015356653418968
474			1.3338134814461236
475			1.36593202496588
476			1.3970246657544756
477			1.4266389906741705
478			1.4545172710289966
479			1.4804031231660113
480			1.504047043016767
481			1.525207678507357
482			1.5436443314298218
483			1.5594714132413925
484			1.5739001051130022
485			1.5883526694659125
486			1.604180442862041
487			1.6220929238278454
488			1.6424584425649873
489			1.6656212442297846
490			1.6910602793541494
491			1.7170996362038298
492			1.7419830636353923
493			1.7643090493605642
494			1.783931568591483
495			1.8009822142425538
496			1.8155925792281813
497			1.8278942564627711
498			1.8380188388607275
499			nan
500			nan
