Nom de l'instrument : SAM_81D7
Fichier_calib_utilise: /Users/mdlemineahmedou/Documents/Stage/pipeline_LOG/data/calibration/ALL_2023/Cal_SAM_81D7.dat
Date : 2023-10-10
Heure : 10:14:44

l_onde		data
280			nan
281			nan
282			nan
283			nan
284			nan
285			nan
286			nan
287			nan
288			nan
289			nan
290			nan
291			nan
292			nan
293			nan
294			nan
295			nan
296			nan
297			nan
298			nan
299			nan
300			nan
301			nan
302			nan
303			nan
304			nan
305			nan
306			nan
307			nan
308			nan
309			nan
310			nan
311			nan
312			nan
313			nan
314			nan
315			nan
316			nan
317			nan
318			nan
319			0.3772106946913019
320			0.40557513589354893
321			0.4370262939382935
322			0.4706190300781559
323			0.5054082055657567
324			0.5404486816537164
325			0.5747953196049504
326			0.6075067451013024
327			0.6376560144059403
328			0.6643196411302682
329			0.6866633855252927
330			0.7048125299155851
331			0.7194762847151435
332			0.7313772454449584
333			0.7414900005025261
334			0.7511510351015454
335			0.7617248165229266
336			0.774019744417803
337			0.7868402907981006
338			0.798539671444307
339			0.8076284300016552
340			0.8142026082305742
341			0.8192762911910031
342			0.8238675278398636
343			0.8286728532107447
344			0.8339465647570586
345			0.839910799903581
346			0.8468294005048542
347			0.8551102719792661
348			0.8651924049620262
349			0.8773835386360823
350			0.8907228340483033
351			0.9035386139279575
352			0.914171794195936
353			0.9218147711792083
354			0.9268004692055223
355			0.9295416620631062
356			0.9308448999427023
357			0.9328448545844767
358			0.937955912118129
359			0.9483982940640933
360			0.9645540467527568
361			0.9857920196216737
362			1.0114537817724158
363			1.0402019951562467
364			1.0697997331292535
365			1.0979481643340776
366			1.1225008186373098
367			1.1418217790931957
368			1.1543819485208318
369			1.1590113679741154
370			1.1579365525178411
371			1.155254596564164
372			1.1550253961286716
373			1.1589822149802587
374			1.1657628171919503
375			1.1737905527305375
376			1.1813955226237287
377			1.186592218881998
378			1.1873284272628881
379			1.181893900163517
380			1.1718698773039211
381			1.1606758997954467
382			1.1517342888729478
383			1.1477283451954394
384			1.1503400836916757
385			1.1611801737286802
386			1.1806749636643898
387			1.2051382923535987
388			1.2299919317582115
389			1.2511274502954057
390			1.2691215548935129
391			1.2872416949261498
392			1.3087931730576625
393			1.337349441731536
394			1.3768589153190394
395			1.4312978769094216
396			1.502900756918748
397			1.5876036161271723
398			1.6799193997074473
399			1.7743816302999986
400			1.8657401809322902
401			1.9488743644802533
402			2.0187235777833004
403			2.0732302363591932
404			2.1147259699506074
405			2.1458905673364215
406			2.1695018777201387
407			2.1887121966975824
408			2.206763182711293
409			2.226620386373881
410			2.2481358324350937
411			2.2691975875043173
412			2.2876787171658313
413			2.3023928237737152
414			2.3136078268113667
415			2.3217163384039594
416			2.3270857719451503
417			2.3299805814830306
418			2.3306389285555396
419			2.329277587312857
420			2.3258501628145565
421			2.3201333038946155
422			2.311902773238282
423			2.3011074579283672
424			2.287982718580798
425			2.2727908067752867
426			2.2562382914093404
427			2.2409981881844208
428			2.230287346945065
429			2.2271867030530026
430			2.2329193769132942
431			2.247363395261379
432			2.2703584391697333
433			2.3009811971398206
434			2.336942323409843
435			2.375810563195859
436			2.41542526264581
437			2.4549381069607783
438			2.4938980615304
439			2.531915618489032
440			2.569551479421917
441			2.6081139441391423
442			2.64892339417617
443			2.6922908125447167
444			2.7365510915498192
445			2.7798098783133
446			2.8203988502206077
447			2.8578643122897227
448			2.8921588054782172
449			2.9232383134650397
450			2.951115141885824
451			2.9758501535667907
452			2.9975068347625684
453			3.0163394770414462
454			3.033015009653592
455			3.0482542228000327
456			3.0626773010550483
457			3.0762988188582994
458			3.0889078272555173
459			3.100298457069102
460			3.110379968606832
461			3.119171222086224
462			3.126695687850333
463			3.133056587359375
464			3.138549557314178
465			3.143498672379345
466			3.1482727983527403
467			3.1535461552950905
468			3.1601203836914893
469			3.1687771200697465
470			3.1797762422412084
471			3.1928252907977726
472			3.2076050751353518
473			3.223679990907504
474			3.240298082719624
475			3.2566541686416195
476			3.271915679715234
477			3.285036210909744
478			3.294868852976833
479			3.300288961572569
480			3.3009006268709524
481			3.297171456285102
482			3.289619279722871
483			3.2791034151234473
484			3.2675378792052303
485			3.2570396730818443
486			3.2496277536258713
487			3.246433833993131
488			3.2481180138858825
489			3.2553024994896216
490			3.267223203729755
491			3.2812658283657354
492			3.294687357409555
493			3.3052216415700344
494			3.3122902524484807
495			3.315687956278634
496			3.3152095192942372
497			3.3106497077290284
498			3.301803287816749
499			nan
500			nan
