Nom de l'instrument : SAM_81D7
Fichier_calib_utilise: /Users/mdlemineahmedou/Documents/Stage/pipeline_LOG/data/calibration/ALL_2023/Cal_SAM_81D7.dat
Date : 2023-10-10
Heure : 11:31:27

l_onde		data
280			nan
281			nan
282			nan
283			nan
284			nan
285			nan
286			nan
287			nan
288			nan
289			nan
290			nan
291			nan
292			nan
293			nan
294			nan
295			nan
296			nan
297			nan
298			nan
299			nan
300			nan
301			nan
302			nan
303			nan
304			nan
305			nan
306			nan
307			nan
308			nan
309			nan
310			nan
311			nan
312			nan
313			nan
314			nan
315			nan
316			nan
317			nan
318			nan
319			0.10993796773745874
320			0.11526975028382312
321			0.1230617710120658
322			0.1321244758004896
323			0.14126831052739752
324			0.1493037210710925
325			0.1550411550479874
326			0.1579265877129271
327			0.15984223572932837
328			0.16325400222114397
329			0.17034695129611813
330			0.18028674782888235
331			0.19040156689161938
332			0.1980324620245207
333			0.20243666430266632
334			0.2056233022308269
335			0.2098144142521851
336			0.21645910182646594
337			0.22422099626269573
338			0.23113648029146222
339			0.2354730035571579
340			0.23782663153403938
341			0.24014175684935726
342			0.2443512109768356
343			0.2511444926164271
344			0.25950091488255833
345			0.268275428411803
346			0.27652540468471604
347			0.2840074566855246
348			0.2906290757550142
349			0.2963563904114111
350			0.30172227216878483
351			0.30757716276113745
352			0.314751415683575
353			0.3230920972037206
354			0.3311291949955556
355			0.3373006929374375
356			0.3409005808124841
357			0.3441099688134911
358			0.34971802075850605
359			0.3601508816742451
360			0.37439796247676166
361			0.38955435609693245
362			0.4027489674952816
363			0.41329023582560587
364			0.42337460061432086
365			0.4353971162932188
366			0.45057043845523553
367			0.4661450761535614
368			0.47854256396447575
369			0.4846630694315918
370			0.48593333030680474
371			0.4862730546161289
372			0.4895633440177977
373			0.49703474550226207
374			0.5063913393484123
375			0.5150930486325809
376			0.5212250729222594
377			0.5249889135982863
378			0.5270333677660496
379			0.527998345658619
380			0.5284382198448782
381			0.5288595899595756
382			0.529773661240237
383			0.5319111095000673
384			0.5362999673009512
385			0.5439893717903673
386			0.5554743780695334
387			0.5693260124811738
388			0.5836979497837534
389			0.5969054300629797
390			0.6088749357377727
391			0.6204583088776366
392			0.6325375486741335
393			0.6468777657349661
394			0.6664789520095654
395			0.6944330347204233
396			0.7325356746100343
397			0.7778953590661325
398			0.8265615094099389
399			0.8747431894591134
400			0.9203279356422459
401			0.9622074944723098
402			0.9992962246657622
403			1.0309758637622166
404			1.0573112705198822
405			1.0784214913151342
406			1.094842045767967
407			1.1086987678802143
408			1.122497025341974
409			1.1385407009351343
410			1.15686163585243
411			1.1760585068386993
412			1.1947171620276142
413			1.2119976089595756
414			1.22794765657412
415			1.2426912335920874
416			1.256387130562666
417			1.269336579769852
418			1.2818771885419646
419			1.2942973279155705
420			1.3062795221946857
421			1.3170989212806712
422			1.32603038609388
423			1.3328735034058001
424			1.338296137773165
425			1.3430476580586255
426			1.3479604243428154
427			1.3542340968516078
428			1.3631699151464254
429			1.3760454168648444
430			1.3938141548751586
431			1.4171951108572578
432			1.446891560647291
433			1.4826467260707827
434			1.522484983026162
435			1.5642521469238124
436			1.6062042900583413
437			1.6485871161984091
438			1.6922486438615059
439			1.7380045424455692
440			1.7861681470385669
441			1.8366575701403691
442			1.889377990855623
443			1.9439528387835523
444			1.9994539649682481
445			2.0548892321325676
446			2.1093265658321463
447			2.162156653606843
448			2.2128781317327464
449			2.2610167748751486
450			2.3065815887427177
451			2.3499981899584004
452			2.391705077351475
453			2.431999723875918
454			2.4708746183678447
455			2.508282440563751
456			2.5442123380415707
457			2.5788729818301204
458			2.6125547913815965
459			2.645536164429274
460			2.6778391254141587
461			2.7092416388859
462			2.7395129363561694
463			2.7687216348126773
464			2.79765867753099
465			2.827221763825015
466			2.85822802546306
467			2.8909453416783064
468			2.9254123956532454
469			2.961671437813389
470			2.9998753248111574
471			3.0402940017804805
472			3.083202494523055
473			3.1285235348300446
474			3.1752225054955003
475			3.2221037139174253
476			3.2679346912877167
477			3.3111958226563805
478			3.350232532690018
479			3.383421291209735
480			3.4101537237507764
481			3.4310243691700175
482			3.4466976416471065
483			3.458144164917812
484			3.46728030258399
485			3.476204432713179
486			3.4869950885637926
487			3.5015512193409934
488			3.5216763165375204
489			3.5491107796531214
490			3.583023174258238
491			3.6191495772934017
492			3.6529872750808026
493			3.680999758343028
494			3.7030700968250567
495			3.7198375093140608
496			3.7319412145972124
497			3.7400204314616823
498			3.744714378694641
499			nan
500			nan
