Nom de l'instrument : SAM_877D
Fichier_calib_utilise: /Users/mdlemineahmedou/Documents/Stage/pipeline_LOG/data/calibration/ALL_2023/Cal_SAM_877d.dat
Date : 2023-10-10
Heure : 12:19:22

l_onde		data
280			0.31959980909461577
281			0.29114502201527026
282			0.25241630098078965
283			0.25532941434046363
284			0.30643836718866996
285			0.3442681054762439
286			0.33483528278678415
287			0.3184827559495269
288			0.3306670931445511
289			0.35533923318478433
290			0.3683000818249437
291			0.36071857878141955
292			0.33313714224397595
293			0.3221860504839022
294			0.3764498951067422
295			0.4577708055795245
296			0.46743860191470565
297			0.40756878709804323
298			0.38973759388518586
299			0.44697181990690504
300			0.4793861325511898
301			0.4362446026035841
302			0.41002269275268105
303			0.47282285263313045
304			0.5507165734092864
305			0.558338585911751
306			0.5262289947219002
307			0.5200414119531768
308			0.5671617374839975
309			0.6727178934043603
310			0.803151044954782
311			0.8986207712370099
312			0.9666835863399449
313			1.0875339597268314
314			1.273176893392921
315			1.422908217810675
316			1.4958649574709701
317			1.6123831499923116
318			1.8596919223142576
319			2.1312087972010776
320			2.3125469323338987
321			2.470313701331677
322			2.7170993565623087
323			3.054052225112995
324			3.4300532145705036
325			3.824594214179936
326			4.238993246494161
327			4.669126260118281
328			5.104405952138185
329			5.512700377196265
330			5.8309460253650425
331			6.054483480116887
332			6.3087209307630605
333			6.673142570875035
334			7.028952598768947
335			7.264741395156696
336			7.490561673768364
337			7.855193818195851
338			8.310795855410856
339			8.733314742273697
340			9.118442173826415
341			9.535373718085951
342			9.990729440208561
343			10.433364053723324
344			10.828475453425865
345			11.165759389351301
346			11.489858662683602
347			11.944441797559437
348			12.600491693747797
349			13.303093442305935
350			13.91927055726071
351			14.556006700398859
352			15.328961363197179
353			16.044264393367502
354			16.43270754286462
355			16.590227224396532
356			16.79653797864831
357			17.138551142752814
358			17.556958946182394
359			18.072005220865165
360			18.79294097053034
361			19.76474214356957
362			20.927253670943408
363			22.20391874860173
364			23.501748600188662
365			24.747990740618814
366			25.94094856833817
367			27.059369324989706
368			27.924853739372214
369			28.358689034178298
370			28.499419061628185
371			28.606225078593692
372			28.786414861521674
373			29.059896440246927
374			29.53216286352906
375			30.375468359570736
376			31.532327906641164
377			32.66988624229459
378			33.4903389441865
379			33.78172002255372
380			33.49682876918936
381			32.95924116998427
382			32.49791686621716
383			32.27688062621455
384			32.426540705082026
385			33.08528643572778
386			34.34533867146962
387			35.94016859627528
388			37.461839865609974
389			38.71628123655066
390			39.64641827170147
391			40.22974868429513
392			40.479861375492405
393			40.66733832123019
394			41.37106257361112
395			43.038583557931254
396			45.86424106976516
397			49.799967190826834
398			54.28156397426623
399			58.749728457642604
400			62.91399339493756
401			66.55349311871787
402			69.51008164785858
403			71.68905725361277
404			73.31131067975282
405			74.71466757994554
406			76.02459464166627
407			77.24511527195415
408			78.5063217137741
409			80.03769629973856
410			81.8527006594095
411			83.7155287268281
412			85.48109436370137
413			87.16827568987716
414			88.7680124644982
415			90.17901925712106
416			91.34001064352319
417			92.34970558922711
418			93.33178198396243
419			94.38531411208322
420			95.57419162482635
421			96.78373757550604
422			97.84480764392748
423			98.72255716233641
424			99.44506261384537
425			99.90872253389489
426			99.92518637692851
427			99.60031978250015
428			99.33677477309469
429			99.54071834181265
430			100.60381520710304
431			102.74434953337222
432			105.86028590383219
433			109.69664939653828
434			113.69551208386692
435			117.36210721529206
436			120.60072921730534
437			123.45918414927745
438			126.25876797212472
439			129.36158648681447
440			132.79886599627815
441			136.4544273465849
442			140.19212513792542
443			143.86973002742823
444			147.43504504324724
445			150.91168613814023
446			154.39352936044358
447			158.04462850519818
448			161.81444304190833
449			165.33296609463372
450			168.3277956707144
451			170.7712434852189
452			172.73728485035224
453			174.49794821336044
454			176.3040003493459
455			178.19988382464902
456			180.17822914170546
457			182.215270282885
458			184.2775533874198
459			186.29962470720622
460			188.20349632955978
461			189.93130215374694
462			191.43858092652616
463			192.69922274200007
464			193.70456569972393
465			194.51720698950123
466			195.27641165980668
467			196.13139851948017
468			197.23950175855603
469			198.67617974380033
470			200.3582959698667
471			202.20316735683394
472			204.17601568549816
473			206.23618119097094
474			208.29479666752408
475			210.28517203760342
476			212.30164994525572
477			214.44794202032693
478			216.557225415446
479			218.35802007752014
480			219.65373868165074
481			220.2912032896303
482			220.13816355852688
483			219.09636528478407
484			217.48056148846916
485			216.00177729293557
486			215.20796545492198
487			215.41413729859732
488			216.64779510989223
489			218.47820725437327
490			220.5243057256673
491			222.61443835338716
492			224.61343851054636
493			226.41042775409161
494			227.89360952264454
495			228.92894208883368
496			229.40351301541216
497			229.35302925256227
498			228.86443282978274
499			228.02471368181352
500			nan
