Nom de l'instrument : SAM_80E0
Fichier_calib_utilise: /Users/mdlemineahmedou/Documents/Stage/pipeline_LOG/data/calibration/ALL_2023/Cal_SAM_80E0.dat
Date : 2023-10-10
Heure : 10:34:48
Comment : LIDAR_20231010

l_onde		data
280			nan
281			nan
282			nan
283			nan
284			nan
285			nan
286			nan
287			nan
288			nan
289			nan
290			nan
291			nan
292			nan
293			nan
294			nan
295			nan
296			nan
297			nan
298			nan
299			nan
300			nan
301			nan
302			nan
303			nan
304			nan
305			nan
306			nan
307			nan
308			nan
309			nan
310			nan
311			nan
312			nan
313			nan
314			nan
315			nan
316			nan
317			70.4727124905926
318			75.2063341256627
319			80.5797338137724
320			86.55768441114878
321			93.1049587740189
322			100.1863297586098
323			107.76657022114858
324			115.80565509042495
325			124.14318358674122
326			132.49253243317253
327			140.56101224088275
328			148.01685667374585
329			154.42972644029555
330			159.3539801964519
331			162.47439999251466
332			164.34994685212422
333			165.89884166359067
334			168.0114619442385
335			170.9252639951388
336			174.23184388993337
337			177.49566426832232
338			180.39759155083428
339			182.89563979392904
340			184.98818302709594
341			186.7041264472845
342			188.26559823144194
343			189.9700926960879
344			192.10710002948701
345			194.79501994477712
346			197.9900802633976
347			201.6417006313114
348			205.60014863954444
349			209.48903457212785
350			212.90043993414994
351			215.48708516547754
352			217.27080422376648
353			218.41231756638632
354			219.0742741941741
355			219.4527849163785
356			219.77480792305573
357			220.2689589006977
358			221.27054539802836
359			223.35279704877746
360			227.12111707434687
361			233.03109798884725
362			240.6460432458022
363			249.2002513517337
364			257.9263264786142
365			266.0339523126056
366			272.7119713304541
367			277.1508137267084
368			279.01558015756547
369			279.01945880501444
370			278.0157670102219
371			276.81052697903726
372			275.9296588633018
373			275.79635009848306
374			276.798362209042
375			278.6363761899116
376			280.3866038326523
377			281.1041787938164
378			280.1808187329432
379			277.7544686059455
380			274.063312863583
381			269.458769936255
382			264.96923600596205
383			261.8736021615853
384			261.39332544080446
385			263.5999833391878
386			267.5073804465375
387			272.09074081726806
388			276.50285057671647
389			280.2970067561659
390			283.0813782242333
391			284.6939040355722
392			286.3791244548575
393			289.9136426021787
394			297.02247837670734
395			308.34199146776973
396			323.4829937076741
397			342.01489659559803
398			363.1332897711408
399			385.16519108683127
400			406.31455085408606
401			424.9372040224339
402			440.35395342322477
403			452.26332676443405
404			460.4049094783335
405			465.4020597979689
406			468.74005872091874
407			471.93834808421
408			475.9935608903153
409			480.6362709417425
410			485.4091634115934
411			489.890679534453
412			493.89804874663326
413			497.3463128494755
414			500.1506694598213
415			502.222996239451
416			503.47178456799963
417			503.80567559991147
418			503.26248109352514
419			502.2096692096577
420			501.0665383629491
421			500.1429666473625
422			498.9713087600739
423			496.74726173398494
424			492.70129857774174
425			487.0168002401484
426			480.9032076079632
427			475.6203729207344
428			472.1895546121989
429			470.9835305825772
430			472.2659513755857
431			476.21911276581653
432			482.4029582350022
433			490.0900194901245
434			498.55639188859385
435			507.23061918183606
436			515.7160393146592
437			523.6257674073404
438			530.768165526893
439			537.5223556422101
440			544.371200344439
441			551.7448235917327
442			559.6340485308403
443			567.8116004899016
444			576.0484816079837
445			584.110553944441
446			591.7573538204123
447			598.748048759866
448			604.8962464428668
449			610.1883105733165
450			614.6447934844571
451			618.2935307211183
452			621.2291616786594
453			623.582224987218
454			625.4839876856784
455			627.0814754426932
456			628.5426829021611
457			630.0370510009818
458			631.6644130293745
459			633.2827752662449
460			634.6976622838512
461			635.7220641856287
462			636.245222647716
463			636.2009934384809
464			635.5273079481286
465			634.3388731989219
466			633.006447251988
467			631.9208416260418
468			631.3928209938596
469			631.4263889114031
470			631.9520756123328
471			632.9025522118728
472			634.2351182465083
473			635.9228402788574
474			637.9375312380637
475			640.1543902068688
476			642.2953363429912
477			644.0686822367543
478			645.1794756041579
479			645.3188758505762
480			644.1743501174738
481			641.4717197171695
482			637.4396517547658
483			632.6605098191015
484			627.723897020989
485			623.209020549392
486			619.6769185829287
487			617.6867987303139
488			617.6407746910462
489			619.1952289691351
490			621.7854914669397
491			624.8533857084856
492			627.939499575555
493			630.6610073295692
494			632.6370857656325
495			633.4869116788497
496			632.8296618643254
497			630.2845131171648
498			nan
499			nan
500			nan
