Nom de l'instrument : SAM_877E
Fichier_calib_utilise: /Users/mdlemineahmedou/Documents/Stage/pipeline_LOG/data/calibration/ALL_2023/Cal_SAM_877E.dat
Date : 2023-10-10
Heure : 10:58:36

l_onde		data
280			2.5604039296340764
281			2.687558313084349
282			2.826736449029353
283			2.964893186211153
284			3.0933328464318706
285			3.207414438345474
286			3.3111804489299415
287			3.419979252138292
288			3.5398863997082097
289			3.656622344664136
290			3.757658224857985
291			3.843733658020677
292			3.918985778920068
293			3.9915073552685936
294			4.071303965699676
295			4.173877365586895
296			4.3158676519579515
297			4.492341100763935
298			4.684595675414073
299			4.933201207664983
300			5.3440787556677884
301			5.995769308625468
302			6.915966892199569
303			8.141446593958847
304			9.743957926691916
305			11.794311019116996
306			14.338115112754718
307			17.41698319993186
308			21.086527971319025
309			25.399718195360173
310			30.32637115712992
311			35.78217155587022
312			41.58806841127982
313			47.48650765798987
314			53.38622590507055
315			59.415970191304616
316			65.62925532860656
317			71.90355926344341
318			78.08347711829484
319			83.9761965823298
320			89.51812684080583
321			95.28198857786039
322			101.96298601021228
323			109.78788468031576
324			118.75534447371744
325			128.6454308083249
326			139.06757793943098
327			149.08105288312944
328			157.21967643951623
329			162.97846390611966
330			167.29355865497118
331			170.73179443923385
332			172.7996735618321
333			173.25358145058289
334			173.1560383566381
335			173.69845364813278
336			175.32350917717937
337			178.1820524366235
338			182.01895374497397
339			186.36466087415883
340			190.54287195098027
341			193.75137941521697
342			195.79737380595506
343			197.1413015574746
344			198.281940361188
345			199.7280913725694
346			201.93185152714196
347			205.21164025434197
348			209.71761355808889
349			215.07284228044168
350			220.82755584014126
351			226.76799656300628
352			232.62751893799708
353			237.00205522925063
354			238.0644966308657
355			236.19824371341812
356			233.4195990926302
357			231.2506083515326
358			230.63442809638101
359			232.452892523862
360			237.5342216622549
361			246.04210722108812
362			256.6065373923716
363			267.8410133383434
364			279.0626635373638
365			289.68578800747594
366			298.8205294393187
367			305.50134450287436
368			308.9764442675198
369			308.6807355560633
370			305.1508277035979
371			299.7397366709465
372			294.28541833771266
373			291.09932877569736
374			291.72182068044987
375			296.492054786573
376			304.5306840426766
377			312.4980003838001
378			316.99880846712097
379			315.5273023296036
380			306.7882103539971
381			294.5795458064425
382			283.92016598080284
383			277.1530829940044
384			275.32145804804554
385			278.58935555232307
386			286.47977574145006
387			297.24518931666813
388			307.945779276751
389			316.05214353176257
390			319.6713673667327
391			318.3704495922291
392			314.4980362748947
393			311.0724730193919
394			312.10854144013854
395			321.1148949239494
396			338.64917312400553
397			364.1865473922472
398			395.3326445988198
399			428.85500624448645
400			460.6015770408217
401			486.05139033339685
402			503.40787263763536
403			513.1771562096299
404			517.276353194882
405			519.1822483496029
406			521.3760648754985
407			524.5292241189089
408			528.9967394829499
409			534.7853649006732
410			541.6900963402334
411			548.9388664009057
412			555.6813344526404
413			561.3133907165687
414			565.3574399961221
415			567.7003128033468
416			568.433322223248
417			568.0358689254417
418			567.2407880175799
419			566.5878874860103
420			566.4165901289862
421			566.5974576110503
422			566.3825356700964
423			565.1579473503418
424			562.6477915270367
425			558.4495203486894
426			551.7100105596669
427			542.264217571226
428			533.0116505741094
429			527.3530552469106
430			527.1127604481751
431			533.3307140647165
432			545.2014501859227
433			560.8564285526598
434			577.0850863971888
435			589.8215899795772
436			598.155391303342
437			604.443561300545
438			610.6705558590527
439			618.0640529697242
440			627.2037792117179
441			637.4762428574912
442			648.0331450981498
443			657.7635982231201
444			665.9134635546084
445			673.4256888010506
446			681.5317343983191
447			690.4979108355756
448			700.084165749449
449			708.7630377766653
450			714.4512965998447
451			717.0275361021794
452			717.8395678338997
453			718.0690945026178
454			718.6782673122817
455			720.1313399929917
456			722.1922083987326
457			724.5802651214467
458			727.0342226954042
459			729.3559524017888
460			731.5195687508308
461			733.3839010816157
462			734.2160189794353
463			733.3198283311989
464			731.1000254974213
465			728.3459979873504
466			725.706337409128
467			723.7446139688418
468			722.8574611614208
469			723.3035665544979
470			724.9045560113371
471			727.0646144812042
472			729.416894379997
473			731.9228294113766
474			734.5013549093389
475			736.9516015082887
476			739.2188736544356
477			741.6564139942457
478			744.4236214046743
479			746.741047736015
480			747.5883290147714
481			745.8013664291774
482			740.3725113317042
483			731.8158445002992
484			721.4338859666657
485			711.6236483394607
486			705.3559617258544
487			703.6918164380543
488			706.0329178127554
489			711.1114461638514
490			716.9564145572331
491			722.2553993615574
492			726.7954996939554
493			730.4332732375829
494			732.9665920622629
495			734.1742159564769
496			733.8004415903555
497			731.5831150064815
498			727.2600822474373
499			nan
500			nan
