Nom de l'instrument : SAM_877E
Fichier_calib_utilise: /Users/mdlemineahmedou/Documents/Stage/pipeline_LOG/data/calibration/ALL_2023/Cal_SAM_877E.dat
Date : 2023-10-10
Heure : 12:21:58

l_onde		data
280			2.9209148135192917
281			3.0711230650175
282			3.2409587953487695
283			3.4133510536075997
284			3.5679963919772235
285			3.6825103856710792
286			3.7663307972835387
287			3.8711266064791574
288			4.017627192091763
289			4.158015875922986
290			4.256891054958272
291			4.34409244008351
292			4.456313067439709
293			4.6002805105976
294			4.7703643886439036
295			4.936652662442596
296			5.063322033965555
297			5.197461916857249
298			5.446028263130312
299			5.880003219006459
300			6.529400072239831
301			7.44229753552337
302			8.700169096914513
303			10.390183251294888
304			12.605980964922908
305			15.417727199804597
306			18.798789542204815
307			22.72074276443414
308			27.293993783940284
309			32.66198213570606
310			38.75482073059866
311			45.375257217323
312			52.29648911930997
313			59.27095580105012
314			66.20019498536635
315			73.18103693231859
316			80.2725292901229
317			87.43411195949552
318			94.55025657907298
319			101.3157182506854
320			107.57634797882626
321			114.0489615702142
322			121.6186113768777
323			130.53349705465294
324			140.74154990937257
325			152.0150036258187
326			163.97721398224093
327			175.5336170126436
328			184.90090762031716
329			191.46135829391721
330			196.3480178691689
331			200.2380483746394
332			202.50462654993498
333			202.8266623944637
334			202.4840815759257
335			202.9159285675992
336			204.64936219442595
337			207.8567199783279
338			212.22089840208122
339			217.16888574561585
340			221.9142119746863
341			225.54301205514767
342			227.83323874688594
343			229.30406723524155
344			230.51759276135107
345			232.0465040987763
346			234.42856989715483
347			238.1183364209096
348			243.3420297672352
349			249.56163691795194
350			256.1497108409079
351			262.909046216871
352			269.62283754108597
353			274.65889735155264
354			275.8469250010014
355			273.6005978788226
356			270.24506071304944
357			267.5924891180795
358			266.8467263605661
359			269.0287884803932
360			274.91679591736414
361			284.6036014020037
362			296.63883794820316
363			309.5351733139289
364			322.44188376901764
365			334.6004956304555
366			345.0005443480176
367			352.574378951264
368			356.4774444475964
369			356.06731432217475
370			351.95102239160224
371			345.66203488062393
372			339.29576932925477
373			335.49753816508377
374			336.060306603477
375			341.4469628445392
376			350.68391636173834
377			359.8814682726982
378			365.0774117511962
379			363.3416013804068
380			353.15268256221475
381			338.9197665355224
382			326.4755863459592
383			318.5532104046615
384			316.3736069096906
385			320.062006759756
386			328.9569093647128
387			341.08205760883993
388			353.22759235994874
389			362.52357544022254
390			366.6449444729244
391			365.0198373727222
392			360.4477996590225
393			356.4704531968849
394			357.6363116459834
395			367.90093025080046
396			387.8865469448567
397			416.99460788935346
398			452.52723155870086
399			490.83315393682295
400			527.104375068413
401			556.0581131802984
402			575.6615289290821
403			586.6242833918718
404			591.1906499386134
405			593.2919521978974
406			595.7115191601412
407			599.1565243240801
408			604.0185062358165
409			610.4033047967242
410			618.1560944762253
411			626.3496677566559
412			633.9524250756268
413			640.2798174654368
414			644.8072826432104
415			647.3786410948258
416			648.0523922375113
417			647.3789117472289
418			646.2327128847116
419			645.3019267278809
420			645.0740678604236
421			645.3450499009275
422			644.9945485331285
423			643.238730240793
424			640.0568927140213
425			635.1826160848956
426			627.4423123653517
427			616.4558850840283
428			605.6407809596426
429			599.0299910376
430			598.670038753217
431			605.6516170504088
432			619.0303818328587
433			636.6865731037418
434			654.9757214120475
435			669.2817682493065
436			678.5812566558061
437			685.5710441397731
438			692.5170193193812
439			700.8136235545902
440			711.0980473059807
441			722.6109818953233
442			734.3563940639455
443			745.1411180345233
444			754.1864293248507
445			762.603624110541
446			771.7974140819434
447			781.926232729461
448			792.5447502892467
449			802.0054783027166
450			808.1562301395572
451			810.8803574630601
452			811.58857639659
453			811.604473690724
454			812.1100784841785
455			813.6662463553836
456			815.9512575067816
457			818.589007257971
458			821.2311775811027
459			823.6476872393756
460			825.9337278391184
461			828.0306905684305
462			829.0223125581768
463			828.0017009990164
464			825.3985534833905
465			822.1159475004127
466			818.9404421969989
467			816.5779284341241
468			815.4606331542651
469			815.8096560394564
470			817.4667163429707
471			819.9110521163356
472			822.7367676837163
473			825.7118110324643
474			828.6509447490724
475			831.4330396296962
476			834.050471350392
477			836.7691057688755
478			839.6673657343024
479			841.9853229283965
480			842.7082890902387
481			840.4875189809684
482			834.1104955380953
483			824.1963629991449
484			812.297956582065
485			801.1142261336131
486			793.9380377103296
487			791.9458935441257
488			794.4760358704073
489			800.1218979942291
490			806.6935086534166
491			812.6779102816146
492			817.6983178768324
493			821.5451386949086
494			824.1543399609043
495			825.4065391358686
496			824.9588539266571
497			822.426568516623
498			817.4249670891191
499			nan
500			nan
