Nom de l'instrument : SAM_80E0
Fichier_calib_utilise: /Users/mdlemineahmedou/Documents/Stage/pipeline_LOG/data/calibration/ALL_2023/Cal_SAM_80E0.dat
Date : 2023-10-10
Heure : 09:54:41
Comment : LIDAR_20231010

l_onde		data
280			nan
281			nan
282			nan
283			nan
284			nan
285			nan
286			nan
287			nan
288			nan
289			nan
290			nan
291			nan
292			nan
293			nan
294			nan
295			nan
296			nan
297			nan
298			nan
299			nan
300			nan
301			nan
302			nan
303			nan
304			nan
305			nan
306			nan
307			nan
308			nan
309			nan
310			nan
311			nan
312			nan
313			nan
314			nan
315			nan
316			nan
317			5.301455769555236
318			5.237214372175213
319			5.086729452882278
320			4.884338242772919
321			4.664377972943625
322			4.461185874490881
323			4.309099178511177
324			4.241147339586457
325			4.257548869128302
326			4.324117669550506
327			4.405056886828464
328			4.470940676087316
329			4.508414284078858
330			4.5066177664889135
331			4.458893921403129
332			4.386754948982287
333			4.323289781253271
334			4.300090603559791
335			4.314187042446559
336			4.3284199409867625
337			4.304266633754136
338			4.230503009875314
339			4.160900526531667
340			4.1586957022423725
341			4.273144857912982
342			4.46502766358559
343			4.66061369315335
344			4.78896921222152
345			4.83933008685808
346			4.85796526999677
347			4.893309546031912
348			4.974442691844893
349			5.086199774688732
350			5.20726127678338
351			5.320129800097974
352			5.430573461920924
353			5.553114504846261
354			5.701920405680324
355			5.883763704195611
356			6.098599782050389
357			6.346148906890005
358			6.630299969410391
359			6.964237859712196
360			7.362404541832027
361			7.840359307090863
362			8.420316371086987
363			9.12694375402736
364			9.9824356794021
365			10.960683356554602
366			11.991656882441365
367			13.003946930915701
368			13.970523923710187
369			14.96235018200825
370			16.06348953057801
371			17.350848723126266
372			18.85894727222997
373			20.606758369550004
374			22.60935226781072
375			24.806227324525416
376			27.068196613355482
377			29.263853811774418
378			31.31920706444289
379			33.28755589719676
380			35.239298679360246
381			37.252641698124386
382			39.452471457157664
383			41.98094704619518
384			44.970526568727536
385			48.36025020199164
386			51.91123318901354
387			55.37826074269868
388			58.58153369026182
389			61.48880501808081
390			64.08804303739888
391			66.41494157142327
392			68.79735925392856
393			71.67366937078458
394			75.4698592380181
395			80.35118059249132
396			86.23726508498027
397			93.03775403879006
398			100.55352928865456
399			108.33277095877702
400			115.88785398303237
401			122.77330459543563
402			128.81144866607974
403			133.9294389576449
404			138.06520708003833
405			141.38841096646593
406			144.29470576685856
407			147.18869099243136
408			150.3338694899905
409			153.65205758872386
410			157.01436386933173
411			160.30048248815248
412			163.44744429025172
413			166.4157663611659
414			169.1661196267229
415			171.66115346433995
416			173.86553522913877
417			175.74412877525364
418			177.30692182299725
419			178.67906274798474
420			180.0038060689239
421			181.3847534436184
422			182.64373960658068
423			183.48059782631356
424			183.60825140016206
425			183.09780844841222
426			182.40605873142738
427			182.0087471872184
428			182.29596143946165
429			183.4249787892419
430			185.5138988387645
431			188.6478621136022
432			192.6598769394129
433			197.26651314892922
434			202.1858836554957
435			207.20082563786323
436			212.16838778640314
437			216.94976005712326
438			221.4778355652438
439			225.89511525238527
440			230.38219812253809
441			235.1005201176535
442			240.0518932337261
443			245.15888164041598
444			250.34289426270277
445			255.50519983259622
446			260.52228116526
447			265.2691070468951
448			269.64968725345784
449			273.6601879079527
450			277.3150129876741
451			280.6300856378476
452			283.63526327790976
453			286.3678913654475
454			288.8659570888674
455			291.190843808458
456			293.43506663620826
457			295.6932938654305
458			298.02201949530814
459			300.34511451737364
460			302.5576678539255
461			304.5592759227947
462			306.29557387838895
463			307.73913371545876
464			308.8645688886199
465			309.73212736810126
466			310.52609461974293
467			311.44047049522163
468			312.6275798049512
469			314.0800373538968
470			315.75220530005527
471			317.6009065890195
472			319.61127274475984
473			321.78655834064415
474			324.1294957648362
475			326.5905144793308
476			329.0370642397939
477			331.32922874292217
478			333.31786622293197
479			334.8145911098744
480			335.62058470873075
481			335.55954165787955
482			334.7503205491901
483			333.51939521955046
484			332.1974070853528
485			331.1019354037932
486			330.527730623906
487			330.76724313939064
488			332.02996330229837
489			334.1315667627271
490			336.7709930533087
491			339.6505890610931
492			342.5245273953246
493			345.1871686898063
494			347.43392439015975
495			349.0602059420067
496			349.8614247909686
497			349.6329923826673
498			nan
499			nan
500			nan
