Nom de l'instrument : SAM_80E0
Fichier_calib_utilise: /Users/mdlemineahmedou/Documents/Stage/pipeline_LOG/data/calibration/ALL_2023/Cal_SAM_80E0.dat
Date : 2023-10-10
Heure : 10:36:40
Comment : LIDAR_20231010

l_onde		data
280			nan
281			nan
282			nan
283			nan
284			nan
285			nan
286			nan
287			nan
288			nan
289			nan
290			nan
291			nan
292			nan
293			nan
294			nan
295			nan
296			nan
297			nan
298			nan
299			nan
300			nan
301			nan
302			nan
303			nan
304			nan
305			nan
306			nan
307			nan
308			nan
309			nan
310			nan
311			nan
312			nan
313			nan
314			nan
315			nan
316			nan
317			69.1794973587742
318			73.40709479392675
319			78.56486769462367
320			84.53080915168239
321			91.18291225592021
322			98.39917009815454
323			106.05757576920277
324			114.03401263887389
325			122.15143306365812
326			130.1772874655954
327			137.87629803369438
328			144.97173230397334
329			151.082287011985
330			155.81042576031928
331			158.87682310788313
332			160.79447720646579
333			162.40200610427854
334			164.51238468458502
335			167.33762471273621
336			170.49527392634258
337			173.57793890451583
338			176.2949627160079
339			178.6336282172673
340			180.62169359586935
341			182.30758384350875
342			183.87051821267013
343			185.540731929787
344			187.54331415458108
345			189.99323342592615
346			192.90107801614613
347			196.27283126937098
348			199.9977554650513
349			203.69829357963215
350			206.95977314451207
351			209.42819680594792
352			211.11890095870936
353			212.1861913635873
354			212.78622615706013
355			213.10710251726098
356			213.36636121271252
357			213.78314144085698
358			214.68187950414406
359			216.62182349145516
360			220.19397448171907
361			225.8439532770471
362			233.15147975047316
363			241.37699866356408
364			249.77887420167016
365			257.58472111301904
366			263.9941942036368
367			268.2082572367232
368			269.8985738404998
369			269.77612796493025
370			268.69086054517044
371			267.4420267480449
372			266.52869890501074
373			266.33985162548134
374			267.23096287520923
375			268.90823126655266
376			270.48774269122737
377			271.06568578748966
378			270.060687997144
379			267.60624328708775
380			263.9318724778414
381			259.37786463871294
382			254.94674503570428
383			251.88607918027847
384			251.38658736147647
385			253.50099190758456
386			257.2351720945351
387			261.55694529781067
388			265.63659966477593
389			269.1011185809888
390			271.6400547814285
391			273.1495999197103
392			274.7909424621536
393			278.20377026172883
394			284.9808727878365
395			295.72545594204394
396			310.1085106903912
397			327.7632237331876
398			347.93889942537135
399			368.99289488497976
400			389.15618763209284
401			406.8168068876228
402			421.3605776270258
403			432.5638997717046
404			440.23979864615615
405			444.98692230515786
406			448.1701181196119
407			451.1845759993425
408			454.95297510110845
409			459.25373965240647
410			463.69548152886466
411			467.91347845752927
412			471.72108959957023
413			475.00461978982804
414			477.6510635664993
415			479.5586118580298
416			480.6368756680444
417			480.7962897244321
418			480.0794656429352
419			478.86634378149444
420			477.589901036089
421			476.57400352448565
422			475.36719352718376
423			473.18230804148584
424			469.26558901763855
425			463.77992196078975
426			457.8752040163848
427			452.74983189289367
428			449.3769986914485
429			448.1178105608829
430			449.2303706644317
431			452.8944459334751
432			458.6905423828711
433			465.9224182022797
434			473.8972162835918
435			482.0674779184117
436			490.0524552132468
437			497.48072694583897
438			504.1689688215364
439			510.4837149979649
440			516.8914412330681
441			523.8075191460397
442			531.2216345097644
443			538.9121346427429
444			546.6558440322309
445			554.229681310416
446			561.4106809707625
447			567.9759024983169
448			573.7501222188215
449			578.709537252149
450			582.860311079344
451			586.2177130566816
452			588.8805344209286
453			590.9924496240119
454			592.6974983569668
455			594.1370281865436
456			595.4488044462466
457			596.770339149588
458			598.1824445951979
459			599.5689500885107
460			600.7709353529056
461			601.6336897408025
462			602.0454989872333
463			601.9198056143144
464			601.174084934727
465			599.912775446866
466			598.5111228716737
467			597.3655820655889
468			596.7879837466826
469			596.7658560962933
470			597.2090525726661
471			598.0318419930429
472			599.1992868865757
473			600.7089677329024
474			602.5572829399213
475			604.6311110680728
476			606.6435751072235
477			608.2923738690193
478			609.2792291869545
479			609.3229762567975
480			608.1469999313331
481			605.5096387469835
482			601.6274937988279
483			597.039503283999
484			592.2913390191228
485			587.930749472016
486			584.5091124853132
487			582.5781715695739
488			582.5321005622378
489			584.0170836345947
490			586.4575828914443
491			589.2869083464176
492			592.0727533874879
493			594.4870183894226
494			596.2043284673683
495			596.8993087364724
496			596.2465843118817
497			593.9207803087435
498			nan
499			nan
500			nan
