Nom de l'instrument : SAM_877D
Fichier_calib_utilise: /Users/mdlemineahmedou/Documents/Stage/pipeline_LOG/data/calibration/ALL_2023/Cal_SAM_877d.dat
Date : 2023-10-10
Heure : 12:18:38

l_onde		data
280			0.5442607746722886
281			0.522460933158328
282			0.491854739571074
283			0.47014139529913895
284			0.4747871293064582
285			0.5228186785678639
286			0.6117712169630121
287			0.6954963668724967
288			0.7357893823227645
289			0.7421175909862877
290			0.7311879938957193
291			0.703866350800922
292			0.661026389473443
293			0.647875309092006
294			0.7243181135584624
295			0.8438156321191377
296			0.885092802632353
297			0.8391372137672071
298			0.8192157618858301
299			0.8648285659750524
300			0.8891576625042701
301			0.8631403626320475
302			0.9197835133508895
303			1.1461427541577105
304			1.3823207428286435
305			1.4647660316315156
306			1.5120243846003436
307			1.7149124357052081
308			2.057357008780556
309			2.424863486537785
310			2.8073675895525145
311			3.2716371080508613
312			3.8342815873059304
313			4.455383752804736
314			5.085249611860646
315			5.6635222014297195
316			6.195880252477872
317			6.842836729072602
318			7.7018114408707765
319			8.575395552585219
320			9.272473750742357
321			9.973292784793118
322			10.940790086809853
323			12.113731834014283
324			13.290488961651707
325			14.51373692641168
326			15.988439793875205
327			17.622780171101837
328			19.022455554135828
329			20.050270409866215
330			20.966840082594807
331			21.92512570565872
332			22.780058640883112
333			23.418055647192713
334			23.946505863395846
335			24.510466646110892
336			25.226736235470806
337			26.176245422782795
338			27.240747876945466
339			28.23519993423832
340			29.215177271275483
341			30.373309521004973
342			31.572375617759015
343			32.38369264353606
344			32.826495414927756
345			33.51221587275992
346			34.717071364657556
347			36.020619867619516
348			37.150029987683695
349			38.43724537165159
350			40.169033009821156
351			42.04416121897245
352			43.658028567751714
353			44.87129572874832
354			45.658244632615045
355			46.13172966665709
356			46.47744057520083
357			46.855805622577535
358			47.41019535049799
359			48.35995837967583
360			50.00249008055428
361			52.367205819517444
362			55.068557747464254
363			57.844726305734305
364			60.78029156116897
365			63.87112470259733
366			66.68686887655319
367			68.80648368538805
368			70.24665238490088
369			71.13418159420095
370			71.47267225989494
371			71.25394679508317
372			70.90398700500917
373			71.08960524596307
374			72.08803619508436
375			73.83527432957979
376			76.05242769106789
377			78.2175682346695
378			79.78203874444941
379			80.17750365513778
380			79.19338017504428
381			77.47040655395638
382			75.74532730150226
383			74.66214207986667
384			74.74618784163837
385			76.02929634992176
386			78.3602477464266
387			81.37122570067592
388			84.58649614458183
389			87.40537388839981
390			89.18057362653184
391			89.84707741896757
392			89.85900088297255
393			89.95672925330484
394			91.20366190780167
395			94.45804718855005
396			100.19813696536609
397			108.38149976200572
398			117.81983945287658
399			127.28476744669963
400			135.9724578683542
401			143.27337851898758
402			149.08893336353134
403			153.50416338883787
404			156.80320727456063
405			159.35406837974193
406			161.49881422891977
407			163.56103221970673
408			165.82070888626592
409			168.51273226176133
410			171.60712330663455
411			174.77459573472973
412			177.8260148877692
413			180.8176882998406
414			183.67213611597396
415			185.97337687970864
416			187.4783040509894
417			188.61104876903477
418			189.83432277512392
419			191.22173162440203
420			192.72557055563428
421			194.20432150485286
422			195.48697704215226
423			196.4650477975538
424			197.05411697086063
425			197.03517349885962
426			196.11415347842456
427			194.55814182493242
428			193.1964153295933
429			192.78564527518662
430			193.948115803622
431			197.06785867950336
432			202.1035443202299
433			208.63462117859356
434			215.38656374567637
435			221.2611128671521
436			226.27851863367172
437			230.74515610466193
438			235.14467507054675
439			239.95968829034368
440			245.25944090317722
441			250.9213374334156
442			256.71634611087586
443			262.3621345832922
444			267.74217745919094
445			272.88210219483017
446			277.9928359631787
447			283.4733620182317
448			289.216286714586
449			294.3594665897399
450			298.3712669689941
451			301.49646169336484
452			304.05405919686433
453			306.31567976700006
454			308.52065522513124
455			310.81652261129943
456			313.3051704131464
457			315.96208137111495
458			318.7071094595545
459			321.35506196948427
460			323.6928460639575
461			325.7157698655911
462			327.5319738150346
463			329.021417886048
464			329.89275486949714
465			330.2662710396632
466			330.7071711126839
467			331.5182769343062
468			332.59435683573463
469			333.93283009837654
470			335.78883170926537
471			338.25723428785795
472			340.9406106239583
473			343.4829398967831
474			345.9559307246587
475			348.5036050307556
476			351.1588169215781
477			353.89107055750793
478			356.4703833210581
479			358.5915026459428
480			360.02259602527147
481			360.5600497343942
482			359.8197265588968
483			357.33382653649016
484			353.7247060351522
485			350.65693501851473
486			349.07615076926027
487			348.9538655171519
488			350.18089362551683
489			352.6179138515607
490			355.901445631475
491			359.1733264277549
492			361.7948984609839
493			363.9883465411107
494			365.99688370373127
495			367.49357536568
496			368.0811777949411
497			367.7778563938637
498			366.74498480869295
499			365.14407058661675
500			nan
