Nom de l'instrument : SAM_81D7
Fichier_calib_utilise: /Users/mdlemineahmedou/Documents/Stage/pipeline_LOG/data/calibration/ALL_2023/Cal_SAM_81D7.dat
Date : 2023-10-10
Heure : 10:18:38

l_onde		data
280			nan
281			nan
282			nan
283			nan
284			nan
285			nan
286			nan
287			nan
288			nan
289			nan
290			nan
291			nan
292			nan
293			nan
294			nan
295			nan
296			nan
297			nan
298			nan
299			nan
300			nan
301			nan
302			nan
303			nan
304			nan
305			nan
306			nan
307			nan
308			nan
309			nan
310			nan
311			nan
312			nan
313			nan
314			nan
315			nan
316			nan
317			nan
318			nan
319			0.014906075522749375
320			0.015486127252611927
321			0.015601216760743452
322			0.015409091392521813
323			0.015067498493324895
324			0.014734185408530562
325			0.014566899366041832
326			0.014680433745678496
327			0.015024921986402255
328			0.015511047504802908
329			0.016053352934436865
330			0.0166078727104865
331			0.017155891576717774
332			0.017679706987096065
333			0.018193886870406604
334			0.018759344045245045
335			0.019440576255928564
336			0.020270565438187383
337			0.021168718493857656
338			0.022028866829544212
339			0.02276085293377031
340			0.02343587367589443
341			0.02421855417142219
342			0.02527130028049229
343			0.026607453648654515
344			0.028035320329631953
345			0.029348301661224842
346			0.03041510610002741
347			0.031364582619524406
348			0.03238171183506752
349			0.03363058767351927
350			0.035073428989916014
351			0.03655933544518136
352			0.03793895133596515
353			0.03917927101879535
354			0.04040313565564118
355			0.04174428211022626
356			0.04329308020236808
357			0.044993632212288415
358			0.046759235155762933
359			0.04851659130760908
360			0.050319311830314455
361			0.05229095970127316
362			0.054552976581514784
363			0.05711083260161064
364			0.059816329358639675
365			0.0625106920904191
366			0.06505122671996692
367			0.06734912456762343
368			0.06932685104937641
369			0.0709235568189226
370			0.07223618964191295
371			0.07344860270937416
372			0.07474334339125886
373			0.07621220215334629
374			0.07782622069690139
375			0.07954807376199713
376			0.08131568689063008
377			0.08298321984516414
378			0.08438712788340856
379			0.08538913069028235
380			0.08609412237747376
381			0.0867428103967217
382			0.0875759323805187
383			0.08877212610714515
384			0.09042589137563346
385			0.09262573495178843
386			0.09538381861249604
387			0.09844719907441214
388			0.10150542766795877
389			0.10428381265711266
390			0.10686425543157083
391			0.10953345394292248
392			0.11258086507470377
393			0.11631071879333146
394			0.12104790271280283
395			0.12711883819526743
396			0.1347074003120764
397			0.14348203062892348
398			0.15299470859370373
399			0.1627943597746963
400			0.1723978014143478
401			0.18130264072785496
402			0.1890125037939344
403			0.19535416123620308
404			0.20062669197372981
405			0.2051666390041293
406			0.20928673011854887
407			0.21320875409600992
408			0.21713279682516612
409			0.22124566291014353
410			0.2255843907464125
411			0.23009154880126695
412			0.23470825917505483
413			0.23937767972360322
414			0.24404611611594387
415			0.24866014391351163
416			0.25318028944911347
417			0.2576240804284133
418			0.26202360087701115
419			0.2664051969772259
420			0.27072461138593384
421			0.27489011259293683
422			0.27880944613153946
423			0.28241625198829057
424			0.28568701838842303
425			0.2886022556754517
426			0.29122227318969746
427			0.29396055237606517
428			0.2973282468099585
429			0.30181670967635343
430			0.30764663390729424
431			0.3148427492192587
432			0.32342415501512206
433			0.33329477288880427
434			0.3441523142568561
435			0.35567306861002856
436			0.3675884447369844
437			0.37989716464931983
438			0.3926788732324542
439			0.4060165515963594
440			0.4200445044429369
441			0.43493741644103456
442			0.4508696132468951
443			0.46783490261120303
444			0.4854736939517027
445			0.5033853991421958
446			0.5212013628266075
447			0.5387245280196011
448			0.5558152293375961
449			0.5723380368777075
450			0.5882324241292337
451			0.6035024414978947
452			0.618154405213661
453			0.6322224619677919
454			0.6458009449149693
455			0.6589920432547579
456			0.6718931254847352
457			0.6845725411889935
458			0.6970878335871283
459			0.7094936104564625
460			0.7217829741265747
461			0.7338904755359789
462			0.7457486290554032
463			0.7573799882684563
464			0.7690243440518216
465			0.7809535938151702
466			0.7934274266805108
467			0.8066223043003029
468			0.8206799585695458
469			0.8357376255042539
470			0.8518206661507407
471			0.8688360099743211
472			0.8866848132915821
473			0.905216591895093
474			0.9241405299157979
475			0.943142200473356
476			0.9618828864686645
477			0.9798342144094837
478			0.9963786711781396
479			1.0109105160971281
480			1.0232159831452805
481			1.0335457784304611
482			1.0421775595299783
483			1.0494504872464199
484			1.0558936774339982
485			1.0620728041681284
486			1.0685515633403773
487			1.075875749421771
488			1.0845816414022973
489			1.095187642284003
490			1.1074767703490658
491			1.1202505653865142
492			1.1322422870147113
493			1.1424467833693641
494			1.150784713528506
495			1.1573814550611616
496			1.1623623855363563
497			1.165852882523114
498			1.16797832359046
499			nan
500			nan
