Nom de l'instrument : SAM_81D7
Fichier_calib_utilise: /Users/mdlemineahmedou/Documents/Stage/pipeline_LOG/data/calibration/ALL_2023/Cal_SAM_81D7.dat
Date : 2023-10-10
Heure : 10:18:31

l_onde		data
280			nan
281			nan
282			nan
283			nan
284			nan
285			nan
286			nan
287			nan
288			nan
289			nan
290			nan
291			nan
292			nan
293			nan
294			nan
295			nan
296			nan
297			nan
298			nan
299			nan
300			nan
301			nan
302			nan
303			nan
304			nan
305			nan
306			nan
307			nan
308			nan
309			nan
310			nan
311			nan
312			nan
313			nan
314			nan
315			nan
316			nan
317			nan
318			nan
319			0.05378213587125209
320			0.0524361330086546
321			0.053200794464004726
322			0.055191363408393986
323			0.05752308301291395
324			0.05931119644865612
325			0.059670947990458904
326			0.058121159138245004
327			0.05572773052406284
328			0.05392721945611043
329			0.05401651837806441
330			0.055790933556146324
331			0.058131963881152375
332			0.059924021703492085
333			0.06083248914722134
334			0.06164432954358228
335			0.0632332802669762
336			0.06613402878313844
337			0.06965941210893448
338			0.07284712377892534
339			0.07483190500608328
340			0.07572651136501568
341			0.07620999335236002
342			0.07696367973699374
343			0.07846317147393884
344			0.08090109399531667
345			0.08444946980050236
346			0.08906560425529675
347			0.09396508498343603
348			0.09820345597085024
349			0.1009671134041567
350			0.10270717273966713
351			0.10458342546423306
352			0.10774099932432071
353			0.11238821991067294
354			0.11747859933604339
355			0.12187794168936039
356			0.1249259922974814
357			0.12756099646653177
358			0.1310578580306638
359			0.13653624692591687
360			0.1436462187170753
361			0.1512277817423702
362			0.15813113689963965
363			0.16396502533070836
364			0.16934329491719977
365			0.17494894801949737
366			0.1812295498759759
367			0.1878437302595479
368			0.1942850550419711
369			0.20009868773777628
370			0.2053177656713544
371			0.21024417361749587
372			0.21518137168088425
373			0.22038256194553196
374			0.22603408002442923
375			0.23231760059838333
376			0.23921490463475056
377			0.2460312157151011
378			0.25192876211467974
379			0.25621323236682997
380			0.25957114449592794
381			0.263460212197331
382			0.2693272036970222
383			0.2777903350458296
384			0.28834523180538596
385			0.3004076570149783
386			0.31344164348950904
387			0.32707883899743784
388			0.34098724958207
389			0.3548987631781552
390			0.36918234257788746
391			0.3845728318287682
392			0.4018156637153412
393			0.4219438345871178
394			0.44639244960394653
395			0.47662654305785607
396			0.5134773156082652
397			0.555484087224962
398			0.6006683278041044
399			0.6470507601714723
400			0.6926442524951302
401			0.7354569735953913
402			0.7735235203387237
403			0.8062421258031378
404			0.8350041147182088
405			0.8613589059480982
406			0.8866532614549151
407			0.9114600923211499
408			0.9361676276054975
409			0.9611442007032338
410			0.9865337918551816
411			1.0123388632215669
412			1.0385563004029437
413			1.0649827716236886
414			1.0911053564040287
415			1.116384590237029
416			1.1404661622603147
417			1.1637522797743958
418			1.1868383405217744
419			1.210260530150123
420			1.2338264358609936
421			1.2568537315811448
422			1.2786535274533883
423			1.2987200573075257
424			1.3168505745959318
425			1.3328707768984684
426			1.347074437994568
427			1.361826929843148
428			1.3800665388691933
429			1.404584991771493
430			1.4361706968667298
431			1.4741616215305562
432			1.5178627323388485
433			1.5665217443639698
434			1.619283871660065
435			1.6752836800715978
436			1.7337301045507125
437			1.7941927494813765
438			1.8563504035467961
439			1.9199337946198491
440			1.985476555200371
441			2.0541440206967234
442			2.127110673054711
443			2.2045657696503076
444			2.2847698022920224
445			2.3657595077682183
446			2.4457785265677847
447			2.524182345654963
448			2.600698312460113
449			2.6750555503408115
450			2.747010177351403
451			2.8163415846481086
452			2.882831182907962
453			2.9464926097113784
454			3.0078417191087574
455			3.0674599186803824
456			3.1258948425122135
457			3.183490820251838
458			3.240516472927844
459			3.297217100244423
460			3.3533489959712526
461			3.4082029345011966
462			3.461052993535967
463			3.5117320661291083
464			3.561421297173311
465			3.6115010961144964
466			3.6632693233722677
467			3.717461078497237
468			3.774576628134548
469			3.835101071193574
470			3.899152082872064
471			3.9664583812026377
472			4.036729728312381
473			4.109509163906085
474			4.183886664227299
475			4.258875976916762
476			4.333317044117936
477			4.404692746350227
478			4.469848137151008
479			4.525689823675241
480			4.57120567683772
481			4.607849770390548
482			4.637219269207843
483			4.661212812559237
484			4.682660154856735
485			4.7045702503443545
486			4.729882221444624
487			4.760903252954929
488			4.79960462390042
489			4.847878860661641
490			4.904491136292719
491			4.964032713311688
492			5.020804481323018
493			5.070229102219779
494			5.111699400921031
495			5.145486098411344
496			5.171859915675281
497			5.191091573697411
498			5.2034517934623
499			nan
500			nan
