Nom de l'instrument : SAM_81D7
Fichier_calib_utilise: /Users/mdlemineahmedou/Documents/Stage/pipeline_LOG/data/calibration/ALL_2023/Cal_SAM_81D7.dat
Date : 2023-10-10
Heure : 10:34:34

l_onde		data
280			nan
281			nan
282			nan
283			nan
284			nan
285			nan
286			nan
287			nan
288			nan
289			nan
290			nan
291			nan
292			nan
293			nan
294			nan
295			nan
296			nan
297			nan
298			nan
299			nan
300			nan
301			nan
302			nan
303			nan
304			nan
305			nan
306			nan
307			nan
308			nan
309			nan
310			nan
311			nan
312			nan
313			nan
314			nan
315			nan
316			nan
317			nan
318			nan
319			0.05642333344703202
320			0.06009645886476617
321			0.06261887781216545
322			0.06457118610754176
323			0.066533979569207
324			0.06908785401547309
325			0.07281340442876635
326			0.07798559017856688
327			0.08370774238222767
328			0.0888024878126384
329			0.09221173446259168
330			0.09415982475568677
331			0.09565154119879352
332			0.09769088567175865
333			0.10069898540827524
334			0.10425987858772008
335			0.10789283500792644
336			0.1112438699208535
337			0.114415757262234
338			0.11761412657909284
339			0.12102412791171466
340			0.12462452561409822
341			0.1282745815352606
342			0.13183293448504807
343			0.13519532593049596
344			0.13830853148721872
345			0.1411230511047785
346			0.14371271374745795
347			0.14657737548230004
348			0.15030881808266844
349			0.15540130546447806
350			0.16140656704436562
351			0.16734819004678242
352			0.17226092609458002
353			0.175887527631212
354			0.17891908925187847
355			0.1821130102133749
356			0.18598386807832762
357			0.19022725602473428
358			0.19436628172481696
359			0.19802729987579903
360			0.20181411477564154
361			0.20686929813888674
362			0.21431232761301902
363			0.22409476588861343
364			0.23462062533969053
365			0.24418745617862658
366			0.25153604036117794
367			0.2568924024369075
368			0.2607933147255418
369			0.26376572324228914
370			0.26624364380254584
371			0.2686099116998036
372			0.27124193476898456
373			0.2743162403525271
374			0.27774209159403673
375			0.28141022871206
376			0.28513252543888234
377			0.28845392513239465
378			0.29086295348148244
379			0.29191659904371875
380			0.2918308171830747
381			0.29118959737034933
382			0.2905834906586035
383			0.29071217567406415
384			0.2924231860355807
385			0.29657452896286995
386			0.30352835871908074
387			0.31192499910044885
388			0.32003128225449196
389			0.32630612603439785
390			0.3311240611656486
391			0.3359597824034444
392			0.34229225373201616
393			0.35119288776265895
394			0.3631632057237272
395			0.37866227146932885
396			0.39788934517154323
397			0.4201042621892141
398			0.44435459499555363
399			0.46964926335579205
400			0.4945907945448599
401			0.5175385760722124
402			0.5368682152029255
403			0.5519588825035714
404			0.5636565573722125
405			0.5729235684334847
406			0.5806862923850058
407			0.5877338225155102
408			0.5948224889826775
409			0.6026416270239195
410			0.6111251046485474
411			0.6197302542346442
412			0.6279116159326599
413			0.6354024703626681
414			0.6423671041964205
415			0.6490067584137228
416			0.6554621575490917
417			0.6616267623571542
418			0.6673308903644315
419			0.6724174528962967
420			0.6768843267102329
421			0.6808335881028923
422			0.6843671544864612
423			0.6874359525116737
424			0.6897410604109655
425			0.6909601034132936
426			0.6910413826263188
427			0.6911311486754674
428			0.6927069532150737
429			0.6971753598734547
430			0.7049725746361823
431			0.7158322459397889
432			0.7294711188106499
433			0.7454939698093963
434			0.763305111211129
435			0.7822880302710357
436			0.8018989930916268
437			0.8219472228880108
438			0.8423487924488939
439			0.8630400258037275
440			0.884270084745811
441			0.9065342630730239
442			0.9303312768260974
443			0.9557583363104848
444			0.9821266275473729
445			1.0086561503181435
446			1.03463992205844
447			1.0597633380169724
448			1.083843025406303
449			1.1066994415082976
450			1.1282197709772055
451			1.1483487265420929
452			1.1670335910216367
453			1.1843483255261609
454			1.2006408470407317
455			1.2162948315820183
456			1.231645564993295
457			1.2467370414637575
458			1.261504780970078
459			1.2758860063296251
460			1.2898577043561117
461			1.3034347160271598
462			1.3166334536207531
463			1.3294913499418737
464			1.3420965539472514
465			1.354544710174952
466			1.366982157492693
467			1.379900832848297
468			1.393936886843638
469			1.409708090957425
470			1.4273505293496398
471			1.4464903688068171
472			1.466729277890646
473			1.4876772433075005
474			1.5089668560863747
475			1.5302345104672452
476			1.5510710910223817
477			1.5707121459018267
478			1.5882262130375304
479			1.6026993287363704
480			1.613806540307884
481			1.6219208462939323
482			1.6274557800190754
483			1.6309866952540046
484			1.6335887343749438
485			1.6364332276838387
486			1.640632408556798
487			1.6467637173461824
488			1.6551203257416283
489			1.6659757044466998
490			1.6788975223258493
491			1.6925114524326346
492			1.7053776352243832
493			1.716320749779124
494			1.7251017270876234
495			1.7316885253748286
496			1.7360491028656868
497			1.7381514177851443
498			1.737963428358148
499			nan
500			nan
