Nom de l'instrument : SAM_80E0
Fichier_calib_utilise: /Users/mdlemineahmedou/Documents/Stage/pipeline_LOG/data/calibration/ALL_2023/Cal_SAM_80E0.dat
Date : 2023-10-10
Heure : 12:04:58
Comment : LIDAR_20231010

l_onde		data
280			nan
281			nan
282			nan
283			nan
284			nan
285			nan
286			nan
287			nan
288			nan
289			nan
290			nan
291			nan
292			nan
293			nan
294			nan
295			nan
296			nan
297			nan
298			nan
299			nan
300			nan
301			nan
302			nan
303			nan
304			nan
305			nan
306			nan
307			nan
308			nan
309			nan
310			nan
311			nan
312			nan
313			nan
314			nan
315			nan
316			nan
317			68.53773604880858
318			73.21325475667919
319			78.66476943001425
320			84.79474332874818
321			91.50563971281534
322			98.6999218421501
323			106.28005297668689
324			114.14533991949138
325			122.1158967936996
326			129.92879856156992
327			137.31713598215504
328			143.99090996380917
329			149.60187646538122
330			153.7927497437773
331			156.31791821345305
332			157.68028017744348
333			158.69034779072433
334			160.13451439573333
335			162.2338408020817
336			164.65016905127325
337			167.0218146826176
338			169.07830438321963
339			170.76633093051277
340			172.06421218694763
341			172.98228857431022
342			173.73356208473166
343			174.61008234844883
344			175.8953362934511
345			177.68985587207933
346			179.920755115691
347			182.50802986091398
348			185.3041185961949
349			188.00702663543635
350			190.2932771286249
351			191.88756879034528
352			192.80784843040783
353			193.1824034436484
354			193.14088695865826
355			192.8362156335454
356			192.44275203708455
357			192.1361742912363
358			192.20085757307012
359			193.16357071034633
360			195.58386079675003
361			199.88457413088014
362			205.67435203070102
363			212.2616220400376
364			218.9547545028866
365			225.07023100753025
366			229.93190855925408
367			232.86590140772907
368			233.60065103291228
369			232.7529502772736
370			231.0583644392273
371			229.20721982669815
372			227.62191806418863
373			226.62659434038682
374			226.51830252463225
375			227.06944175566872
376			227.57556645378216
377			227.3160881912279
378			225.81763070684678
379			223.15490221486888
380			219.47623422260597
381			215.0263712682038
382			210.62647035051054
383			207.3109722658507
384			206.06843494842883
385			206.96837862749254
386			209.23490177454923
387			212.06125172411038
388			214.77907857006286
389			217.0322151503611
390			218.50726477561474
391			219.06543650368963
392			219.63683636121826
393			221.55589277217936
394			226.1187347209288
395			233.8128240575754
396			244.36383595253827
397			257.46662118595026
398			272.5199096892349
399			288.23439721881476
400			303.2232922820687
401			316.2222642017669
402			326.7450119625535
403			334.6097847455907
404			339.66396959012195
405			342.38028287861715
406			343.8413099505724
407			345.15379725140184
408			347.0513915317334
409			349.3642232473912
410			351.7883371508749
411			354.0399205433737
412			355.969677861919
413			357.48341441996143
414			358.48822535700134
415			358.9179925830605
416			358.7339199330275
417			357.89864132326016
418			356.4600081753636
419			354.6833555748814
420			352.86821249353466
421			351.23725776692226
422			349.4670853854114
423			346.997841601268
424			343.29361647864886
425			338.47508468549444
426			333.3699096023253
427			328.8404903856131
428			325.5852859512373
429			323.85717761794535
430			323.83406418337705
431			325.63908238801207
432			328.9764471045397
433			333.35690870188716
434			338.293195166124
435			343.3880894251009
436			348.34762955087876
437			352.8836536722005
438			356.851304286586
439			360.52464151782027
440			364.25386744548973
441			368.35082101823446
442			372.80778503399523
443			377.4583935981063
444			382.1351726360622
445			386.67192701767914
446			390.9040355702653
447			394.6669893031794
448			397.83727585979375
449			400.42147831286246
450			402.45192578043
451			403.9635876706567
452			405.01565094245296
453			405.6803166479776
454			406.03049325518214
455			406.16300448699405
456			406.2064965278743
457			406.29181518684356
458			406.4961860924907
459			406.7105506273718
460			406.78542245217574
461			406.57886748557996
462			406.02608903078
463			405.10742276352823
464			403.8057962472912
465			402.2059255846718
466			400.5399627034884
467			399.0516064294652
468			397.9344590094191
469			397.19013907964484
470			396.77428267655995
471			396.643295200586
472			396.76243271493473
473			397.1026174450956
474			397.6340831034
475			398.2771256227041
476			398.87281358513883
477			399.2551826082314
478			399.25118647260143
479			398.65765383274845
480			397.263404455776
481			394.88309785781513
482			391.6701684866665
483			388.01634154214565
484			384.3179007101331
485			380.9370348975416
486			378.1763453767496
487			376.3324298278454
488			375.61741067966693
489			375.84240289730894
490			376.6996532213938
491			377.88370745464584
492			379.1241750946296
493			380.1778556243012
494			380.8022594736787
495			380.7548970727803
496			379.793278851624
497			377.6749152402282
498			nan
499			nan
500			nan
