Nom de l'instrument : SAM_877E
Fichier_calib_utilise: /Users/mdlemineahmedou/Documents/Stage/pipeline_LOG/data/calibration/ALL_2023/Cal_SAM_877E.dat
Date : 2023-10-10
Heure : 12:20:20

l_onde		data
280			2.9745114704412616
281			3.13565903854125
282			3.3028685727232285
283			3.451295976317521
284			3.58479324889674
285			3.731834576896299
286			3.890789674197832
287			4.019014052952555
288			4.099848439975551
289			4.174982713813583
290			4.280321604839957
291			4.411317140583979
292			4.5558616917107715
293			4.703824610062606
294			4.846859124995709
295			4.986103070430408
296			5.129154282701855
297			5.309516304077868
298			5.57995311998001
299			5.998462841243549
300			6.6284735717529015
301			7.544364796835783
302			8.838133910759785
303			10.5869260805609
304			12.826208005870791
305			15.590259722640884
306			18.934274702236213
307			22.91682214962431
308			27.585225855308536
309			32.97566715090513
310			39.05425925362792
311			45.73778283165673
312			52.79434617285544
313			59.867785862405846
314			66.83660261906626
315			73.89042007497441
316			81.1188793333463
317			88.3752117616437
318			95.47672298762264
319			102.21510712813894
320			108.53316849950566
321			115.10203946732506
322			122.73594690730404
323			131.73442080619364
324			142.14005647086117
325			153.6774989875733
326			165.83090835695396
327			177.4650810791052
328			186.85576328726867
329			193.4429641239641
330			198.40900194979034
331			202.43271050570132
332			204.7861680596079
333			205.08323368849574
334			204.7049615247539
335			205.1939561531421
336			207.01306820374825
337			210.23531234681872
338			214.6036565571218
339			219.67153112982183
340			224.61391624109854
341			228.36207588154835
342			230.64655986738194
343			232.05670920740582
344			233.23732540055192
345			234.85413046739245
346			237.4534595295785
347			241.30024786914015
348			246.4929702544406
349			252.68315388765654
350			259.44511231489344
351			266.4692456281378
352			273.3408525464936
353			278.4081860659255
354			279.5708011736794
355			277.2948863121643
356			273.94318479601435
357			271.3268130795403
358			270.60785905017354
359			272.8158603405456
360			278.8196735176987
361			288.74063151554236
362			300.9953332229627
363			313.9991219988608
364			327.00923617854585
365			339.3848112227064
366			350.04414718491023
367			357.7974221593895
368			361.7777503408299
369			361.36977518745863
370			357.20496593029276
371			350.839663997524
372			344.4072692605958
373			340.6061513685619
374			341.24130137405416
375			346.7248242404702
376			356.045168543237
377			365.31427591830357
378			370.56769299821445
379			368.8430620200793
380			358.5889108106347
381			344.22491550125704
382			331.6118061844249
383			323.5475964506141
384			321.3310994607601
385			325.1162233366807
386			334.2350011308581
387			346.6550404980862
388			359.06479108879364
389			368.5469072975118
390			372.80522103659905
391			371.2656808631644
392			366.6538046830047
393			362.5057198746339
394			363.58629904599417
395			374.04429412036967
396			394.4239499127477
397			423.9979299101127
398			460.0842191263431
399			499.08822323958276
400			536.086960112571
401			565.5924527337066
402			585.5231714286867
403			596.6701606354516
404			601.349405625169
405			603.5476159717325
406			606.0743089144477
407			609.6157562997907
408			614.5606609116983
409			621.0661928641154
410			629.0079365281747
411			637.3870192083797
412			645.0973080550032
413			651.4829642337626
414			656.0742103370711
415			658.7087046716862
416			659.4150956749128
417			658.7802193458542
418			657.753431096535
419			656.9549289879089
420			656.6724892585854
421			656.7312562228944
422			656.3531124745091
423			654.8671674194287
424			651.8873158943121
425			646.8899924862438
426			638.8877730397176
427			627.7097081396057
428			616.7731177999877
429			610.0709060804664
430			609.6832621468437
431			616.7580781847354
432			630.3772144024518
433			648.4221822945597
434			667.1279132569919
435			681.676681410576
436			691.0585748999982
437			698.2043726768771
438			705.437733708551
439			713.943744182595
440			724.280043430364
441			735.9124343297452
442			747.990167364435
443			759.127977583037
444			768.3616924778486
445			776.8999274699534
446			786.2922112222678
447			796.6774545575187
448			807.5318567104846
449			817.160818645669
450			823.387304031983
451			826.1466357134133
452			826.9543021482992
453			827.1235770319687
454			827.7073945332068
455			829.2352378083442
456			831.5018852368644
457			834.2054116450998
458			836.9641325140341
459			839.5081813383638
460			841.9110298250789
461			844.0903277639446
462			845.0849493646828
463			843.9582455203378
464			841.2305410320987
465			837.9248697979499
466			834.8219797970373
467			832.559482233329
468			831.5283044852397
469			831.929146985675
470			833.6136646094524
471			836.0998249703497
472			839.0068893414334
473			842.1079027310881
474			845.1876553293355
475			848.033273210549
476			850.6112439161341
477			853.3474839965495
478			856.4241459792398
479			858.8735256690666
480			859.4745733632121
481			857.0467290827348
482			850.6212906828882
483			840.7199820503001
484			828.6681321468474
485			817.2136036855688
486			809.8629345077256
487			807.8544345153474
488			810.4572747819211
489			816.2223650128051
490			822.9525585093538
491			829.1115029113372
492			834.2705112806749
493			838.195475939409
494			840.8624449849984
495			842.1796528095432
496			841.7690314767842
497			839.1989244672197
498			834.0376752613482
499			nan
500			nan
