Nom de l'instrument : SAM_81D7
Fichier_calib_utilise: /Users/mdlemineahmedou/Documents/Stage/pipeline_LOG/data/calibration/ALL_2023/Cal_SAM_81D7.dat
Date : 2023-10-10
Heure : 10:58:53

l_onde		data
280			nan
281			nan
282			nan
283			nan
284			nan
285			nan
286			nan
287			nan
288			nan
289			nan
290			nan
291			nan
292			nan
293			nan
294			nan
295			nan
296			nan
297			nan
298			nan
299			nan
300			nan
301			nan
302			nan
303			nan
304			nan
305			nan
306			nan
307			nan
308			nan
309			nan
310			nan
311			nan
312			nan
313			nan
314			nan
315			nan
316			nan
317			nan
318			nan
319			0.004350650310434345
320			0.004778492513862473
321			0.004694955061653022
322			0.004281748654508611
323			0.003720583993131858
324			0.0031931717782253837
325			0.0028812225428806984
326			0.00290516100639193
327			0.003150477908313722
328			0.003446377372838519
329			0.003632954678671222
330			0.003667399744807745
331			0.0035781617676183338
332			0.0033951635301088553
333			0.0031712053173588283
334			0.002991942689080701
335			0.0029455719384640392
336			0.0030788600552014932
337			0.0032892732570927266
338			0.003440657334554198
339			0.0034148914492947457
340			0.003275589106403749
341			0.0031915925681871987
342			0.003329654411661866
343			0.0037068178610360986
344			0.004134203170744918
345			0.004407961605750563
346			0.0044021605135423116
347			0.004260020149160112
348			0.0041828370519331895
349			0.0043488544726338505
350			0.004713499858291165
351			0.0051073474785358125
352			0.005362096465760747
353			0.005413686690313375
354			0.0053376848179553585
355			0.005219424598998591
356			0.005139535490206649
357			0.0051627803966745696
358			0.005350580584461494
359			0.005750197883271776
360			0.006274845365361589
361			0.006763848812336134
362			0.007059089425429063
363			0.007137743320968075
364			0.007156259675740812
365			0.007283418098059161
366			0.007622493706554191
367			0.008057260062008999
368			0.00842556582382483
369			0.008585060540379795
370			0.008580656485892634
371			0.008560399297700414
372			0.00867091232069506
373			0.008956342488105899
374			0.009324495589611872
375			0.009673738185565045
376			0.00992956543830916
377			0.010109291586069219
378			0.010249637494147165
379			0.010387184740955482
380			0.01055717424480179
381			0.010794098162994694
382			0.011131532894779465
383			0.01156419946772766
384			0.012034174462865385
385			0.012479791367129012
386			0.012864484863854957
387			0.013238852582864323
388			0.013672399144657756
389			0.014227172756805117
390			0.014890861067137608
391			0.015608445384310436
392			0.016325881713657567
393			0.01705757151652725
394			0.01791362560080463
395			0.019011282135568647
396			0.020422966640027813
397			0.02205906645553911
398			0.023793356423205434
399			0.02550644586853546
400			0.027150801518048277
401			0.028721881521693037
402			0.030215747084162782
403			0.03162968015124323
404			0.0329627469047648
405			0.03421415508630977
406			0.03539203734217209
407			0.036538606309466155
408			0.03770420792571534
409			0.038936561144619394
410			0.040253761775622454
411			0.04165521986229854
412			0.0431398894846319
413			0.044697000719606673
414			0.04630074777896204
415			0.04792403570461237
416			0.049547733632614686
417			0.051185251143391036
418			0.0528583076017651
419			0.05458592976663612
420			0.056354012173194454
421			0.05812617108208191
422			0.05986587711677546
423			0.0615559415532291
424			0.06321117915809898
425			0.064849408831443
426			0.06650099954786047
427			0.0682518640408438
428			0.07020327604549496
429			0.07245254374847206
430			0.07504277049763293
431			0.0779778142976588
432			0.08126056790597974
433			0.08488574276612924
434			0.08883340279357073
435			0.09308209026083279
436			0.09761251927948804
437			0.10241593677477917
438			0.10748677823681767
439			0.11282254960659704
440			0.11846823257741827
441			0.12450616143691313
442			0.13101910457535415
443			0.13801828005695002
444			0.14537483249516664
445			0.15294365666039855
446			0.16059544607714762
447			0.16828579265029533
448			0.175998682808608
449			0.18371748376326585
450			0.19141414536818135
451			0.19905077416170397
452			0.20658925614981583
453			0.21401029514777511
454			0.22133529057333043
455			0.22859095377753672
456			0.23579903406138722
457			0.2429514109471854
458			0.2500288407387136
459			0.2570142993112075
460			0.26393795543932747
461			0.2708749041605459
462			0.27790197516900406
463			0.28508043248873854
464			0.2924339849061234
465			0.29998079074030054
466			0.3077516378983069
467			0.3158634138837016
468			0.32446893445931857
469			0.3337159882533825
470			0.34362090997697925
471			0.35406087635726896
472			0.36490640078819264
473			0.37604461592629634
474			0.38740781680361697
475			0.3989358970891998
476			0.41054610515741974
477			0.4219788764461026
478			0.4328915432681275
479			0.4429466327131252
480			0.45198773505515794
481			0.46007299220167314
482			0.46727301123850834
483			0.4737173512276792
484			0.47971764665288885
485			0.48562057372737005
486			0.49175696647738926
487			0.498314296293159
488			0.5054038303082439
489			0.5131302622867289
490			0.521355663245545
491			0.5296182886505988
492			0.5374338666328817
493			0.5444058830177927
494			0.5504484146099529
495			0.5555442171566012
496			0.5596760464049758
497			0.5628266581023151
498			0.5649788079958578
499			nan
500			nan
