Nom de l'instrument : SAM_877D
Fichier_calib_utilise: /Users/mdlemineahmedou/Documents/Stage/pipeline_LOG/data/calibration/ALL_2023/Cal_SAM_877d.dat
Date : 2023-10-10
Heure : 10:57:38

l_onde		data
280			0.12169288603984522
281			0.1579736894008904
282			0.1959579999528217
283			0.20308784965392224
284			0.17759509951986646
285			0.1638670097909541
286			0.18324590513502945
287			0.1967838839415833
288			0.17690002001407865
289			0.1631927796200342
290			0.1966762956302582
291			0.24926612379022195
292			0.27478056391846306
293			0.26753915001522144
294			0.24236129592283343
295			0.21676843155277983
296			0.20953023060183265
297			0.2223689138433444
298			0.23862319626922568
299			0.24819542917582202
300			0.25283397080536646
301			0.2526477227364801
302			0.2414259905353705
303			0.2200606922289933
304			0.21802262442551631
305			0.2606907487675526
306			0.3160208760670404
307			0.33767602765263005
308			0.32504259308314104
309			0.30100438332337326
310			0.29041949979353493
311			0.31827356447934374
312			0.3772948270187431
313			0.4256844693691314
314			0.4488761610826957
315			0.4777833428763948
316			0.5278023640779748
317			0.5692356444340094
318			0.5835378386500024
319			0.6129468778725412
320			0.6993267989762944
321			0.8128624641698929
322			0.9066871555813393
323			0.9875658393667751
324			1.0864642777517273
325			1.206913127610287
326			1.3333055914168948
327			1.4624452754295627
328			1.6040280473324575
329			1.7555286990707637
330			1.8956283194570613
331			2.0109912103457903
332			2.108555720784951
333			2.2022739222357854
334			2.3200383818542547
335			2.483247285544927
336			2.669278459470876
337			2.8464695013608243
338			3.0125069779924414
339			3.1773985097641835
340			3.3441228028444043
341			3.5115477561312165
342			3.686641349396016
343			3.8832801721574883
344			4.094260204029829
345			4.285076757754451
346			4.462554804459391
347			4.713693133192304
348			5.079109891454567
349			5.450273074734723
350			5.735970229927108
351			6.014803168222256
352			6.380475051227919
353			6.761471727406924
354			7.037930849562931
355			7.210023024733849
356			7.342546721730492
357			7.49933491557297
358			7.7413573755051335
359			8.085849075778176
360			8.5032533940869
361			8.99027912413944
362			9.587121089079282
363			10.2889468428438
364			10.984657939869514
365			11.59084947201139
366			12.156394344387452
367			12.728286966793682
368			13.222411836880422
369			13.535742855693135
370			13.700129284015151
371			13.803566993816608
372			13.921458825133609
373			14.120386032321601
374			14.448257402730908
375			14.935203260285977
376			15.547516520938357
377			16.175847720253397
378			16.68330838385172
379			16.894853607950814
380			16.755119445740302
381			16.50061992046353
382			16.356810792763817
383			16.367017195241047
384			16.54886389284406
385			16.985801236330506
386			17.751168952626657
387			18.69261354890109
388			19.567636989623647
389			20.2549901868714
390			20.7148718916627
391			20.995781664802397
392			21.22254380903362
393			21.523595399263815
394			22.029103949505906
395			22.905592567516976
396			24.380072730315224
397			26.522436177536132
398			29.0170151111148
399			31.533373916709316
400			33.879614454954115
401			35.907612801995384
402			37.540164408303404
403			38.74387479414529
404			39.643397155940164
405			40.42238958401446
406			41.16292286474593
407			41.88708658463687
408			42.64541558383525
409			43.51061493032886
410			44.487766806433086
411			45.50415019549336
412			46.51004712284787
413			47.4985550142257
414			48.45243918976183
415			49.32376508765324
416			50.081001250483915
417			50.75535328607733
418			51.3938955715503
419			52.060660658698055
420			52.80804524735084
421			53.58635362692699
422			54.31174009504349
423			54.94949323838156
424			55.487586815654076
425			55.860886832749266
426			55.97178711289215
427			55.880318826314586
428			55.80551125511217
429			55.98060113180837
430			56.64766505830424
431			57.94035844699953
432			59.78966478036715
433			62.03655755328597
434			64.34765676900231
435			66.44696288881187
436			68.36372680857767
437			70.19765364498325
438			72.05809867750925
439			74.05060377644563
440			76.23102640079885
441			78.62322512813192
442			81.14358635050316
443			83.65037454057982
444			86.10616652943696
445			88.559267488791
446			91.06688752725445
447			93.69094207692908
448			96.37350053708927
449			98.88092956748586
450			101.05350781752067
451			102.90628309931733
452			104.49947682054855
453			105.96010247677793
454			107.40376503238784
455			108.86048111923378
456			110.34108587446602
457			111.86179640830574
458			113.42888754868252
459			114.96160458492724
460			116.35131505796345
461			117.610938216431
462			118.82139692355047
463			119.96566039589607
464			120.95035589727449
465			121.7903562045426
466			122.61959562427647
467			123.55637621777286
468			124.68761447411167
469			126.05385986740521
470			127.61117914162135
471			129.3044838119552
472			131.07459520287222
473			132.8696156280403
474			134.66586457845477
475			136.45602461535873
476			138.2822100561166
477			140.18211783994138
478			142.06087547112384
479			143.76617748114904
480			145.12337274790576
481			145.95293759252996
482			146.1805200291993
483			145.8189610562472
484			145.08868690279957
485			144.40799362353695
486			144.12407371896919
487			144.48021506239772
488			145.5175927399547
489			146.94865315712897
490			148.51202855734866
491			150.07547533007786
492			151.5453983337475
493			152.89169406100604
494			154.0754676574147
495			154.97362980479727
496			155.4683000485673
497			155.58942204108325
498			155.41790035011792
499			155.0346871923396
500			nan
