Nom de l'instrument : SAM_80E0
Fichier_calib_utilise: /Users/mdlemineahmedou/Documents/Stage/pipeline_LOG/data/calibration/ALL_2023/Cal_SAM_80E0.dat
Date : 2023-10-10
Heure : 12:05:10
Comment : LIDAR_20231010

l_onde		data
280			nan
281			nan
282			nan
283			nan
284			nan
285			nan
286			nan
287			nan
288			nan
289			nan
290			nan
291			nan
292			nan
293			nan
294			nan
295			nan
296			nan
297			nan
298			nan
299			nan
300			nan
301			nan
302			nan
303			nan
304			nan
305			nan
306			nan
307			nan
308			nan
309			nan
310			nan
311			nan
312			nan
313			nan
314			nan
315			nan
316			nan
317			65.91741535330742
318			70.10010886852163
319			75.18956975299291
320			81.04537065059938
321			87.52708420521911
322			94.49428306073021
323			101.80653986101082
324			109.32270557911627
325			116.88352511257027
326			124.31075785013122
327			131.42508461950615
328			137.9750630790473
329			143.52731769004743
330			147.62023036650012
331			149.92219912505706
332			150.973071032441
333			151.67083110806263
334			152.88606025684842
335			154.84640376062734
336			157.14352427818153
337			159.3424192810465
338			161.13817626557835
339			162.53561616274007
340			163.58466522443672
341			164.3537320506011
342			165.02819470746388
343			165.83905490872658
344			167.01042252568206
345			168.62001035664557
346			170.6067654957266
347			172.90389904915668
348			175.3810368451328
349			177.76245151778008
350			179.75219659253813
351			181.09870011085857
352			181.82050095577057
353			182.03777273109645
354			181.87188108823128
355			181.46430422095284
356			180.9750614385176
357			180.56535076647808
358			180.4990907513834
359			181.26926596241182
360			183.3998369740235
361			187.2863539790167
362			192.55954080434367
363			198.56811439255614
364			204.6611529781726
365			210.20344514905455
366			214.5740646511847
367			217.15443543335832
368			217.69623054585
369			216.76864486944697
370			215.05017584211777
371			213.17917875434696
372			211.55626990111622
373			210.49487031251496
374			210.28211311546983
375			210.6956055021989
376			211.04986010631978
377			210.64377457808985
378			209.02918096171814
379			206.3186823044411
380			202.70020910712978
381			198.43992860159628
382			194.27175212238458
383			191.10266540002982
384			189.79929405696703
385			190.4203142030963
386			192.2811700946426
387			194.67017250153816
388			196.99475040922448
389			198.93101712384575
390			200.19189694001312
391			200.64501811880424
392			201.1050716807454
393			202.7449858727062
394			206.7052689513404
395			213.44128213473593
396			222.7629592883598
397			234.4539326090065
398			247.9993020908813
399			262.1905307937596
400			275.7208006759399
401			287.401113462846
402			296.7910145939512
403			303.7430577915578
404			308.13568991467895
405			310.40190734782675
406			311.5155455459958
407			312.4718612740808
408			313.93364027458125
409			315.75854035641146
410			317.68473488104246
411			319.4675723420214
412			320.9771011951599
413			322.1303532668746
414			322.8451866916753
415			323.05577986166145
416			322.71295747765055
417			321.7684886786836
418			320.2573142640859
419			318.42663749454033
420			316.557034612921
421			314.8594032108121
422			313.04951546525433
423			310.6287605954609
424			307.11972765054236
425			302.6268775247487
426			297.88121158298856
427			293.64451707377145
428			290.5350291760662
429			288.7808190311531
430			288.54430034291033
431			289.9391337690554
432			292.7060261701479
433			296.4134486586492
434			300.63131061063416
435			305.00008001285937
436			309.24112590400784
437			313.0803827576177
438			316.3801543156663
439			319.40138876284783
440			322.4774914105917
441			325.9046250551175
442			329.66873081602
443			333.60173536721
444			337.5349461956323
445			341.31668159788774
446			344.8161945515035
447			347.9040378782611
448			350.482504899439
449			352.5546116910065
450			354.1433074858193
451			355.27457588267856
452			356.00223261551554
453			356.39504992668844
454			356.5221886712278
455			356.4628706479137
456			356.30970509361873
457			356.1562254291867
458			356.0604497621515
459			355.95701087554187
460			355.7537642607595
461			355.36099529232877
462			354.71380772744595
463			353.7618263302094
464			352.45701005953515
465			350.85955816314174
466			349.1864507644384
467			347.6669467856274
468			346.48205543320415
469			345.62787998136264
470			345.0562363014456
471			344.7207558071954
472			344.5959556744585
473			344.66972406837107
474			344.9293475459108
475			345.3096907204349
476			345.6624496752513
477			345.83193767292954
478			345.65932438087145
479			344.9724070601189
480			343.5954278630538
481			341.3743488047704
482			338.43989226187773
483			335.12307807796327
484			331.7588295017809
485			328.65950465119676
486			326.09802443951787
487			324.3433363902854
488			323.5870291414819
489			323.65346554558664
490			324.25815392978996
491			325.11970916464253
492			326.00400226499374
493			326.7135488115041
494			327.0518225444661
495			326.82229720417234
496			325.82844653091547
497			323.87374426498815
498			nan
499			nan
500			nan
