Nom de l'instrument : SAM_877E
Fichier_calib_utilise: /Users/mdlemineahmedou/Documents/Stage/pipeline_LOG/data/calibration/ALL_2023/Cal_SAM_877E.dat
Date : 2023-10-10
Heure : 11:34:47

l_onde		data
280			2.5562876766350797
281			2.665590114664484
282			2.7898325751148296
283			2.932550032051356
284			3.0781369841549417
285			3.19479918475887
286			3.2804444533063934
287			3.37310356984967
288			3.4892277694675644
289			3.59596419982408
290			3.6709543282933432
291			3.7436998288502927
292			3.847763289110065
293			3.985932243223185
294			4.148826895777678
295			4.306398457830286
296			4.423481227731979
297			4.5342867113326335
298			4.7238042377030425
299			5.065806136634856
300			5.620292565370496
301			6.440570899863208
302			7.570056078871671
303			9.054498709391437
304			10.947890460467958
305			13.30681598723792
306			16.193049333710583
307			19.66728328853983
308			23.775380664945203
309			28.54995683767075
310			33.94614980937408
311			39.8682784634965
312			46.125112214267126
313			52.446412876734726
314			58.73802064524819
315			65.13850597932873
316			71.70104795234693
317			78.28126053030661
318			84.70835574809682
319			90.80097042689121
320			96.51764016514977
321			102.47976830533283
322			109.42993821561187
323			117.57520068577078
324			126.86941520451624
325			137.1101182151296
326			147.96122762533116
327			158.4225636274131
328			166.85702225126107
329			172.7191091792615
330			177.10235646085025
331			180.6473997710226
332			182.7169372130022
333			182.9665648268119
334			182.59839625288993
335			182.96209758102097
336			184.49451838952015
337			187.29471407110424
338			191.11496643625813
339			195.51656817300182
340			199.77586465277068
341			202.98951890085885
342			204.94849738047756
343			206.18820094597478
344			207.24411158452895
345			208.5951803263842
346			210.69676097730184
347			213.96081478026562
348			218.5996414314012
349			224.14255369216187
350			230.0311965430156
351			236.04959103864212
352			241.9585151581059
353			246.32691472446197
354			247.2773818225598
355			245.20500647154836
356			242.18420231342543
357			239.7962999628404
358			239.04313841539462
359			240.82324171209473
360			245.91546643674454
361			254.4572162841349
362			265.11933066426974
363			276.5420845748653
364			287.98673149478515
365			298.80024209519433
366			308.06093975390456
367			314.7815475369502
368			318.1740027257904
369			317.63784437452887
370			313.7855309290422
371			308.1209105313752
372			302.4943116108809
373			299.0853575735909
374			299.4217169792612
375			304.019047100976
376			312.0760727503251
377			320.0804127787643
378			324.4818986819677
379			322.7868567957798
380			313.7388172772695
381			301.13759094949677
382			290.0077646664446
383			282.8147279963331
384			280.76183561509407
385			283.9826737011347
386			291.84815621538087
387			302.5761380545632
388			313.3040975021163
389			321.47842972623977
390			325.03825291954416
391			323.486047705252
392			319.3296665569222
393			315.7286184629129
394			316.7115651583465
395			325.7689468214633
396			343.4001873324176
397			369.02760205781266
398			400.30883296347946
399			434.08732734641217
400			466.10500768984394
401			491.641364587149
402			508.9006667846286
403			518.5526990027819
404			522.5563437216877
405			524.2825959959708
406			526.1876420697241
407			529.0664120397153
408			533.3460367145876
409			538.9479754873527
410			545.5998545128975
411			552.6074110271251
412			559.200039293295
413			564.6952454681563
414			568.502503286763
415			570.5317434646156
416			570.9589447985741
417			570.3086582953249
418			569.3295705967253
419			568.5299890452073
420			568.1741324731111
421			568.1015578233742
422			567.5950784697585
423			566.0692990515948
424			563.2641668823231
425			558.7885100058238
426			551.7922114458056
427			542.1130640047809
428			532.6584277206597
429			526.827074118926
430			526.375821195049
431			532.2733654564713
432			543.8235853188805
433			559.342476977286
434			575.5280099099491
435			588.0302196201608
436			595.9422222074779
437			601.9220054869976
438			608.0448184300691
439			615.3078211466092
440			624.159339359658
441			634.1055794127999
442			644.3968144513891
443			653.8718975021336
444			661.7281848017516
445			668.9799005336534
446			676.9320425691449
447			685.7451125567084
448			695.0257007775532
449			703.2814097110045
450			708.5604102936982
451			710.7998232421908
452			711.3493676648445
453			711.3620129324432
454			711.7418484260173
455			712.9464135490816
456			714.8081361092944
457			717.0595521984775
458			719.3301209685392
459			721.3675097710426
460			723.2886652921839
461			725.0672242360397
462			725.8303936937375
463			724.7186475594215
464			722.21519078635
465			719.2555117779945
466			716.4564557167242
467			714.2669878884218
468			713.0803784747727
469			713.2319641080757
470			714.6319805354493
471			716.7796674079003
472			719.2566811201706
473			721.7783819786414
474			724.1553727757766
475			726.3565246439811
476			728.4527819147365
477			730.7333237485275
478			733.2837698529673
479			735.3245559401787
480			735.8630797907284
481			733.8208678455089
482			728.2762673107228
483			719.691803922284
484			709.2651917685264
485			699.3908996640414
486			693.0945044850738
487			691.3709324198172
488			693.4592388617043
489			698.1497719584627
490			703.7848517246886
491			709.1043135272753
492			713.5149991985968
493			716.6953469200985
494			718.7840770362182
495			719.8417273428477
496			719.5132958912887
497			717.366002161076
498			712.9670656317434
499			nan
500			nan
