Nom de l'instrument : SAM_80E0
Fichier_calib_utilise: /Users/mdlemineahmedou/Documents/Stage/pipeline_LOG/data/calibration/ALL_2023/Cal_SAM_80E0.dat
Date : 2023-10-10
Heure : 12:03:37
Comment : LIDAR_20231010

l_onde		data
280			nan
281			nan
282			nan
283			nan
284			nan
285			nan
286			nan
287			nan
288			nan
289			nan
290			nan
291			nan
292			nan
293			nan
294			nan
295			nan
296			nan
297			nan
298			nan
299			nan
300			nan
301			nan
302			nan
303			nan
304			nan
305			nan
306			nan
307			nan
308			nan
309			nan
310			nan
311			nan
312			nan
313			nan
314			nan
315			nan
316			nan
317			86.30279570103404
318			91.68497273049645
319			98.01152595783486
320			105.19029195756838
321			113.12910730421605
322			121.73580857229697
323			130.91823233633022
324			140.5794099653269
325			150.50181451952773
326			160.34150509255443
327			169.7484715555565
328			178.33599635342026
329			185.62476617469324
330			191.1210935306409
331			194.4827768762701
332			196.38296798878196
333			197.91209669512244
334			200.1275170066752
335			203.3116197284359
336			206.98021326576688
337			210.6169018056842
338			213.84371595109255
339			216.6122679872179
340			218.92216594626325
341			220.80691844978406
342			222.514581201653
343			224.37689345803523
344			226.71694347262573
345			229.67279583739926
346			233.20713637349098
347			237.27522251988697
348			241.70947734476562
349			246.06152986003002
350			249.843949698267
351			252.64306113120332
352			254.49413817557104
353			255.60138135885316
354			256.1707516793298
355			256.43723297087587
356			256.66256429980035
357			257.1100408695954
358			258.16056441206365
359			260.45729837082456
360			264.67887116189814
361			271.3368051830401
362			279.94732099576515
363			289.6596513295642
364			299.618475623236
365			308.8909837152211
366			316.47390546322634
367			321.3643528090424
368			323.155603241376
369			322.75728679984076
370			321.255029680478
371			319.65874464837464
372			318.5299370925926
373			318.2656505315219
374			319.2262201671619
375			321.06174436424607
376			322.7768061324478
377			323.35418345227043
378			322.1211807011525
379			319.16893832548476
380			314.69120162418716
381			309.03261530546973
382			303.4399873958724
383			299.49394385890787
384			298.70351279051204
385			301.1435786904395
386			305.56975896701204
387			310.68974310022895
388			315.475066679694
389			319.49239940129536
390			322.38994707238976
391			324.0590137568518
392			325.8790961673514
393			329.79261675875426
394			337.68649878584995
395			350.27672879891713
396			367.1762387705479
397			387.9532160000043
398			411.71845132987016
399			436.5199789778894
400			460.2552516594289
401			481.0097883246852
402			498.0639481560326
403			511.16579593287975
404			520.1059799482316
405			525.5878784862759
406			529.2050338604437
407			532.5862529906155
408			536.815476213766
409			541.6571685549656
410			546.6799792291714
411			551.478332656849
412			555.8187867294536
413			559.5384086089
414			562.4762049191661
415			564.5123482860071
416			565.568999764009
417			565.570549598294
418			564.5857830814602
419			563.051996223339
420			561.4644241602787
421			560.1898474231007
422			558.6822685448537
423			556.0004688858212
424			551.2431886837691
425			544.6049820709312
426			537.460339550288
427			531.2417323432032
428			527.113221757249
429			525.509350563235
430			526.7418969687754
431			531.0260932726734
432			537.8386094452792
433			546.3150361164803
434			555.5963784365765
435			565.0399139345772
436			574.2508936011453
437			582.8483695473705
438			590.649019587687
439			598.0472351906287
440			605.5424123524894
441			613.581078674001
442			622.1693800518389
443			631.0948279378586
444			640.141829688804
445			649.0420974332145
446			657.4624929009054
447			665.0659215595864
448			671.6048297238294
449			677.1158054481367
450			681.6916687863958
451			685.4272474019733
452			688.435783368135
453			690.8404143437912
454			692.7648702959826
455			694.3532994951399
456			695.7770195090657
457			697.2092235724047
458			698.7518031911768
459			700.2589373749016
460			701.5310461485105
461			702.3756831494992
462			702.6732634319471
463			702.3468325930719
464			701.3241017367434
465			699.7404976022576
466			698.0323130812217
467			696.6594043411903
468			695.9801020166025
469			695.9636634991182
470			696.4861580212778
471			697.4300287699501
472			698.7510440682323
473			700.4519147259896
474			702.5341755230168
475			704.87517384005
476			707.1552311042448
477			709.0371788665344
478			710.1782439873066
479			710.2118117711811
480			708.7649291481359
481			705.5102281846401
482			700.7179891701121
483			695.0788719178756
484			689.291884362815
485			684.0219066384216
486			679.874173530176
487			677.4479104165025
488			677.1718712131623
489			678.6655748484908
490			681.308663603047
491			684.4877694067366
492			687.6958374459678
493			690.5082530465687
494			692.5025571285719
495			693.2562906120097
496			692.3469944169145
497			689.3522094633188
498			nan
499			nan
500			nan
