Nom de l'instrument : SAM_80E0
Fichier_calib_utilise: /Users/mdlemineahmedou/Documents/Stage/pipeline_LOG/data/calibration/ALL_2023/Cal_SAM_80E0.dat
Date : 2023-10-10
Heure : 10:36:13
Comment : LIDAR_20231010

l_onde		data
280			nan
281			nan
282			nan
283			nan
284			nan
285			nan
286			nan
287			nan
288			nan
289			nan
290			nan
291			nan
292			nan
293			nan
294			nan
295			nan
296			nan
297			nan
298			nan
299			nan
300			nan
301			nan
302			nan
303			nan
304			nan
305			nan
306			nan
307			nan
308			nan
309			nan
310			nan
311			nan
312			nan
313			nan
314			nan
315			nan
316			nan
317			73.20519428755873
318			77.98680234907732
319			83.47231266185747
320			89.62002183396895
321			96.38822647348142
322			103.73522318846457
323			111.61930858698813
324			119.99348136913329
325			128.67782046161255
326			137.35302894914923
327			145.6931775499421
328			153.35545680510214
329			159.9544764233666
330			165.09823604344854
331			168.51620266718484
332			170.751993359712
333			172.68381507048292
334			175.16213554867292
335			178.388559864469
336			181.92284750701472
337			185.2979034038222
338			188.1943083825523
339			190.64424719918264
340			192.7311073739369
341			194.55621578431666
342			196.3344323417969
343			198.32490023349916
344			200.7791959414955
345			203.78844007541076
346			207.29166159657953
347			211.2215056924858
348			215.4179182436714
349			219.50893852637032
350			223.09312890926694
351			225.8306163762969
352			227.75627611219645
353			229.0459899659796
354			229.8769885573786
355			230.44831952558906
356			230.97914292869305
357			231.6899142002787
358			232.91606082673545
359			235.24939714484202
360			239.31640802147436
361			245.59204064889425
362			253.64866715133314
363			262.7258620479203
364			272.05858162251866
365			280.80197568200697
366			288.03862735586836
367			292.8511365163727
368			294.85987390724904
369			294.8726255163816
370			293.8559345877646
371			292.7144327218447
372			291.98608424116867
373			292.0743713217763
374			293.3463188076708
375			295.4627173318275
376			297.4424800526012
377			298.28292730871635
378			297.34236754333904
379			294.7794418797656
380			290.86029882403784
381			285.97302675896447
382			281.23474067109333
383			278.0323095393085
384			277.68947357750494
385			280.266259518722
386			284.660205477195
387			289.72655665614286
388			294.53953803373065
389			298.6673077101693
390			301.74569489655426
391			303.6430604143777
392			305.65127111171785
393			309.60065113059596
394			317.27024768481795
395			329.3565411390461
396			345.5362041142791
397			365.4444333735236
398			388.2658100409643
399			412.1379137863094
400			435.0499751198063
401			455.16810988936555
402			471.78223863922517
403			484.62218151885105
404			493.4602597055348
405			498.98113270399966
406			502.75924206779445
407			506.4042406496649
408			510.9690335664436
409			516.1582786473804
410			521.4765480267018
411			526.4687566055101
412			530.9492386883597
413			534.8426880902261
414			538.0729467372807
415			540.5356104337511
416			542.0974645522017
417			542.6243741683707
418			542.1434615093258
419			541.0933933082284
420			539.9775414155971
421			539.172426578447
422			538.1531857763838
423			536.0046683719402
424			531.8505385353278
425			525.8795751062743
426			519.4274373792298
427			513.8861278902199
428			510.3782913739756
429			509.29447773947874
430			510.9020387904245
431			515.3831269726851
432			522.2681318882054
433			530.7864491234205
434			540.1708704274154
435			549.8038215610535
436			559.2392955657892
437			568.0409059488409
438			575.9911269899756
439			583.5122225029511
440			591.1427436653522
441			599.3635654417197
442			608.1751330669879
443			617.3393748571563
444			626.6156256285135
445			635.7331146202736
446			644.3840210626921
447			652.2582754957754
448			659.1279018855579
449			665.0254328902056
450			670.0349561580788
451			674.2409169690097
452			677.7310409083816
453			680.594816341091
454			682.9229176135858
455			684.8540163139342
456			686.5906508121684
457			688.3397766565841
458			690.2292353610719
459			692.1120148651527
460			693.7814539211774
461			695.038334894653
462			695.7594678571297
463			695.8661459900687
464			695.2841251186718
465			694.1354939017074
466			692.8267197067797
467			691.7865419353478
468			691.3562375437824
469			691.541903794362
470			692.2693580040176
471			693.4670283620023
472			695.0933781909923
473			697.1260991973504
474			699.5414344997063
475			702.2029353736775
476			704.7953650858036
477			706.9876159978431
478			708.4418626730987
479			708.7917031165098
480			707.6631381386599
481			704.7288793712356
482			700.2740451801773
483			695.0145144381871
484			689.6743823031734
485			684.9140601762356
486			681.2826590030558
487			679.318075950462
488			679.403238265587
489			681.1854246649685
490			684.0938500070528
491			687.5623432178944
492			691.095055187444
493			694.25066765814
494			696.589288211707
495			697.6710244298697
496			697.0559838943531
497			694.304274186882
498			nan
499			nan
500			nan
