Nom de l'instrument : SAM_877E
Fichier_calib_utilise: /Users/mdlemineahmedou/Documents/Stage/pipeline_LOG/data/calibration/ALL_2023/Cal_SAM_877E.dat
Date : 2023-10-10
Heure : 11:33:44

l_onde		data
280			2.9067956166038895
281			3.036631281534044
282			3.192172227221983
283			3.3659632352187687
284			3.538396713640847
285			3.6797406292737804
286			3.7854369617838866
287			3.884829715685688
288			3.9975374239921373
289			4.1187374616885055
290			4.241718066534388
291			4.3631130955112125
292			4.481708219640387
293			4.603782416673655
294			4.736112890026823
295			4.870453296364703
296			4.994465025072645
297			5.14102095024145
298			5.375851207243357
299			5.750824555217959
300			6.302021048915169
301			7.090406885497516
302			8.219424488354456
303			9.7758552225492
304			11.794346917028443
305			14.30679091195011
306			17.36620822036217
307			21.03036889433416
308			25.35407871348482
309			30.38240766896513
310			36.071817833395215
311			42.32110031898885
312			48.92818607341146
313			55.6076029031024
314			62.25777974826426
315			69.02038748835304
316			75.96430535931714
317			82.98407118571133
318			89.91521115524625
319			96.47711922909512
320			102.54751618713415
321			108.84488584936742
322			116.247457155459
323			124.99899442763375
324			135.04170446624923
325			146.11295198082257
326			157.78551674651845
327			169.00342448553718
328			178.1094907096798
329			184.5375889502711
330			189.35769975035367
331			193.2151316128517
332			195.53958244834587
333			196.03927301449673
334			195.89321440340623
335			196.43600519932266
336			198.21345551654517
337			201.44996999661274
338			205.82735043738262
339			210.74835574290583
340			215.44362288939394
341			219.04584190231836
342			221.35964545488147
343			222.9084932791636
344			224.22824796650787
345			225.8195239913374
346			228.1816947965972
347			231.81834798537204
348			236.99976596689356
349			243.1707315100741
350			249.6832779036035
351			256.375133540972
352			263.0776603621632
353			268.1594356132775
354			269.42861136495895
355			267.302657950156
356			264.12714834405017
357			261.67067774712586
358			261.025064662584
359			263.1833326813871
360			269.0332453691835
361			278.7219680064925
362			290.696699734441
363			303.3966775846212
364			316.07717090458885
365			328.1019721436694
366			338.45979897909683
367			346.0450158129209
368			350.0070755246371
369			349.7129020744603
370			345.7712726200013
371			339.71053506248705
372			333.5893231717197
373			329.98374661693225
374			330.6448074537685
375			336.03681872267714
376			345.2000784973275
377			354.2782967127045
378			359.3685252497201
379			357.67601293299083
380			347.7833823498723
381			333.9711716200849
382			321.88754517015036
383			314.2012488928716
384			312.1290209678639
385			315.85178773741654
386			324.79914683770426
387			336.9946575510363
388			349.14253807571663
389			358.37441596989635
390			362.49037082705445
391			360.9848298064581
392			356.59043147928594
393			352.77767376431296
394			354.0565735569828
395			364.3481947258914
396			384.2323447780933
397			413.08365400552225
398			448.2928169318524
399			486.3340674925012
400			522.4321257274103
401			551.2853950090189
402			570.8807926278778
403			581.9765723450591
404			586.7534292324224
405			588.9486615679475
406			591.305927340458
407			594.7622402100694
408			599.8349046396673
409			606.4438826534346
410			614.2751103797732
411			622.4982987257023
412			630.2054790900247
413			636.6791108289904
414			641.3198284411702
415			643.971232438568
416			644.7270932941601
417			644.1729627306202
418			643.2152433494695
419			642.5085890219976
420			642.446671245263
421			642.8195047115073
422			642.6216029453885
423			641.0960844192789
424			638.0657843427956
425			633.1873768324364
426			625.4845383588886
427			614.74347880137
428			604.2374465728548
429			597.8135026271233
430			597.5455140236347
431			604.6210385113554
432			618.1160555361615
433			635.8919195363773
434			654.2995655738162
435			668.7287174485274
436			678.1509721077903
437			685.2469850780727
438			692.269448847074
439			700.6048667581326
440			710.9091057985628
441			722.4945632436212
442			734.4078510245497
443			745.3958439598206
444			754.6186384660025
445			763.1987246054293
446			772.5646280262142
447			782.8593804727229
448			793.6107377305843
449			803.1752453271663
450			809.4212928473645
451			812.2511374881419
452			813.0919956114336
453			813.2585524480494
454			813.8983271517485
455			815.5717604815136
456			818.0071550803624
457			820.8503123141575
458			823.7107658729914
459			826.3178372870086
460			828.7520903542778
461			830.9471407917948
462			831.9882643330012
463			830.9778812915547
464			828.3867980621137
465			825.1657445666173
466			822.1052953505347
467			819.8926986387738
468			818.9377864089416
469			819.4372865702505
470			821.2207667895398
471			823.7676934052402
472			826.6902533879957
473			829.7971082313368
474			832.8923866164486
475			835.747174467213
476			838.318349089305
477			841.0484536327256
478			844.1455480878835
479			846.6864946873391
480			847.4855439120519
481			845.3273449066241
482			839.1860078723569
483			829.5281102425391
484			817.6347492206056
485			806.3210191059809
486			799.2188240581082
487			797.4882108391269
488			800.1534693836995
489			805.7612812353905
490			812.3925594832872
491			818.6266372409162
492			823.870309074863
493			827.7947122041081
494			830.4851139496892
495			831.9404230744602
496			831.7375168858914
497			829.3742790349668
498			824.3485931726699
499			nan
500			nan
