Nom de l'instrument : SAM_81D7
Fichier_calib_utilise: /Users/mdlemineahmedou/Documents/Stage/pipeline_LOG/data/calibration/ALL_2023/Cal_SAM_81D7.dat
Date : 2023-10-10
Heure : 12:18:34

l_onde		data
280			nan
281			nan
282			nan
283			nan
284			nan
285			nan
286			nan
287			nan
288			nan
289			nan
290			nan
291			nan
292			nan
293			nan
294			nan
295			nan
296			nan
297			nan
298			nan
299			nan
300			nan
301			nan
302			nan
303			nan
304			nan
305			nan
306			nan
307			nan
308			nan
309			nan
310			nan
311			nan
312			nan
313			nan
314			nan
315			nan
316			nan
317			nan
318			nan
319			0.06122416164168146
320			0.06190179149929044
321			0.060521677100004855
322			0.05807361504254582
323			0.05554740192563457
324			0.05393283434799224
325			0.054219707592468386
326			0.056916677818408576
327			0.06068799508055998
328			0.06375601772819434
329			0.06453661118615911
330			0.06352610364221555
331			0.0624869126006041
332			0.06317340100012184
333			0.06605997236544582
334			0.06978283049409174
335			0.07283596098041137
336			0.07423998004739084
337			0.0749133480216091
338			0.07620189294556827
339			0.07930933794520545
340			0.08400731986129098
341			0.08923826154448289
342			0.0939448252909778
343			0.09752952851719747
344			0.10002741246152831
345			0.10151954488324735
346			0.10230826623242936
347			0.10346028018376487
348			0.10620722036323861
349			0.11159057997734372
350			0.11881409748931847
351			0.12605173916886883
352			0.13149794540221796
353			0.13467366437647452
354			0.13687665473657995
355			0.1395289003602611
356			0.1435787183927859
357			0.14837685184697466
358			0.15293758019932016
359			0.156443121199674
360			0.15966558052192958
361			0.16425340550388223
362			0.17182675486657487
363			0.1824832569934297
364			0.19430310544351784
365			0.20522768819634796
366			0.2136722676780965
367			0.21964003074232957
368			0.22346639547342867
369			0.2255527188012645
370			0.22692396036160117
371			0.22894852370847224
372			0.23297299946918942
373			0.23930182994209515
374			0.24685291692693775
375			0.2544481563626695
376			0.26110244951649875
377			0.26648394071202425
378			0.27039884192669844
379			0.27271571476486534
380			0.27390324664067917
381			0.2747652962762469
382			0.2761088487014905
383			0.2787182866647348
384			0.28334736948814565
385			0.2907476326240939
386			0.30117930163389317
387			0.31319654723353946
388			0.32498347046653425
389			0.33490615242280825
390			0.34314550636954577
391			0.3509247298007008
392			0.35948133818062084
393			0.37014080382969017
394			0.38435159179425205
395			0.40357130757315685
396			0.4286609571316939
397			0.4583243006216404
398			0.4907776688497724
399			0.5242417754593809
400			0.5569834150008642
401			0.5872969516800994
402			0.6135000448602705
403			0.635090341869885
404			0.653290161282409
405			0.6694586246891594
406			0.6848566477851686
407			0.7003701443856767
408			0.7167955328903189
409			0.7348476132181208
410			0.7543208156979669
411			0.7744290174761722
412			0.7943817059500312
413			0.8136690537965198
414			0.8322152469319637
415			0.8499816834159617
416			0.8670094029725226
417			0.8836648527233433
418			0.9003975783885035
419			0.9176249952228476
420			0.9353691566618935
421			0.9533862728571614
422			0.9714253802996125
423			0.9890746233425155
424			1.005655913850925
425			1.0204661727313176
426			1.033325584904687
427			1.0463701821153795
428			1.062376459185686
429			1.0839795693983403
430			1.1118826331800653
431			1.1453899421050149
432			1.1837746284181228
433			1.226315788760018
434			1.2723031982093413
435			1.3210277411629534
436			1.3718004518277191
437			1.424030085369542
438			1.4771549797065404
439			1.5306767901108547
440			1.5850763160255963
441			1.6416047201473714
442			1.7015276094716392
443			1.7653189015483883
444			1.8319026303890722
445			1.9000230288783289
446			1.9684253383176284
447			2.0358602189772514
448			2.1010801435182276
449			2.1629123260372416
450			2.2215185886257705
451			2.278211367071429
452			2.33433739173704
453			2.3906167215439873
454			2.4464141688225913
455			2.5009176476865367
456			2.5534782938522054
457			2.6044297791026234
458			2.6544716622093834
459			2.7042760193297415
460			2.7539224641203397
461			2.802926603229708
462			2.850782590117304
463			2.897280742227247
464			2.942925930810563
465			2.988328634424687
466			3.0341500460596347
467			3.0813970938330977
468			3.1312209767050185
469			3.1847358498239142
470			3.242097462034092
471			3.30244698694332
472			3.3648770552776894
473			3.428626074072581
474			3.4933285933556615
475			3.558685814803654
476			3.624183836097269
477			3.6876292373948605
478			3.746039215695179
479			3.7964913622194514
480			3.838135594001981
481			3.872577439854238
482			3.901564809440178
483			3.926958306338295
484			3.9509665935704215
485			3.9758653207113293
486			4.003858409940559
487			4.036500691965696
488			4.075001973613077
489			4.120514463309656
490			4.171941052488112
491			4.225182589984227
492			4.275931078397621
493			4.32071046152046
494			4.358989079432818
495			4.390886347220886
496			4.416521679970861
497			4.436014492768938
498			4.449484200701308
499			nan
500			nan
