Nom de l'instrument : SAM_81D7
Fichier_calib_utilise: /Users/mdlemineahmedou/Documents/Stage/pipeline_LOG/data/calibration/ALL_2023/Cal_SAM_81D7.dat
Date : 2023-10-10
Heure : 10:16:54

l_onde		data
280			nan
281			nan
282			nan
283			nan
284			nan
285			nan
286			nan
287			nan
288			nan
289			nan
290			nan
291			nan
292			nan
293			nan
294			nan
295			nan
296			nan
297			nan
298			nan
299			nan
300			nan
301			nan
302			nan
303			nan
304			nan
305			nan
306			nan
307			nan
308			nan
309			nan
310			nan
311			nan
312			nan
313			nan
314			nan
315			nan
316			nan
317			nan
318			nan
319			0.05878954979901661
320			0.06067975644941088
321			0.06326524408336055
322			0.0664227892869997
323			0.07002916864646244
324			0.07396115874788287
325			0.07809553614497464
326			0.08229722310007603
327			0.08638569945292777
328			0.09016955772861004
329			0.09347626777771957
330			0.09633625622999768
331			0.098903461375362
332			0.10133346264573904
333			0.10377652011976249
334			0.10637525454495605
335			0.10927169349606222
336			0.11255411480062867
337			0.11611709573929775
338			0.11981159496242118
339			0.1234933776811815
340			0.1270666480349201
341			0.13046365752109587
342			0.1336195840002797
343			0.13658422732835543
344			0.13956504819690946
345			0.14278096961663503
346			0.14640703620188178
347			0.15046671926439642
348			0.1549507844903658
349			0.15983721991338107
350			0.1649805143566683
351			0.17016595478002552
352			0.17517843398150398
353			0.17981819971345767
354			0.183906067148475
355			0.18726431927033316
356			0.18989952665948523
357			0.19243982159199247
358			0.19564424284891152
359			0.20020980500670726
360			0.20624633348057286
361			0.21353999670407842
362			0.22187055983202789
363			0.23089489559498813
364			0.240107037632456
365			0.24898981653873947
366			0.2570687336189039
367			0.26401227713251624
368			0.26951885158141886
369			0.27335910770294214
370			0.2759869497491958
371			0.2782325780692587
372			0.2809196445403843
373			0.28444212114737255
374			0.28862230638502506
375			0.2932428895452956
376			0.29799215899939446
377			0.30223889512074953
378			0.30528434795206394
379			0.3065388395828943
380			0.306462529186174
381			0.30610191177079094
382			0.3065027893559825
383			0.308407619305298
384			0.3121478627461591
385			0.3180257147707502
386			0.3260647097524529
387			0.33532074335399664
388			0.34463981544154476
389			0.35299098390787975
390			0.36057052727112315
391			0.3682795345087814
392			0.3770292042582756
393			0.38780994496583077
394			0.401722926543538
395			0.41987755297866836
396			0.44292141205943975
397			0.46983220917226265
398			0.4992103400431265
399			0.5296362827952201
400			0.5594811029484426
401			0.5869905769672422
402			0.6104299728999931
403			0.6291547904989836
404			0.6441140129462843
405			0.6563830206238292
406			0.666991291123188
407			0.6767930209853439
408			0.6866005753597195
409			0.6971602023000983
410			0.7084725814086124
411			0.7200681006327512
412			0.7314722065476257
413			0.7423551394911393
414			0.7526110290272294
415			0.7621532009037314
416			0.7709391029856973
417			0.7791064614315901
418			0.7868390396860792
419			0.7943028814003108
420			0.8014459901260139
421			0.8080697581509089
422			0.8139734818966825
423			0.8190017774355635
424			0.8230742524677231
425			0.8261175540771442
426			0.828287050007242
427			0.8307503733166193
428			0.8349551058726359
429			0.8422832930774565
430			0.85322115405508
431			0.8676063125182569
432			0.8852603044210361
433			0.9058570378841594
434			0.9288061135027507
435			0.9534896745646645
436			0.9793340361624661
437			1.0059797343227157
438			1.033132155487609
439			1.0605295646173614
440			1.0884184953339575
441			1.117445372829528
442			1.1482635964386054
443			1.1810503595591624
444			1.2150505913708523
445			1.2494010696001567
446			1.283303992242405
447			1.3163131087400488
448			1.3480997459959996
449			1.3783450422125918
450			1.40690384086389
451			1.4337807430048546
452			1.4589857872957237
453			1.482627360557037
454			1.5050265384286623
455			1.5265321584892058
456			1.547464513127668
457			1.5679720628318072
458			1.5881392795407436
459			1.6080432093137205
460			1.6276066107591398
461			1.646605365335461
462			1.6648101183089277
463			1.682177729630873
464			1.6991143387701382
465			1.7160924863527731
466			1.7335740568910833
467			1.7519482890516316
468			1.7715741073196563
469			1.792800540266539
470			1.8157264438118699
471			1.8401858394555866
472			1.86599986251461
473			1.8928893658777273
474			1.9203026877751395
475			1.9476423154394567
476			1.9742785591396554
477			1.9993304935784701
478			2.0217991112579767
479			2.040705565643996
480			2.0557358918094466
481			2.0673639792729728
482			2.0761094428107314
483			2.082614230289528
484			2.0878981199817077
485			2.093053606349181
486			2.099160250941361
487			2.1071805799241483
488			2.1180149094298653
489			2.1325319246988803
490			2.1503164200824205
491			2.1692396497109394
492			2.1870536588945497
493			2.2019659385711368
494			2.213795887380448
495			2.2227193345219263
496			2.228912109195014
497			2.232550040599153
498			2.2338089579337854
499			nan
500			nan
