Nom de l'instrument : SAM_877D
Fichier_calib_utilise: /Users/mdlemineahmedou/Documents/Stage/pipeline_LOG/data/calibration/ALL_2023/Cal_SAM_877d.dat
Date : 2023-10-10
Heure : 10:58:31

l_onde		data
280			0.06579004361528483
281			0.0690579686297186
282			0.077384877042085
283			0.08818486149743889
284			0.09694307555197539
285			0.09628118473493003
286			0.08638348103717376
287			0.08494456442064838
288			0.1020867600130917
289			0.11376823547589494
290			0.0977938167693186
291			0.08077188044182904
292			0.09881045976999554
293			0.13173810633159652
294			0.13463048771851532
295			0.1115360695324104
296			0.10180737377325333
297			0.11498455623546847
298			0.1275951649466033
299			0.12650324209156613
300			0.11756822485263432
301			0.10918188904183705
302			0.11173528526333026
303			0.12891722870561959
304			0.13947866812283669
305			0.12399073438218691
306			0.10352581314399811
307			0.1080128920712325
308			0.12457376392229609
309			0.12107324097806034
310			0.10282704438790968
311			0.10222039701229069
312			0.12329992722667078
313			0.13891350732326585
314			0.13576261028245984
315			0.1247916066071447
316			0.1175135148655257
317			0.12184167644892935
318			0.13970591029037013
319			0.1540183242055758
320			0.14973948525721525
321			0.1444673770727867
322			0.16217653021210948
323			0.19105220553640997
324			0.20423122876477964
325			0.2078396132052948
326			0.23038950524109444
327			0.272099084525068
328			0.3040804555015652
329			0.3158730149534853
330			0.3260309623402569
331			0.34673935353508745
332			0.37161318901525187
333			0.39341319581699513
334			0.40975725724966444
335			0.4218446877267719
336			0.4433640392735045
337			0.48734503079516356
338			0.5351131879812826
339			0.557811862151125
340			0.5700569803598498
341			0.6121847526023408
342			0.6838466416463307
343			0.7477642515383282
344			0.7889441686863234
345			0.8230570473725846
346			0.8629392104745102
347			0.9123475891198487
348			0.973688093689489
349			1.048385494063163
350			1.1359189504943012
351			1.228616750229448
352			1.3168210447757662
353			1.3897209784330091
354			1.4386057324104333
355			1.4780348728658512
356			1.5337491484121284
357			1.6113939012380256
358			1.7012847724708782
359			1.7980655247241788
360			1.9015671309334379
361			2.016268283731294
362			2.1533299467056395
363			2.3187558255454177
364			2.5060622087161972
365			2.70446196097288
366			2.894741077058701
367			3.0586158859506316
368			3.189945488281791
369			3.287783616728445
370			3.3626609795217015
371			3.430196387560954
372			3.508260953801788
373			3.615368760276048
374			3.7575982553617426
375			3.930180480082556
376			4.120242349011541
377			4.305658296828882
378			4.462565197845674
379			4.565157945730381
380			4.603556687703134
381			4.60601742622283
382			4.607556474753093
383			4.647444074311825
384			4.759044991081934
385			4.941710356570683
386			5.184213150683437
387			5.47542692393745
388			5.800884413996341
389			6.1079782751417895
390			6.32395408624156
391			6.446858679082507
392			6.537259599330915
393			6.663730432329351
394			6.90164290569575
395			7.300334179997531
396			7.864556518310692
397			8.583546029409717
398			9.419944753250336
399			10.314805627156597
400			11.149193897196431
401			11.82128454917315
402			12.374596767298083
403			12.883298944308317
404			13.324516677027372
405			13.643296543976557
406			13.891481969331455
407			14.18107960300588
408			14.546342155887581
409			14.956148245509612
410			15.386451723817059
411			15.823796077432585
412			16.267023161044694
413			16.733272176673548
414			17.21535638445887
415			17.64957176030983
416			18.00196874467061
417			18.352734947481807
418			18.777405948884063
419			19.235741906808272
420			19.668072435429245
421			20.091372975290135
422			20.54480538371727
423			20.998925910283262
424			21.38957789870319
425			21.68370742954954
426			21.873601628325602
427			22.00161037507463
428			22.15943904796427
429			22.43004855637994
430			22.881399846137093
431			23.562750419047866
432			24.49049958247767
433			25.626267276161418
434			26.80035014979032
435			27.87072127731726
436			28.869406919953054
437			29.86450051721493
438			30.90876226729668
439			32.046239852415674
440			33.29304930105748
441			34.649932867667076
442			36.08489606591753
443			37.547994551606934
444			39.01682836590789
445			40.49258724334111
446			42.003821378308125
447			43.60656842467522
448			45.271815529826654
449			46.844136759516225
450			48.230074592108394
451			49.47933780570327
452			50.647057725452434
453			51.757132834939675
454			52.83079062494658
455			53.89904434023049
456			54.99015270638914
457			56.10567974052105
458			57.2359424443056
459			58.35279619674374
460			59.4222742441771
461			60.43715323162814
462			61.40553772912012
463			62.3199515291444
464			63.16179254676788
465			63.95807434655533
466			64.7850506163842
467			65.69888484820683
468			66.72323502513578
469			67.86916643609874
470			69.12835880500597
471			70.48460992090716
472			71.90695145590723
473			73.3641566258135
474			74.83249353963443
475			76.29859891687406
476			77.79172889607979
477			79.33884736383646
478			80.86291510245962
479			82.24764948619364
480			83.41506520522638
481			84.30821151127813
482			84.86483511125556
483			85.0268665155712
484			84.91699181087579
485			84.83143725897699
486			84.99003299845901
487			85.50463114205138
488			86.39116013265787
489			87.51588213724067
490			88.7404862366984
491			89.94857203952334
492			91.05716900566576
493			92.07479600732785
494			93.00532466320034
495			93.76398847210677
496			94.26260426986572
497			94.51924761491678
498			94.58862572187469
499			94.5254800562688
500			nan
