Nom de l'instrument : SAM_8172
Fichier_calib_utilise: /Users/mdlemineahmedou/Documents/Stage/pipeline_LOG/data/calibration/ALL_2023/Cal_SAM_8172.dat
Date : 2023-10-10
Heure : 12:03:40
InclX : -10.27
InclY : -2.25
Pressure : 0.384697656003445
Comment : 

l_onde		data
280			nan
281			nan
282			nan
283			nan
284			nan
285			nan
286			nan
287			nan
288			nan
289			nan
290			nan
291			nan
292			nan
293			nan
294			nan
295			nan
296			nan
297			nan
298			nan
299			nan
300			nan
301			nan
302			nan
303			nan
304			nan
305			nan
306			nan
307			nan
308			nan
309			nan
310			nan
311			nan
312			nan
313			nan
314			nan
315			nan
316			nan
317			1.586524342067875
318			1.7934264902451793
319			1.7893594745413877
320			1.65241777654274
321			1.4606958778354746
322			1.292288260005831
323			1.2252894046400482
324			1.3359751988241377
325			1.6144536992688865
326			1.9290223344134207
327			2.1387655804796286
328			2.152301028105339
329			2.053376615440051
330			1.964426358398494
331			1.9955218142696496
332			2.1350399147174888
333			2.302175120253511
334			2.4167130045071543
335			2.457395328434136
336			2.482545210158471
337			2.5561130945062165
338			2.718574058625979
339			2.9310839203616834
340			3.1380627335392663
341			3.2890769652094543
342			3.3821423173562644
343			3.4418603145470463
344			3.4930660122297503
345			3.558999334643051
346			3.6608077134989805
347			3.81949378144444
348			4.0434531818916
349			4.299571204321238
350			4.546201970143657
351			4.746136316249828
352			4.903007395222156
353			5.042460418489846
354			5.18988440589071
355			5.352501162689662
356			5.513983063887317
357			5.656437439884812
358			5.776670724287125
359			5.91953243916411
360			6.139671811040065
361			6.484030426473766
362			6.928714148626463
363			7.411702617196136
364			7.87132044424964
365			8.273715575329073
366			8.62124291875817
367			8.918683581243751
368			9.170960373342378
369			9.383463963721724
370			9.561681443162371
371			9.712968706376627
372			9.862168892615024
373			10.043674723553698
374			10.291111002263374
375			10.602877212373745
376			10.930659058645329
377			11.222923901403785
378			11.438955331181832
379			11.574716288970063
380			11.633937394075826
381			11.62494330942994
382			11.600664264368346
383			11.63911517237041
384			11.817242032688615
385			12.152647898393212
386			12.581586755140462
387			13.034425947282356
388			13.454985920620894
389			13.834692281560185
390			14.17549549318951
391			14.48353235100417
392			14.80789985473961
393			15.222922358924976
394			15.802638240462159
395			16.591149384088578
396			17.58955886829319
397			18.79564172977247
398			20.187109674330195
399			21.666469175857163
400			23.118608977827485
401			24.434142854608595
402			25.566922730968937
403			26.510078342092505
404			27.257917786099576
405			27.838545603903377
406			28.331588790794008
407			28.821007138366262
408			29.373449230521775
409			29.985848650622074
410			30.63759189244497
411			31.308452763589543
412			31.982895857622395
413			32.64850394191201
414			33.292943927510926
415			33.90583434586246
416			34.47999071885621
417			35.00852470969781
418			35.489797111708164
419			35.94518026779746
420			36.40235058986586
421			36.8852969035984
422			37.36809573529074
423			37.78892852018146
424			38.08579859773313
425			38.25176104768033
426			38.37792777496974
427			38.565531210935674
428			38.90407140034302
429			39.42635758928787
430			40.14809879159301
431			41.08299607490539
432			42.21381294653733
433			43.4990039947259
434			44.896378526763314
435			46.364893192757215
436			47.86575230151686
437			49.36042112443122
438			50.820912478292755
439			52.2760955226236
440			53.77391207210449
441			55.36015730595808
442			57.04174602437053
443			58.791912511916614
444			60.58277650601985
445			62.38633019537488
446			64.17428787580938
447			65.91832725715604
448			67.59193250910837
449			69.17958129023006
450			70.66988688868452
451			72.05213253030888
452			73.32985173253307
453			74.52030100176698
454			75.64129703431894
455			76.71174984862827
456			77.75324758769531
457			78.78778091437948
458			79.83278158931309
459			80.87397776747139
460			81.88363076412851
461			82.83440448267514
462			83.7109220452844
463			84.51070880342016
464			85.23194931668844
465			85.88703518566183
466			86.52789950467188
467			87.21329990948846
468			87.9968579393958
469			88.89085923238558
470			89.88765337931142
471			90.97919328663168
472			92.14837980059204
473			93.36709274925883
474			94.60654500576354
475			95.83736277750782
476			97.0282982472496
477			98.14773020135843
478			99.16225007975495
479			100.02157269886371
480			100.66612999293942
481			101.03775762886114
482			101.14578341470633
483			101.09292310456166
484			100.98874336100992
485			100.93513414242543
486			101.00558482109457
487			101.26701847976189
488			101.77880091967359
489			102.51529721347687
490			103.39735810768649
491			104.34512329121635
492			105.28656486606236
493			106.16205648033842
494			106.91306971802612
495			107.4810761631071
496			107.80754739956302
497			107.83395501137548
498			nan
499			nan
500			nan
