Nom de l'instrument : SAM_80E0
Fichier_calib_utilise: /Users/mdlemineahmedou/Documents/Stage/pipeline_LOG/data/calibration/ALL_2023/Cal_SAM_80E0.dat
Date : 2023-10-10
Heure : 10:15:58
Comment : LIDAR_20231010

l_onde		data
280			nan
281			nan
282			nan
283			nan
284			nan
285			nan
286			nan
287			nan
288			nan
289			nan
290			nan
291			nan
292			nan
293			nan
294			nan
295			nan
296			nan
297			nan
298			nan
299			nan
300			nan
301			nan
302			nan
303			nan
304			nan
305			nan
306			nan
307			nan
308			nan
309			nan
310			nan
311			nan
312			nan
313			nan
314			nan
315			nan
316			nan
317			63.91673150208721
318			67.70985195290572
319			72.55396281554825
320			78.2763508353489
321			84.70430275764167
322			91.66510532776066
323			98.98604529103993
324			106.4955422020345
325			114.05043678555217
326			121.53737138608383
327			128.84414430256777
328			135.75761808029188
329			141.81004132392758
330			146.49413743671442
331			149.43814899545953
332			151.178652642194
333			152.62552154437356
334			154.6605763672973
335			157.50702708964874
336			160.73659552085616
337			163.89367818619598
338			166.6530338129068
339			168.9998025937721
340			170.96432441283798
341			172.6005691236021
342			174.11205386171693
343			175.76062630581526
344			177.80089732458202
345			180.3332563272365
346			183.31191050096908
347			186.68495677605972
348			190.31744136136751
349			193.88456011042393
350			197.03510006618765
351			199.46912093114048
352			201.19878274052928
353			202.3536796540321
354			203.0653762206251
355			203.50050887739096
356			203.85804572366922
357			204.33869618337556
358			205.255857019028
359			207.1742169473119
360			210.6924462453822
361			216.26200783616233
362			223.4575814393338
363			231.53055914946162
364			239.73203218693763
365			247.3171616144567
366			253.544809133366
367			257.67616410467014
368			259.41604932441925
369			259.4488443693435
370			258.5898954240802
371			257.6022216543645
372			256.93893920152
373			256.93950142198673
374			257.91336039550004
375			259.5888862401635
376			261.1663191474137
377			261.82804661907045
378			261.03568317560035
379			258.8699066956488
380			255.49455282842774
381			251.19215537442162
382			246.9548938413812
383			244.03753042155392
384			243.63830484948647
385			245.82331222915334
386			249.61718908406826
387			254.0066656287425
388			258.1709455623031
389			261.7233778340063
390			264.336791290386
391			265.89124510218437
392			267.53541570425625
393			270.8978483949007
394			277.5604594800316
395			288.1211061270596
396			302.2506347322245
397			319.582360399443
398			339.3837590388232
399			360.072282426772
400			379.9449428071465
401			397.4438684363363
402			411.9331523788398
403			423.1377795484661
404			430.820848430732
405			435.5653324725337
406			438.75380982987843
407			441.8005658604386
408			445.64002814063656
409			450.044577398272
410			454.6141416119363
411			458.97424187694895
412			462.9213167237848
413			466.3218158410766
414			469.044124211765
415			470.9977292848167
416			472.1340421329404
417			472.4066230094432
418			471.88048692024705
419			470.90509263540184
420			469.87462061815677
421			469.07938387773396
422			468.07162981386386
423			466.08403287811933
424			462.38218997215876
425			457.1339077333635
426			451.4784625775112
427			446.6028604162513
428			443.46834416552394
429			442.42254941224377
430			443.7098529062637
431			447.49847173353777
432			453.3740124955807
433			460.65302339203095
434			468.65560256857333
435			476.85094037229663
436			484.8791732022463
437			492.3899855345995
438			499.2081623497681
439			505.67035500193793
440			512.2062510518532
441			519.2005979567072
442			526.6638023378863
443			534.420423402918
444			542.2923973552366
445			550.0574059646228
446			557.4386684287133
447			564.1560806573008
448			570.0027458520135
449			575.0040773612639
450			579.2314629968934
451			582.7571648187819
452			585.661463757957
453			588.0289499482199
454			589.9451388809239
455			591.5318395664073
456			592.9591544207433
457			594.4005252320908
458			595.9617203954447
459			597.51340117038
460			598.8752054686466
461			599.8736092266613
462			600.4049307165907
463			600.4063523173769
464			599.8188500562982
465			598.7483660916612
466			597.5397881238449
467			596.5567176426687
468			596.0893624853613
469			596.1466662048265
470			596.6702058584068
471			597.6027223224346
472			598.9003448945504
473			600.5277740912481
474			602.4486357415655
475			604.5488936173144
476			606.591298982451
477			608.3276656002006
478			609.4960132907464
479			609.7756844041122
480			608.8304216460474
481			606.3632448991744
482			602.5921222491133
483			598.0972309742834
484			593.4659883812383
485			589.2604063941835
486			585.9980958095161
487			584.1921939070942
488			584.209404696455
489			585.7213074793636
490			588.1934299319423
491			591.097939280943
492			594.0079392776032
493			596.5748044497772
494			598.4519559015812
495			599.2928147371325
496			598.7508020605479
497			596.4793389759443
498			nan
499			nan
500			nan
