Nom de l'instrument : SAM_81D7
Fichier_calib_utilise: /Users/mdlemineahmedou/Documents/Stage/pipeline_LOG/data/calibration/ALL_2023/Cal_SAM_81D7.dat
Date : 2023-10-10
Heure : 10:56:44

l_onde		data
280			nan
281			nan
282			nan
283			nan
284			nan
285			nan
286			nan
287			nan
288			nan
289			nan
290			nan
291			nan
292			nan
293			nan
294			nan
295			nan
296			nan
297			nan
298			nan
299			nan
300			nan
301			nan
302			nan
303			nan
304			nan
305			nan
306			nan
307			nan
308			nan
309			nan
310			nan
311			nan
312			nan
313			nan
314			nan
315			nan
316			nan
317			nan
318			nan
319			0.01960187412541129
320			0.02026967302137251
321			0.02065884973631059
322			0.020866319579092716
323			0.020988997858586114
324			0.021123799883657986
325			0.021367640876032747
326			0.021785572916677633
327			0.022320503433478574
328			0.022886075849539556
329			0.023404364824706772
330			0.023888092216275175
331			0.024405144266264393
332			0.02502310585864185
333			0.025756235645894226
334			0.02654220839583414
335			0.027312773994297306
336			0.02802884767560838
337			0.02875644924197957
338			0.029585266561417408
339			0.030590767306439583
340			0.03170511272903848
341			0.032777486058161866
342			0.03365963765422108
343			0.034362152791423704
344			0.03511409178604418
345			0.03616039587974996
346			0.03765842390693791
347			0.039462990492868534
348			0.04136362899328237
349			0.04316698970089018
350			0.044845162388293794
351			0.04646293960942626
352			0.048085534863895295
353			0.0497531286025669
354			0.05147237038959396
355			0.0532475656435473
356			0.05509295989859876
357			0.05705632452147165
358			0.05919249172191968
359			0.06154728256838713
360			0.0640812087804539
361			0.06670775980927457
362			0.06934189527151129
363			0.0719783290835456
364			0.07471745391092408
365			0.07766692131429502
366			0.08084029540344302
367			0.0839358589671447
368			0.08658593050801491
369			0.08847270691612406
370			0.08975009939731755
371			0.09083181182893238
372			0.0921280424892389
373			0.09379401847419572
374			0.09564573698280468
375			0.0974757061962328
376			0.09912162969009952
377			0.10057417872166137
378			0.10185635537620655
379			0.10299161192305484
380			0.1040077337297329
381			0.10493492620664781
382			0.10580661456410057
383			0.10679293849865433
384			0.10824926971351609
385			0.11054414196444737
386			0.1138685213535329
387			0.11779677708252803
388			0.12176952895257989
389			0.12528488714775907
390			0.1284142961206967
391			0.13155847444219138
392			0.13512195139280112
393			0.13950416171425484
394			0.14509741630090497
395			0.15229348896938846
396			0.1612977101693449
397			0.1716412492921386
398			0.18270294914632065
399			0.19387346173727016
400			0.2046676003299009
401			0.2146744623854262
402			0.22348900821089007
403			0.2309564586900176
404			0.2372878157424707
405			0.2427230956007125
406			0.2475144437492841
407			0.25196032155091574
408			0.2563702438029764
409			0.2610340245306357
410			0.26601932229256986
411			0.2712536638303246
412			0.2766616676470943
413			0.2821255020824384
414			0.28746169636206154
415			0.2924811518370152
416			0.29706755523350076
417			0.3014019866043508
418			0.30574147070674973
419			0.3103167410580506
420			0.3150350203447354
421			0.31958600093679074
422			0.3236575671764934
423			0.3270986370650724
424			0.3300245952709559
425			0.3325758394032793
426			0.33494566526972397
427			0.3375614840034367
428			0.34091545291180564
429			0.3454822033523705
430			0.35149680703534686
431			0.3590208898904887
432			0.36811032667557786
433			0.37864864204209675
434			0.390210791253796
435			0.40233967417050626
436			0.4146825563578
437			0.4273928479480824
438			0.44077718259360066
439			0.4551269275482303
440			0.4704968278178201
441			0.48675546064023945
442			0.5037664183688358
443			0.5213984999412473
444			0.5395306971798726
445			0.5580431843779992
446			0.5767861786775029
447			0.5954489153087493
448			0.6136667886077196
449			0.6310895447984087
450			0.6476238896393288
451			0.6633980629730992
452			0.6785473857305803
453			0.6931748449257685
454			0.7073135018863975
455			0.720987290649803
456			0.734229530764508
457			0.7471300392223458
458			0.7597996721200699
459			0.7723449717709508
460			0.7847807807186352
461			0.7970346460025712
462			0.8090308739428099
463			0.8207644246422932
464			0.8324007243381015
465			0.8441303932682237
466			0.8561638433643819
467			0.868846412326198
468			0.8825797406487512
469			0.8977506365341343
470			0.9143622880184376
471			0.9320117802991592
472			0.9502768047958267
473			0.9688168340185304
474			0.9875135782750254
475			1.0062861397138534
476			1.0249956925334696
477			1.0430511133971372
478			1.0596486964540024
479			1.0740000252972124
480			1.0858436724615959
481			1.095542668394663
482			1.1034962539810251
483			1.1101386468072256
484			1.1160120913346727
485			1.1216796225768204
486			1.1277035057663474
487			1.1346390400648114
488			1.1430378218260768
489			1.153433914365545
490			1.1656379523253488
491			1.178495048947795
492			1.1907831457018743
493			1.2015091764678836
494			1.2104905223210165
495			1.21772377319994
496			1.2232055190433226
497			1.2269323497898317
498			1.228900855378135
499			nan
500			nan
