Nom de l'instrument : SAM_877D
Fichier_calib_utilise: /Users/mdlemineahmedou/Documents/Stage/pipeline_LOG/data/calibration/ALL_2023/Cal_SAM_877d.dat
Date : 2023-10-10
Heure : 10:57:18

l_onde		data
280			0.09456780426749346
281			0.1133700119357686
282			0.15606751867014673
283			0.202606780349695
284			0.2317569708039456
285			0.22063248994104898
286			0.17120292707526827
287			0.14155129342502276
288			0.17068195300776043
289			0.20591440656671242
290			0.19437719560784758
291			0.1867718535179916
292			0.25224961163903753
293			0.3260977868791891
294			0.28793093540862047
295			0.17913480110825308
296			0.15609973112234554
297			0.23757645001379465
298			0.2916210100905569
299			0.2654614154608
300			0.2435417403682747
301			0.276333953892494
302			0.30588312973069576
303			0.28151031377343716
304			0.23402320509758212
305			0.2086471826129205
306			0.23003291911445137
307			0.3081166172108221
308			0.3864858098939048
309			0.3825640466806079
310			0.324474273546272
311			0.3198885741484847
312			0.3852542685543664
313			0.43697275868020613
314			0.4477337632307239
315			0.48647337133023383
316			0.5863259029574003
317			0.6781425504524967
318			0.7074529994210651
319			0.7207875056059627
320			0.7761143173463402
321			0.8760465198981933
322			1.0048369295949668
323			1.1456120729317167
324			1.2825451384590691
325			1.4210702425131787
326			1.5804500011566538
327			1.7485934453271699
328			1.8820055823591648
329			1.9894077011030993
330			2.158067290979939
331			2.410806462997164
332			2.619328485306825
333			2.6951224342974394
334			2.737103911072881
335			2.853710471807024
336			3.0226217602721683
337			3.193032923640122
338			3.389486354590223
339			3.661302668094434
340			3.9611121394298645
341			4.184739015003849
342			4.3264637319573955
343			4.470400413118579
344			4.667873545585196
345			4.923224483565062
346			5.226766702714032
347			5.54857597735757
348			5.869612186401435
349			6.206255554852185
350			6.571878756328697
351			6.943964828456393
352			7.295728155735122
353			7.628831815306034
354			7.951930545394097
355			8.240738967761633
356			8.457454742916557
357			8.627238822161512
358			8.823331887131781
359			9.110958206143284
360			9.544572076020874
361			10.134281559503611
362			10.823249853130472
363			11.55935158007798
364			12.313068481079842
365			13.052100729054668
366			13.72587158403451
367			14.290408569080341
368			14.749519821685675
369			15.116900219509189
370			15.377940977246904
371			15.515022216893454
372			15.606988788624907
373			15.787478496367418
374			16.1260209793184
375			16.63529349563425
376			17.275968564001065
377			17.94856361958977
378			18.520594395783487
379			18.810729893761295
380			18.7372170258324
381			18.464996032369793
382			18.188861298546907
383			18.083684494588702
384			18.29236307640292
385			18.819415836575526
386			19.617105975876594
387			20.57012058626224
388			21.533152544744755
389			22.363299864745365
390			22.92698367843719
391			23.23208243101439
392			23.411896311633736
393			23.655393059071745
394			24.21324494419414
395			25.288261075762343
396			26.99596295945209
397			29.326729455342228
398			31.994619787143062
399			34.698409463524186
400			37.2202703125223
401			39.38500097794791
402			41.13954429627511
403			42.48078261718119
404			43.496184158866576
405			44.310534890707835
406			45.02781482250381
407			45.73945561928992
408			46.53928916653821
409			47.51933504821302
410			48.6538923812239
411			49.78383371352351
412			50.82732589498027
413			51.835387553070305
414			52.82627562524709
415			53.72144772977505
416			54.47556372348929
417			55.18427828040366
418			55.9421673310193
419			56.72120618087356
420			57.469620132100474
421			58.19688381059342
422			58.92891794009984
423			59.625024502806326
424			60.207456188785926
425			60.581686805906635
426			60.64911553815413
427			60.496385542705724
428			60.395160003224284
429			60.58946262596459
430			61.274091922572985
431			62.57519659172473
432			64.49772290323949
433			66.92267656702145
434			69.4469954210593
435			71.72241981130512
436			73.75898404915894
437			75.65949037320237
438			77.58917621149574
439			79.71513667423761
440			82.0749642706648
441			84.64244307780912
442			87.31875987637211
443			89.96778202841065
444			92.5536244125486
445			95.12312258401617
446			97.74627118105352
447			100.51294438293195
448			103.3681054797378
449			106.0431369213274
450			108.34878434352177
451			110.28741829974288
452			111.92103605870447
453			113.41234446722555
454			114.90967129467995
455			116.44295481392743
456			118.01186664293014
457			119.6038409043996
458			121.19974011829416
459			122.76144110514744
460			124.244607896482
461			125.629998200155
462			126.91214448213245
463			128.0610359360665
464			129.03021573083433
465			129.8705887600377
466			130.7377865622135
467			131.73754451633857
468			132.89636349852015
469			134.23732661426112
470			135.78867467449518
471			137.5479426990626
472			139.43137052868167
473			141.35218062044393
474			143.25918989032968
475			145.12629017269617
476			147.01143973347797
477			148.9741130546246
478			150.90963711944238
479			152.64663683370534
480			154.02843637781083
481			154.90838944729242
482			155.1640148538831
483			154.7060166350013
484			153.78227061068552
485			152.9633013981256
486			152.6589293688574
487			153.0542779330525
488			154.14830275016695
489			155.6512880321966
490			157.29476195054974
491			158.91973616492788
492			160.41529340438555
493			161.77031164322213
494			162.96758504228862
495			163.88908808989555
496			164.41532072801692
497			164.56102137439677
498			164.38720584918448
499			163.9549332422999
500			nan
