Nom de l'instrument : SAM_877E
Fichier_calib_utilise: /Users/mdlemineahmedou/Documents/Stage/pipeline_LOG/data/calibration/ALL_2023/Cal_SAM_877E.dat
Date : 2023-10-10
Heure : 10:57:26

l_onde		data
280			2.327420258693922
281			2.45697971562868
282			2.599700008498804
283			2.7377387495499357
284			2.8612451109204673
285			2.967569837925782
286			3.0598235267853537
287			3.1484319972379766
288			3.2408974483143456
289			3.3377772983310967
290			3.437336993198805
291			3.5332576528034534
292			3.620424292355274
293			3.7042811226157717
294			3.7924016748217704
295			3.882804697163381
296			3.9712455724475393
297			4.087002658709826
298			4.283273133977914
299			4.590820974695333
300			5.015530451501198
301			5.59779667334374
302			6.437209693212419
303			7.624914513719805
304			9.216710737667443
305			11.254431929676207
306			13.74640640267925
307			16.703429563744887
308			20.20372450810476
309			24.341705251428646
310			29.109701674148326
311			34.432283699387845
312			40.09413568815825
313			45.76383261217711
314			51.35335093380415
315			57.09662350158229
316			63.101518762638385
317			69.18709256450799
318			75.14704848840437
319			80.7992357053972
320			86.09875636835912
321			91.6210252457911
322			98.05245355306904
323			105.56048432737786
324			114.07218924394883
325			123.42469735909847
326			133.367099248856
327			143.0053251452602
328			150.826365823716
329			156.30553278154485
330			160.40485745567628
331			163.69771217074424
332			165.64680206067803
333			165.9722610966238
334			165.747915996282
335			166.17628886685264
336			167.6585082565389
337			170.29581612110238
338			173.857632770378
339			177.93205331775866
340			181.85429591755042
341			184.80171131316675
342			186.6074498242284
343			187.806842009697
344			188.8934153700312
345			190.2420167909202
346			192.22252105330477
347			195.21718950085554
348			199.43731203562925
349			204.4845896137583
350			209.87545780310364
351			215.39374617895663
352			220.79211282196493
353			224.78086195974367
354			225.68273762016506
355			223.84807784997366
356			221.12653232438285
357			218.95527323612382
358			218.28390887186538
359			219.95369586756934
360			224.6712512945883
361			232.5565497837572
362			242.39346608387282
363			252.93152581081702
364			263.4632063519796
365			273.3627614352555
366			281.80610764959425
367			287.9262819884001
368			291.04967774094854
369			290.67226959566756
370			287.2963192066206
371			282.1693245557124
372			276.97006113872476
373			273.7987584185001
374			274.1142037834456
375			278.37308712653623
376			285.83302748775003
377			293.29782549047934
378			297.50708412036516
379			296.0584296580816
380			287.7086619573225
381			276.0853242673942
382			265.97610674885124
383			259.5539248883057
384			257.72954163966904
385			260.65225694385475
386			267.9110177143342
387			277.87674451352103
388			287.77640958631906
389			295.23085495366496
390			298.47156666353703
391			297.1096570947772
392			293.38359031525454
393			290.13798935968356
394			291.0825070178337
395			299.443423216951
396			315.6955773336109
397			339.318829378971
398			368.1427678271914
399			399.239971795164
400			428.69736374897076
401			452.1926372394625
402			468.0961432586665
403			477.04678754678616
404			480.83527262161556
405			482.51157995327077
406			484.29988552867326
407			486.92630130789956
408			490.8147491684087
409			496.00402496837654
410			502.30964485471367
411			508.9585240431105
412			515.1041577359179
413			520.1967159539355
414			523.8235725189596
415			525.8904972798664
416			526.4799594122062
417			525.9891999710611
418			525.0255920844481
419			524.1381630478703
420			523.8026680690131
421			523.9214329262439
422			523.6314830716406
423			522.2811091927039
424			519.7232112476488
425			515.6740374826486
426			509.3207067281195
427			500.4750271130429
428			491.8126683917172
429			486.4777293356571
430			486.1412327803019
431			491.74546097378243
432			502.54587882469593
433			516.8260059926874
434			531.63926790263
435			543.2555401977721
436			550.8466903141097
437			556.5890700340921
438			562.2792937078297
439			568.9650956590958
440			577.1524730200744
441			586.3680015468631
442			595.903024298976
443			604.7103865045815
444			612.0642944430675
445			618.8447047536479
446			626.2016905358955
447			634.3544927093309
448			643.0448017639092
449			650.871975790329
450			655.945624171763
451			658.1645437855518
452			658.7671126729056
453			658.8346946954202
454			659.2430323264585
455			660.4301392832172
456			662.2188605026338
457			664.3543437407726
458			666.5215008823815
459			668.4973871198385
460			670.3401350780564
461			671.9878944849121
462			672.690225725609
463			671.7213126307569
464			669.5290019026477
465			666.9511304753986
466			664.5007159429184
467			662.5259530774351
468			661.4014702698091
469			661.5012728421904
470			662.7525640777006
471			664.6503235174631
472			666.8176892932137
473			669.0732645968498
474			671.2844425830879
475			673.3835607805793
476			675.4029112081378
477			677.6132877030112
478			680.0973402371227
479			682.1169192508133
480			682.7298194965143
481			680.902265278636
482			675.7561864618109
483			667.8031504560423
484			658.2677533337395
485			649.2962794949584
486			643.5149558710713
487			641.8868139911701
488			643.9281979973345
489			648.5131263104241
490			653.8345566019989
491			658.6506379499066
492			662.6703743640339
493			665.7358329348617
494			667.7960774678737
495			668.7578529917877
496			668.3587067369692
497			666.3045163684219
498			662.3011595511484
499			nan
500			nan
