Nom de l'instrument : SAM_80E0
Fichier_calib_utilise: /Users/mdlemineahmedou/Documents/Stage/pipeline_LOG/data/calibration/ALL_2023/Cal_SAM_80E0.dat
Date : 2023-10-10
Heure : 10:38:09
Comment : LIDAR_20231010

l_onde		data
280			nan
281			nan
282			nan
283			nan
284			nan
285			nan
286			nan
287			nan
288			nan
289			nan
290			nan
291			nan
292			nan
293			nan
294			nan
295			nan
296			nan
297			nan
298			nan
299			nan
300			nan
301			nan
302			nan
303			nan
304			nan
305			nan
306			nan
307			nan
308			nan
309			nan
310			nan
311			nan
312			nan
313			nan
314			nan
315			nan
316			nan
317			76.98963229308211
318			81.20967211518759
319			86.61556321649532
320			93.04990493756162
321			100.35529661894272
322			108.37433760119485
323			116.94962722487433
324			125.92115832817227
325			135.0635289360047
326			144.08276595756172
327			152.6815906008532
328			160.53740819964162
329			167.26376391654898
330			172.46428952877278
331			175.86784464110121
332			178.04264390100755
333			179.901850288333
334			182.33135094403715
335			185.5779044028204
336			189.25605242235193
337			192.95368757538458
338			196.34682983845997
339			199.32132314269379
340			201.7935672964658
341			203.73014081241044
342			205.41518879412493
343			207.2567223989146
344			209.6511765220648
345			212.74683206394062
346			216.45675167118011
347			220.68430961480865
348			225.2332985667881
349			229.67987197279922
350			233.56851791136896
351			236.514897834216
352			238.56791058826886
353			239.93946943869304
354			240.84193838486678
355			241.4907847614051
356			242.10433676933684
357			242.90165340978498
358			244.23374600493028
359			246.74587860336248
360			251.1231062881634
361			257.88175309029486
362			266.5331623239847
363			276.2181206732706
364			286.07598553730236
365			295.229638067723
366			302.7869778434676
367			307.85798430183183
368			310.08371668708975
369			310.2778754037896
370			309.4109428195905
371			308.39213102809407
372			307.7677833099043
373			307.95115395783216
374			309.3187459043117
375			311.5350588083147
376			313.61747150691673
377			314.5615244433911
378			313.71244047539756
379			311.1907097352169
380			307.22096274286
381			302.1670932400658
382			297.2255904759124
383			293.901020196212
384			293.629527919176
385			296.47711635105844
386			301.24939535656637
387			306.70613862982066
388			311.84869410807863
389			316.2233071747086
390			319.45087667090667
391			321.40367969259813
392			323.49287426440605
393			327.7117175697152
394			335.9959358998678
395			349.06750934362367
396			366.505035687564
397			387.84085504866164
398			412.1647359030175
399			437.5381354304035
400			461.8768098511302
401			483.27825911374134
402			500.994654650661
403			514.7301499260552
404			524.2339277846069
405			530.2225044342455
406			534.3558134928311
407			538.3311518208386
408			543.2648492711737
409			548.866337847673
410			554.6362598636243
411			560.1110400421194
412			565.066067268854
413			569.3746148716046
414			572.9112723576649
415			575.5749673028635
416			577.2894515849868
417			577.9799026253179
418			577.702846117912
419			576.8500217898035
420			575.8658734207421
421			575.0754996106813
422			573.9559510923062
423			571.6170847423143
424			567.2079831490806
425			560.9512387329535
426			554.2253640039005
427			548.4656612119117
428			544.8375005580281
429			543.7725966543685
430			545.5792033600062
431			550.4714674296474
432			557.9436297930874
433			567.1574678973561
434			577.2788520500156
435			587.6491205554812
436			597.8107997147509
437			607.3176708947776
438			615.9500108125793
439			624.1502036646582
440			632.4809774938419
441			641.4432827334432
442			651.0234763878992
443			660.952437435214
444			670.9588326810002
445			680.7586205290712
446			690.0521195435081
447			698.5387142117715
448			705.9929332349622
449			712.4277619332286
450			717.9033764845594
451			722.4838050491051
452			726.268407348837
453			729.3755296764547
454			731.9246884267874
455			734.0759577809762
456			736.0433795067966
457			738.0447259994176
458			740.2100525903622
459			742.3646728714966
460			744.2677648673777
461			745.6890334065937
462			746.5057021725675
463			746.6579031394762
464			746.0905609561601
465			744.9498515499445
466			743.6734536889547
467			742.7218760955164
468			742.4555952969151
469			742.8517374521875
470			743.7956112649745
471			745.179132567227
472			746.9702247300949
473			749.1854708761676
474			751.8399031960495
475			754.7986025881735
476			757.6887490322405
477			760.1164041854869
478			761.6944375222213
479			762.0646780014969
480			760.87665357926
481			757.8253811264933
482			753.202262724992
483			747.7181915909002
484			742.0924050274317
485			737.0112406731761
486			733.1035372401631
487			730.992340290302
488			731.12484891877
489			733.1135118697373
490			736.3233378742244
491			740.1256139134244
492			743.9871955697442
493			747.449046670107
494			750.0540687783616
495			751.3451634583574
496			750.8652322739438
497			748.1571767889699
498			nan
499			nan
500			nan
