Nom de l'instrument : SAM_80E0
Fichier_calib_utilise: /Users/mdlemineahmedou/Documents/Stage/pipeline_LOG/data/calibration/ALL_2023/Cal_SAM_80E0.dat
Date : 2023-10-10
Heure : 12:03:44
Comment : LIDAR_20231010

l_onde		data
280			nan
281			nan
282			nan
283			nan
284			nan
285			nan
286			nan
287			nan
288			nan
289			nan
290			nan
291			nan
292			nan
293			nan
294			nan
295			nan
296			nan
297			nan
298			nan
299			nan
300			nan
301			nan
302			nan
303			nan
304			nan
305			nan
306			nan
307			nan
308			nan
309			nan
310			nan
311			nan
312			nan
313			nan
314			nan
315			nan
316			nan
317			85.85945855100285
318			91.15264411924862
319			97.58865661129113
320			104.98165099278151
321			113.1457822293708
322			121.89520528671007
323			131.04407513045044
324			140.40757348099152
325			149.82664241712104
326			159.16923558670547
327			168.30424311784324
328			176.96470855423382
329			184.54099771714183
330			190.3702805738552
331			193.9623201310563
332			195.98370564351742
333			197.57644530653633
334			199.84795017451037
335			203.09232569566223
336			206.79916717105192
337			210.42427705307878
338			213.57010300046514
339			216.18824260472573
340			218.28113885543684
341			219.89224864650961
342			221.32459407935175
343			222.98244001467697
344			225.25762205152347
345			228.2770490824674
346			231.916513360678
347			236.0415652658582
348			240.43549276388583
349			244.69353550236198
350			248.38477498761225
351			251.14396751865613
352			253.00563653834342
353			254.15472604209467
354			254.7779010327482
355			255.09073060721047
356			255.33542963077133
357			255.75584275673415
358			256.7298644066451
359			258.9343190205882
360			263.0864545712464
361			269.72709443501054
362			278.34625767570617
363			288.0465106443158
364			297.9287713115918
365			307.0737293163192
366			314.5436810177443
367			319.4029931084091
368			321.2703091097411
369			320.988133468016
370			319.5626006681547
371			317.93933415898493
372			316.7055851088422
373			316.31716488645543
374			317.1908978379911
375			318.9880041517856
376			320.6829555111221
377			321.2270258112357
378			319.93803608447746
379			316.94646475836765
380			312.49195320202784
381			306.9524653555389
382			301.5329369158853
383			297.7442991799788
384			297.02842908290035
385			299.4445205093341
386			303.7798387510906
387			308.77547570025513
388			313.4346491316653
389			317.3518307643576
390			320.20249682877454
391			321.8947604740212
392			323.76088554921654
393			327.6718370524561
394			335.4466323035645
395			347.8078247868239
396			364.44506889948264
397			385.0058687292459
398			408.644863571239
399			433.3715257307334
400			457.03306932351984
401			477.67421239747074
402			494.5944737055299
403			507.58454839152563
404			516.4757081717063
405			521.9666095363679
406			525.6018488844644
407			528.9595265814428
408			533.0971963712738
409			537.8118310827391
410			542.713327916232
411			547.4319915232517
412			551.7344127778111
413			555.4430080831934
414			558.382361350028
415			560.4247151626338
416			561.49092291867
417			561.5043615446641
418			560.5311153343048
419			559.0014721682209
420			557.4029818646595
421			556.0977522719311
422			554.5565205499603
423			551.8640717764647
424			547.1442862155902
425			540.5930956874597
426			533.5607818781718
427			527.4543355337742
428			523.4089047784183
429			521.8207893496426
430			522.9619543795174
431			527.0201192277365
432			533.5385352016988
433			541.7628284392567
434			550.9410659390571
435			560.4419142111665
436			569.772316685242
437			578.4470204908583
438			586.2143269727626
439			593.5052799367971
440			600.8750176241708
441			608.8186757752086
442			617.3315829523078
443			626.1609305589968
444			635.0518764157692
445			643.7412074398156
446			651.9554087347583
447			659.4203563951935
448			665.928140589782
449			671.4809699177308
450			676.122635673772
451			679.9024529487174
452			682.9204027852321
453			685.3036932329044
454			687.1803755385421
455			688.7023898876574
456			690.0534639099594
457			691.4195205166683
458			692.9117969616443
459			694.3820617454026
460			695.6257730211429
461			696.4463593216311
462			696.7286571816221
463			696.4051342073393
464			695.4126228986815
465			693.8773731074992
466			692.1999966504767
467			690.8025928887537
468			690.0243643127628
469			689.8868302320395
470			690.3354206558121
471			691.3144666715457
472			692.7556575145894
473			694.5825891523307
474			696.7175451087808
475			699.007335975078
476			701.1790329269169
477			702.9490779435996
478			704.018809815508
479			704.0253205172646
480			702.58862174602
481			699.373906167114
482			694.6387169308229
483			689.0572503376904
484			683.3121332483289
485			678.0654572557887
486			673.9434243519652
487			671.5686205682536
488			671.3821865297599
489			672.9639341161048
490			675.6383567205471
491			678.7412795037649
492			681.7805683176952
493			684.3974971991034
494			686.2368284601513
495			686.9433244130009
496			686.1617473698138
497			683.5368596427525
498			nan
499			nan
500			nan
