Nom de l'instrument : SAM_80E0
Fichier_calib_utilise: /Users/mdlemineahmedou/Documents/Stage/pipeline_LOG/data/calibration/ALL_2023/Cal_SAM_80E0.dat
Date : 2023-10-10
Heure : 10:14:25
Comment : LIDAR_20231010

l_onde		data
280			nan
281			nan
282			nan
283			nan
284			nan
285			nan
286			nan
287			nan
288			nan
289			nan
290			nan
291			nan
292			nan
293			nan
294			nan
295			nan
296			nan
297			nan
298			nan
299			nan
300			nan
301			nan
302			nan
303			nan
304			nan
305			nan
306			nan
307			nan
308			nan
309			nan
310			nan
311			nan
312			nan
313			nan
314			nan
315			nan
316			nan
317			63.22094949647078
318			67.174029534312
319			71.95914709350961
320			77.47101841046238
321			83.604359721569
322			90.25388726322824
323			97.3143172718388
324			104.6789388574455
325			112.20523580619121
326			119.71314747392036
327			127.02066287015622
328			133.87593105470515
329			139.85092739106835
330			144.4902787762155
331			147.46353638676095
332			149.27757187425684
333			150.78336907973284
334			152.80590099215237
335			155.55960298425606
336			158.65497544573952
337			161.67719642192662
338			164.33473599225633
339			166.62961222525212
340			168.6065914845204
341			170.3246788900945
342			171.9329925572565
343			173.61579894946775
344			175.55456477179453
345			177.87049254719568
346			180.62766206046055
347			183.8872949781607
348			187.5665116621467
349			191.25302312734922
350			194.48871846211557
351			196.88621804533912
352			198.48868866255143
353			199.50129897811092
354			200.12855098776532
355			200.555791115806
356			200.95070687221752
357			201.480867844189
358			202.42851552766132
359			204.33160894989464
360			207.76268715796112
361			213.15758991351646
362			220.13796098934088
363			228.02523369951777
364			236.1368690053016
365			243.72211162259296
366			249.9681783911499
367			254.06240950275793
368			255.67387490997277
369			255.53531924886363
370			254.52170031553734
371			253.4466498375185
372			252.7606002902553
373			252.78077396663218
374			253.7945355108087
375			255.51154371995182
376			257.1163959252854
377			257.77602458260355
378			256.9522915242482
379			254.7609350274575
380			251.40552752515848
381			247.1969216174084
382			243.08735234588428
383			240.26637870361634
384			239.8699677405222
385			241.96101411118786
386			245.6152943729215
387			249.87261907524294
388			253.94686073186756
389			257.4445078842957
390			260.0258392767196
391			261.5578665134967
392			263.1731731005252
393			266.48305946422647
394			273.0523768749122
395			283.4656856019368
396			297.38408483268006
397			314.43133639857984
398			333.87965845040765
399			354.18446050368254
400			373.6854188302285
401			390.8633383075524
402			405.0956554500606
403			416.11078226140205
404			423.6745464741752
405			428.35780851418474
406			431.5165582023241
407			434.53790552740963
408			438.33365272223966
409			442.6645737325067
410			447.1206249566048
411			451.3227031585447
412			455.09833284487274
413			458.3596773277044
414			461.0191684922805
415			462.98955385859284
416			464.183902887232
417			464.51558848361145
418			464.02144673548395
419			463.05340421792425
420			462.01292763267224
421			461.1984379927461
422			460.1761300352385
423			458.1951539056686
424			454.5367928983448
425			449.3634530554761
426			443.786304422529
427			438.9631379971005
428			435.83577886253306
429			434.75907252480414
430			435.9890866140891
431			439.70480654552904
432			445.4955498662135
433			452.67831651403526
434			460.5735959201044
435			468.6496900178413
436			476.54437951595906
437			483.90491614635954
438			490.55775540133476
439			496.8532140801356
440			503.23682537296776
441			510.10561942226707
442			517.4526070201134
443			525.0702171779459
444			532.7491939143396
445			540.2720936972992
446			547.4113968278368
447			553.9389840489218
448			559.6811129177831
449			564.6365960115883
450			568.8383947579252
451			572.3234655311734
452			575.1654075829722
453			577.4575114139434
454			579.2941106695954
455			580.8046067001826
456			582.1650631510693
457			583.554769747564
458			585.0820820964238
459			586.6089204383553
460			587.9437231944856
461			588.9031749974396
462			589.3881857788365
463			589.3489449162697
464			588.7393926212467
465			587.6709426401804
466			586.4831015948256
467			585.5332399219682
468			585.1040578697322
469			585.1920993711711
470			585.7253701580706
471			586.6342829765998
472			587.8769405513196
473			589.4291726307162
474			591.2658318075711
475			593.280789658712
476			595.2394396544008
477			596.8957703401157
478			597.9926636938948
479			598.2257559368809
480			597.2781228134443
481			594.8700621309299
482			591.2098758425925
483			586.8491229258753
484			582.3462876175236
485			578.2412199482817
486			575.0412028435898
487			573.2502380175451
488			573.2302140584173
489			574.6684027488513
490			577.0521032796229
491			579.8744525968334
492			582.7173795986666
493			585.2316665055511
494			587.0698958723572
495			587.8846502539554
496			587.3285122052165
497			585.0540642810109
498			nan
499			nan
500			nan
