Nom de l'instrument : SAM_877D
Fichier_calib_utilise: /Users/mdlemineahmedou/Documents/Stage/pipeline_LOG/data/calibration/ALL_2023/Cal_SAM_877d.dat
Date : 2023-10-10
Heure : 12:20:04

l_onde		data
280			0.14798431594433256
281			0.15812724329536004
282			0.16343004980784306
283			0.1622355207260986
284			0.15918416703860866
285			0.16832023542983396
286			0.1909448728886321
287			0.19800629757315508
288			0.17320241818002527
289			0.1581612360793167
290			0.19195856903029226
291			0.2339997830075801
292			0.22703642609535765
293			0.19603325771651947
294			0.20241173845795293
295			0.24025028494472994
296			0.25511017661715624
297			0.234701927772509
298			0.2133910841750746
299			0.21200396060940213
300			0.2262014208575587
301			0.24443011675557005
302			0.24341516889952872
303			0.2127699687840998
304			0.19409674792829087
305			0.2258491767652487
306			0.26559205641379563
307			0.2529917089227794
308			0.21139665532692364
309			0.20275259175361793
310			0.22945133732833772
311			0.25017775834546163
312			0.25229903556417005
313			0.25525881566549713
314			0.26902931895404947
315			0.28616529808727675
316			0.29945431840975584
317			0.3057532155010805
318			0.3082861458052641
319			0.3303980697081761
320			0.3895940543294018
321			0.44943361585710867
322			0.46454203060195615
323			0.4618546504751615
324			0.49924854952049275
325			0.5751367360742458
326			0.6467336481877216
327			0.7023754462933108
328			0.7628884864354387
329			0.8346279304183194
330			0.9005254776761404
331			0.9493455176610482
332			0.9863226864220301
333			1.0235846249850609
334			1.0883661155165165
335			1.1980451336144942
336			1.3088731924205348
337			1.3699664114781274
338			1.4104836530619624
339			1.489488124877858
340			1.6044482624638565
341			1.7149807793812615
342			1.8115475968036328
343			1.9129918910729824
344			2.025565073772959
345			2.1378820461820482
346			2.2450750314971972
347			2.3565897055416665
348			2.484499252311944
349			2.6437704734909384
350			2.84074959654312
351			3.045230285166946
352			3.223102719730112
353			3.371898318255731
354			3.500715164597324
355			3.616899017662781
356			3.7272435381990126
357			3.8445261579993226
358			3.9859773286114373
359			4.165114876791054
360			4.391268738429301
361			4.671025358791102
362			5.007029760684008
363			5.38907684799894
364			5.779645525582008
365			6.149446178232672
366			6.506721005778001
367			6.856618248423459
368			7.155111759736798
369			7.354433361791564
370			7.480725413025405
371			7.590001614549891
372			7.721789171498862
373			7.905198243250722
374			8.1630120781101
375			8.511618720372866
376			8.930997277300195
377			9.357858110694766
378			9.714332740986876
379			9.902681349365325
380			9.89263569016436
381			9.818109165776772
382			9.806657616027488
383			9.88291891299535
384			10.05759202512145
385			10.38148679375498
386			10.900445488941587
387			11.531583196309994
388			12.140084148986233
389			12.654483321061477
390			13.045831184953274
391			13.330324813434784
392			13.563767372304387
393			13.823683434372969
394			14.21262290533333
395			14.857323923751323
396			15.922304882792526
397			17.453650807488092
398			19.208597315290046
399			20.94465672536199
400			22.561467923552474
401			23.993682617546785
402			25.200403174199415
403			26.159358336676146
404			26.92783788264084
405			27.596638812325477
406			28.2460713796953
407			28.94655998383959
408			29.709935793034806
409			30.500536173631044
410			31.321482560260687
411			32.22114084813984
412			33.19735706265401
413			34.16476946981536
414			35.06136956311694
415			35.89197263327183
416			36.67296052050339
417			37.42920093614538
418			38.18647799828693
419			38.96748942904981
420			39.79045694563309
421			40.650811273263116
422			41.5291151763429
423			42.35033528266068
424			43.015669356217295
425			43.5121922331621
426			43.89068268059921
427			44.207429967430926
428			44.52477374534056
429			44.992098334193
430			45.875659644859304
431			47.32401386918871
432			49.25152552400642
433			51.503159500664886
434			53.81116391599967
435			55.95395733942863
436			57.939914079542866
437			59.83648646444651
438			61.74885803166535
439			63.78674386780679
440			66.0062612869414
441			68.42937947775184
442			70.96607614271474
443			73.46640746440015
444			75.89957204158002
445			78.3321572575532
446			80.8285840882845
447			83.44571495217042
448			86.13051785946556
449			88.66974292154977
450			90.91952501538397
451			92.89930452541215
452			94.66420153752436
453			96.31397450442931
454			97.94813996838278
455			99.6368971504458
456			101.42365242461645
457			103.24706173883206
458			105.02219537758555
459			106.7444050449615
460			108.43950175694069
461			110.07207208414519
462			111.57203880271828
463			112.9127585799275
464			114.10462797915798
465			115.19336205278108
466			116.2618147622266
467			117.39923091788843
468			118.70099757330071
469			120.21770832895413
470			121.91291176512492
471			123.73803624364686
472			125.63866772580647
473			127.5668442990401
474			129.50087273507575
475			131.43144077672997
476			133.3812882414654
477			135.36846164043163
478			137.3126283330741
479			139.09114628940222
480			140.5677791730279
481			141.6013004389172
482			142.08577018994754
483			141.95440090430208
484			141.4258651430181
485			140.99165730798316
486			141.00380408167172
487			141.62004281178633
488			142.86195003654828
489			144.54301615659512
490			146.44143584790203
491			148.30117271151127
492			149.9427376432523
493			151.43051368109928
494			152.8186052188506
495			153.93343855651037
496			154.5863190010511
497			154.82629814884785
498			154.78438830669012
499			154.59167841533863
500			nan
