Nom de l'instrument : SAM_81D7
Fichier_calib_utilise: /Users/mdlemineahmedou/Documents/Stage/pipeline_LOG/data/calibration/ALL_2023/Cal_SAM_81D7.dat
Date : 2023-10-10
Heure : 10:56:36

l_onde		data
280			nan
281			nan
282			nan
283			nan
284			nan
285			nan
286			nan
287			nan
288			nan
289			nan
290			nan
291			nan
292			nan
293			nan
294			nan
295			nan
296			nan
297			nan
298			nan
299			nan
300			nan
301			nan
302			nan
303			nan
304			nan
305			nan
306			nan
307			nan
308			nan
309			nan
310			nan
311			nan
312			nan
313			nan
314			nan
315			nan
316			nan
317			nan
318			nan
319			0.019909167468632125
320			0.019869463185887556
321			0.019748444492643926
322			0.019589965558609493
323			0.01943788055349252
324			0.019336043647001266
325			0.0193283090384209
326			0.019469345515817485
327			0.019855278677962745
328			0.020592166546179288
329			0.021762744320231057
330			0.02319899532616086
331			0.02458030498051531
332			0.025588510830043334
333			0.02613268865740202
334			0.02644825995483817
335			0.026795896724545253
336			0.02738817684955696
337			0.028264359124532665
338			0.029424673330745308
339			0.030863331186385862
340			0.03251389636303771
341			0.03427481578740587
342			0.03604395204529868
343			0.03771227044745747
344			0.039161249206199324
345			0.04027168856042705
346			0.041042325714574945
347			0.04187929870934842
348			0.043276652221878605
349			0.04565528822966938
350			0.04872916621197106
351			0.051816115680311206
352			0.05424050071690024
353			0.05578104568867209
354			0.05682507455389499
355			0.057802471537777934
356			0.05904565623237784
357			0.06055832137164198
358			0.062274926845220166
359			0.06414647851656197
360			0.06628062458805284
361			0.06887135407004623
362			0.07210757833337393
363			0.0759350642788754
364			0.07997739926916334
365			0.083836001394775
366			0.08717452732384
367			0.08986519140971395
368			0.09182384319094367
369			0.09301251785834445
370			0.09383004165532798
371			0.09491579980484657
372			0.0968982020347966
373			0.09985231594989606
374			0.10311700755856645
375			0.10598018283539298
376			0.10793691564696134
377			0.10918345732567658
378			0.11006425814259894
379			0.1108981936685052
380			0.1117579786151022
381			0.11257884642641466
382			0.11329997117838973
383			0.11409340126921733
384			0.11544670234170575
385			0.11786986523446932
386			0.12162970916623222
387			0.12614864918656002
388			0.13066593602577548
389			0.13449532285500868
390			0.13769355324194113
391			0.14074408082732512
392			0.14413583895912088
393			0.1483761403828118
394			0.1539979983100496
395			0.1615363317530839
396			0.17128067284217263
397			0.18263325863929333
398			0.19479584202828967
399			0.20699502805096637
400			0.2187187159996602
401			0.22961113439106762
402			0.23932146057438414
403			0.2476451727122791
404			0.25459158233990287
405			0.2601869630134577
406			0.2645860338419009
407			0.268433986762779
408			0.27249306664591066
409			0.2774587881730415
410			0.2832741840464938
411			0.28940763438047734
412			0.2953244464772959
413			0.3007501829202041
414			0.305812829382373
415			0.3106748751518879
416			0.3154777685833837
417			0.3202769870080405
418			0.3251060535187471
419			0.3299872534023141
420			0.3348045922035779
421			0.33934909547052167
422			0.3434119308605345
423			0.3469190230357779
424			0.35001928264890286
425			0.35288255180870576
426			0.35570619594212066
427			0.35880939238576537
428			0.3625450063824779
429			0.3672629411501376
430			0.3732726016524276
431			0.3808540713400603
432			0.3902836775154203
433			0.4015533348549011
434			0.41414575597085523
435			0.4274907555587042
436			0.4411151130877331
437			0.4550158601384579
438			0.4693323862033779
439			0.4842070873596155
440			0.49982837770276795
441			0.5164208770185468
442			0.5342083041783915
443			0.5531804021588007
444			0.5728688613626798
445			0.5927522337687725
446			0.6123704835251157
447			0.631593587746159
448			0.6504018973958314
449			0.6687689582925547
450			0.6865453990186628
451			0.7034758767732202
452			0.7193027711634836
453			0.7339888980049764
454			0.7479737908955314
455			0.7617592086590663
456			0.7757530877990223
457			0.7897985877783061
458			0.8035285505177108
459			0.8165919973832956
460			0.8289865606315505
461			0.8410417399115908
462			0.8530999114552263
463			0.8654080053782709
464			0.8779826692872778
465			0.8908065162412544
466			0.9038920043059988
467			0.917455053692252
468			0.931796486758865
469			0.9472102894400891
470			0.9638086170272493
471			0.9815111376934765
472			1.0002281293062587
473			1.0197813105239306
474			1.0397517428618328
475			1.0596799969122093
476			1.0791018476849286
477			1.0975156266054669
478			1.1144020663933858
479			1.1292500068383182
480			1.1418101188745293
481			1.1521433314267662
482			1.1603286539814637
483			1.1666379512043716
484			1.1719387283211466
485			1.1772131258838594
486			1.1833955411082528
487			1.190988321609556
488			1.2002641594975711
489			1.2114789367681176
490			1.2242813696638861
491			1.2375098229035701
492			1.2499462881394692
493			1.2606221795365313
494			1.2694516644241682
495			1.2765441075392592
496			1.282008873618683
497			1.2859553273993183
498			1.2884928336180441
499			nan
500			nan
