Nom de l'instrument : SAM_80E0
Fichier_calib_utilise: /Users/mdlemineahmedou/Documents/Stage/pipeline_LOG/data/calibration/ALL_2023/Cal_SAM_80E0.dat
Date : 2023-10-10
Heure : 11:47:07
Comment : LIDAR_20231010

l_onde		data
280			nan
281			nan
282			nan
283			nan
284			nan
285			nan
286			nan
287			nan
288			nan
289			nan
290			nan
291			nan
292			nan
293			nan
294			nan
295			nan
296			nan
297			nan
298			nan
299			nan
300			nan
301			nan
302			nan
303			nan
304			nan
305			nan
306			nan
307			nan
308			nan
309			nan
310			nan
311			nan
312			nan
313			nan
314			nan
315			nan
316			nan
317			91.55820889597682
318			97.76347319641131
319			104.8964131277167
320			112.85536950582221
321			121.53868314665688
322			130.8446948661499
323			140.67174548023038
324			150.91360167970072
325			161.349269446696
326			171.6374199930433
327			181.43098185962293
328			190.36177159399202
329			198.00835000805404
330			203.94101071642567
331			207.8687135554441
332			210.4298459071485
333			212.64476043125285
334			215.50240308696544
335			219.25685129833516
336			223.43526115888326
337			227.5342540440663
338			231.18268380957753
339			234.3242387523112
340			236.94845533060447
341			239.08468294356393
342			241.0142356447094
343			243.11670567016625
344			245.7618455064977
345			249.10881213186906
346			253.1171449130342
347			257.73793818708657
348			262.78485270036197
349			267.7573819578657
350			272.11131776517703
351			275.38505105977356
352			277.61975958191437
353			279.04580487514676
354			279.8946656168151
355			280.4132748932004
356			280.8628127204504
357			281.50571346340496
358			282.75707930808716
359			285.37246058313605
360			290.1534455382356
361			297.7057554120467
362			307.4685059687246
363			318.45066203898244
364			329.658736716237
365			340.064665243385
366			348.60894180968194
367			354.23403446820765
368			356.5132566575353
369			356.41284855733795
370			355.08528446249625
371			353.6084108397891
372			352.61809618517094
373			352.5881052296626
374			353.9490401984235
375			356.2954650607342
376			358.4620908702414
377			359.25809472981877
378			357.9256715344547
379			354.6670430770989
380			349.8133899970995
381			343.83829501282236
382			338.0667022412529
383			334.1385760400926
384			333.61873987002866
385			336.56803923159
386			341.6638119804928
387			347.5330884646825
388			353.0693911217573
389			357.76734479648934
390			361.2039281298092
391			363.2349649669618
392			365.4233065467949
393			369.97750657367413
394			379.04256266541154
395			393.42250842412955
396			412.6581524711973
397			436.2391907965956
398			463.1646905536296
399			491.2937471295331
400			518.3239338309514
401			542.1445684262787
402			561.863177776049
403			577.0641417922819
404			587.386255130256
405			593.6408121798847
406			597.7826186631847
407			601.8117824215343
408			607.0287711049996
409			613.0397697839945
410			619.1995247085928
411			624.9191448835737
412			629.9861443281908
413			634.3422199920453
414			637.9272919721068
415			640.6278312453906
416			642.2757918459898
417			642.7011214947805
418			641.9257329537448
419			640.4614531212484
420			638.8971356843036
421			637.6743306868541
422			636.1878719120058
423			633.3793784190539
424			628.235415813084
425			620.9760595525938
426			613.1495879479179
427			606.3695443731525
428			601.9464980946174
429			600.3675568877356
430			601.9812550919675
431			607.0302727362422
432			614.9475195855331
433			624.7919411543817
434			635.6272907819475
435			646.7207795733418
436			657.572899123882
437			667.6971766769733
438			676.8528658539971
439			685.517545278226
440			694.2993554474297
441			703.7408234099065
442			713.8379311111505
443			724.3153195576031
444			734.8949027293799
445			745.2720604249168
446			755.1095176403026
447			764.0680210086185
448			771.8902008895795
449			778.5785308917955
450			784.1869079220361
451			788.7765084559966
452			792.4752794082807
453			795.4470489734427
454			797.8563900459515
455			799.884310079307
456			801.733684917002
457			803.6088975534661
458			805.6288010681346
459			807.6151052708805
460			809.3250334370885
461			810.5257611500859
462			811.0861150498549
463			810.9343968725116
464			810.0040770437639
465			808.4509753786629
466			806.752974136439
467			805.413178910107
468			804.8273733781322
469			804.9800546782084
470			805.75721141187
471			807.0508868951867
472			808.8227770876625
473			811.0791693189777
474			813.8244684395205
475			816.8961743307182
476			819.8669885859558
477			822.2861068127461
478			823.7168849810854
479			823.78291522728
480			822.1238037176272
481			818.427833235781
482			813.0214635159465
483			806.6800413003366
484			800.1879121266002
485			794.3001628058607
486			789.7207445104162
487			787.1484563784319
488			787.0805794134122
489			789.0577798129561
490			792.3371602159681
491			796.1859788865981
492			800.0258081642737
493			803.3978825481454
494			805.8465653901253
495			806.9162200421266
496			806.1512098560619
497			803.0958981838442
498			nan
499			nan
500			nan
