Nom de l'instrument : SAM_81D7
Fichier_calib_utilise: /Users/mdlemineahmedou/Documents/Stage/pipeline_LOG/data/calibration/ALL_2023/Cal_SAM_81D7.dat
Date : 2023-10-10
Heure : 11:48:19

l_onde		data
280			nan
281			nan
282			nan
283			nan
284			nan
285			nan
286			nan
287			nan
288			nan
289			nan
290			nan
291			nan
292			nan
293			nan
294			nan
295			nan
296			nan
297			nan
298			nan
299			nan
300			nan
301			nan
302			nan
303			nan
304			nan
305			nan
306			nan
307			nan
308			nan
309			nan
310			nan
311			nan
312			nan
313			nan
314			nan
315			nan
316			nan
317			nan
318			nan
319			0.00037888496693478117
320			0.0012033224465661423
321			0.0014552967221342224
322			0.0013155269375370309
323			0.0009647322366725795
324			0.0005836317634388779
325			0.0003529444956410021
326			0.0003926587059319642
327			0.0005899566492307334
328			0.0007762437924891545
329			0.0007985452799033644
330			0.0006718189102186674
331			0.0005132198123142212
332			0.00044005388002727055
333			0.000505762312480972
334			0.000672067725299956
335			0.0008935952525762893
336			0.0011150337103809067
337			0.0012452639280431965
338			0.0011851032814842427
339			0.0008557519539781268
340			0.000383821310684544
341			1.4860959178699732e-05
342			-8.985356516892408e-06
343			0.0003389023395429956
344			0.0007886943122691214
345			0.0010490108095596619
346			0.0009363139555754921
347			0.0006395942872316811
348			0.00042822440456804204
349			0.0005384318520764729
350			0.0008860889167423344
351			0.0012075592011397895
352			0.0012422439645926534
353			0.0009386286507563838
354			0.0005252596008098996
355			0.00025026323821452154
356			0.0002851912893461973
357			0.000543325800908587
358			0.0008835548932242628
359			0.001171716133512353
360			0.0013394381768639572
361			0.0013546135373150665
362			0.0011873434647522165
363			0.0008821379325946823
364			0.000582102486633095
365			0.0004371192884444992
366			0.0005335890234002778
367			0.0007451898140440418
368			0.0009010932071331484
369			0.0008527214673347796
370			0.0006619283249222755
371			0.0005064608608422312
372			0.0005614196052638636
373			0.0008437239287867361
374			0.001159838914687623
375			0.0013016650086542837
376			0.0011409252381992172
377			0.0008195089925166557
378			0.0005364072791690191
379			0.0004705784969478793
380			0.0006081637631217691
381			0.0008276154080621762
382			0.0010075736472968506
383			0.001084986897834821
384			0.001075804313618437
385			0.0010015960299226054
386			0.0008888899307081199
387			0.0007814294930296456
388			0.0007266925222464316
389			0.0007646979993956223
390			0.0008610802976967939
391			0.0009387536400358342
392			0.0009217442264664525
393			0.000808866155127293
394			0.0007035116988291882
395			0.000716860974421148
396			0.000912045939798776
397			0.0011784610892522603
398			0.0013662449650810587
399			0.0013424619969271954
400			0.0011521344825051749
401			0.0009467547831756505
402			0.0008772419544763098
403			0.0009911504977028565
404			0.0011849572085402917
405			0.0013431553015503348
406			0.0013831067720990443
407			0.0013476839469542706
408			0.0013097126007910152
409			0.001336330633461019
410			0.0014305367084475626
411			0.0015548715708062078
412			0.001671483309584471
413			0.001756909836624685
414			0.0018099395131406604
415			0.0018312684460894506
416			0.001831081796036062
417			0.0018583359906197692
418			0.0019718883938884286
419			0.002222138013463428
420			0.0025554047683383494
421			0.002848025272685802
422			0.002976369701025588
423			0.0029129468629435725
424			0.0027893487177335693
425			0.0027521001896002968
426			0.0029078620979994083
427			0.003186865854309443
428			0.0034705501256750383
429			0.003649455526655376
430			0.0037385430413266452
431			0.003842856388220776
432			0.004068705282316796
433			0.0044541020258594384
434			0.004914781707092507
435			0.005353776775434231
436			0.0056965098845762644
437			0.005976989934647892
438			0.006262097791568199
439			0.006616838033701287
440			0.007077086216867471
441			0.007655799996496837
442			0.008365100563486026
443			0.009189998275041722
444			0.010062428845159678
445			0.010908170828012157
446			0.011673348641674824
447			0.01241342006564442
448			0.013220409757706822
449			0.014180457850553496
450			0.015274162739547483
451			0.016391131481053933
452			0.0174183848040065
453			0.018315721603295407
454			0.019200331640530855
455			0.02020994866084669
456			0.021452094891079222
457			0.022852429950024126
458			0.02426888956903067
459			0.02556535972905257
460			0.026733591029791188
461			0.027887057455952803
462			0.029143937676166007
463			0.03058172981005593
464			0.032179782159366434
465			0.03390293699733737
466			0.03572093852437577
467			0.03763694881285645
468			0.03966807478526921
469			0.04183155340736612
470			0.04414675692694645
471			0.04663531801547168
472			0.04931894010875552
473			0.05219495130204351
474			0.05519444039286596
475			0.05823735131815814
476			0.06125167734017226
477			0.06422826031144205
478			0.06718748129329924
479			0.07014855478022784
480			0.07308802226085974
481			0.07593185965393624
482			0.07860313420932943
483			0.08106804135155718
484			0.08342597951365974
485			0.08580198300942345
486			0.08831071263570779
487			0.09097295485655714
488			0.09375959733429604
489			0.09664062650594797
490			0.09956784575839342
491			0.10246879053797374
492			0.10526930842549585
493			0.1079087028362091
494			0.11037389991319276
495			0.11266235630044427
496			0.11477152864196118
497			0.1166988735817409
498			0.11844184776378094
499			nan
500			nan
