Nom de l'instrument : SAM_81D7
Fichier_calib_utilise: /Users/mdlemineahmedou/Documents/Stage/pipeline_LOG/data/calibration/ALL_2023/Cal_SAM_81D7.dat
Date : 2023-10-10
Heure : 12:02:30

l_onde		data
280			nan
281			nan
282			nan
283			nan
284			nan
285			nan
286			nan
287			nan
288			nan
289			nan
290			nan
291			nan
292			nan
293			nan
294			nan
295			nan
296			nan
297			nan
298			nan
299			nan
300			nan
301			nan
302			nan
303			nan
304			nan
305			nan
306			nan
307			nan
308			nan
309			nan
310			nan
311			nan
312			nan
313			nan
314			nan
315			nan
316			nan
317			nan
318			nan
319			0.13012337887736397
320			0.12408180095942446
321			0.12554115317978484
322			0.132283344042691
323			0.142090282052389
324			0.1527438757131249
325			0.16202603523007403
326			0.16834060360985392
327			0.17247555061076975
328			0.1757900465709483
329			0.17956208959218523
330			0.18419696645775163
331			0.18956886553548444
332			0.19554390596559065
333			0.20196121360270247
334			0.2086211481893151
335			0.2153210726110157
336			0.22193263500453597
337			0.22859518883592594
338			0.235508371034411
339			0.2428282281579076
340			0.25027151743905146
341			0.25730063653871005
342			0.2633895567528112
343			0.26866347052008643
344			0.2741433151955982
345			0.28091514079230956
346			0.28971634231381443
347			0.30007992272473205
348			0.31127900812233583
349			0.3226062196112362
350			0.33354260242122097
351			0.34367478383834027
352			0.35260234890324893
353			0.3604165556436359
354			0.36786724072850213
355			0.3757502828546984
356			0.3846712212071517
357			0.3945936214907123
358			0.4053458439991342
359			0.41679510038266177
360			0.4291764118520495
361			0.4429275351929192
362			0.4584737706642501
363			0.47564778912161354
364			0.4934969954939674
365			0.5110147534624769
366			0.5273069192304
367			0.5418563045954274
368			0.5542245893535886
369			0.5640978482025172
370			0.572338594351386
371			0.5804572545738657
372			0.589944993211153
373			0.601225318247675
374			0.6133012596647833
375			0.6250774759278713
376			0.6355499136259126
377			0.6440234918171828
378			0.6498684331303879
379			0.6526367945349044
380			0.6536308195912097
381			0.6551302341131874
382			0.6593993580661927
383			0.6675867184082929
384			0.6793290741540858
385			0.6941556182613996
386			0.7114761082378513
387			0.7302855665485871
388			0.7494890532160092
389			0.768115316316994
390			0.7864266076317369
391			0.8053935978618882
392			0.826017626969614
393			0.8503259912524128
394			0.8817806127104665
395			0.9239502198651104
396			0.9789133692672208
397			1.0433603007428909
398			1.1127637648198836
399			1.1827142188584963
400			1.2500396835178775
401			1.3123085987745204
402			1.3671309673273015
403			1.413742624024111
404			1.4537557211321146
405			1.4889709033057974
406			1.521054481722872
407			1.5511598115348273
408			1.5803178292728002
409			1.609527221883945
410			1.6394230143583466
411			1.6704108400277595
412			1.7028784899954998
413			1.736364457908461
414			1.7690940002510664
415			1.799179777012959
416			1.8254561099267614
417			1.8497059541010292
418			1.8744652509083812
419			1.9020150665431677
420			1.931500255933011
421			1.9599568697110716
422			1.9844057334283252
423			2.0035946888354657
424			2.019129317201327
425			2.032883452743135
426			2.0468964103327254
427			2.063939884362911
428			2.0869881137288013
429			2.1188588264552557
430			2.1602306041925057
431			2.210233245577395
432			2.2679630319343946
433			2.3326129219551883
434			2.403548961988022
435			2.480155179408959
436			2.561572834498396
437			2.6457658348267956
438			2.7303416717583944
439			2.813139323069683
440			2.8955790582026926
441			2.981898806736719
442			3.0763870505155815
443			3.1801527714428985
444			3.2880804720556616
445			3.394332556503384
446			3.4941251070706834
447			3.5883363972822924
448			3.679738437901386
449			3.770960392728394
450			3.862056634798255
451			3.950861717145581
452			4.035143300267554
453			4.1137432515088905
454			4.187826529824932
455			4.258861323683426
456			4.32822429133134
457			4.396741111601071
458			4.465032283886207
459			4.533658441519667
460			4.601925320686277
461			4.667944032113126
462			4.729782745002477
463			4.7869143825737615
464			4.842201113136008
465			4.899006017653395
466			4.960242321199226
467			5.025756449595774
468			5.094115092602832
469			5.1639448419256855
470			5.235511096948877
471			5.310814109677942
472			5.391935439664465
473			5.479615469452168
474			5.570949971046318
475			5.662421505295437
476			5.750598323875683
477			5.8327177466776465
478			5.906331559606157
479			5.969052275119825
480			6.020371096729903
481			6.0620053913459975
482			6.095801656406476
483			6.123813314853956
484			6.148732886924937
485			6.173375891744555
486			6.200670277326698
487			6.234561408150242
488			6.27953545533342
489			6.339939693043692
490			6.414172434061047
491			6.492692231879487
492			6.565405298225805
493			6.62461245380607
494			6.671089490697846
495			6.7074862157165365
496			6.736452435677541
497			6.76063795739626
498			6.782692587688094
499			nan
500			nan
