Nom de l'instrument : SAM_81D7
Fichier_calib_utilise: /Users/mdlemineahmedou/Documents/Stage/pipeline_LOG/data/calibration/ALL_2023/Cal_SAM_81D7.dat
Date : 2023-10-10
Heure : 10:14:15

l_onde		data
280			nan
281			nan
282			nan
283			nan
284			nan
285			nan
286			nan
287			nan
288			nan
289			nan
290			nan
291			nan
292			nan
293			nan
294			nan
295			nan
296			nan
297			nan
298			nan
299			nan
300			nan
301			nan
302			nan
303			nan
304			nan
305			nan
306			nan
307			nan
308			nan
309			nan
310			nan
311			nan
312			nan
313			nan
314			nan
315			nan
316			nan
317			nan
318			nan
319			0.031299204622472036
320			0.03353067278280416
321			0.03627229964823959
322			0.03930766547186073
323			0.0424203505067501
324			0.04539393500599013
325			0.04801199945614291
326			0.050143494522516735
327			0.05198463022460283
328			0.05381002295551712
329			0.05586099308086667
330			0.058020883640732046
331			0.05995518649541303
332			0.06133318727751981
333			0.062163016846988106
334			0.06293943493459792
335			0.06419484832429036
336			0.06625542131246458
337			0.0687040722322016
338			0.0709563509119138
339			0.07248684067614208
340			0.07336504487200149
341			0.07400494050774471
342			0.07481991427931164
343			0.07601054469524589
344			0.07748469579356122
345			0.07912894450354226
346			0.0808518479414989
347			0.08263789146672403
348			0.08448794380313833
349			0.08640070500262036
350			0.08835391435897996
351			0.09031356596123638
352			0.09224383763146286
353			0.09403858739102078
354			0.09549748236603964
355			0.09641362699025498
356			0.09674918479686656
357			0.09703651862937121
358			0.09792808045417874
359			0.10000108967839215
360			0.10312053177253483
361			0.10675881090398832
362			0.11039112362059773
363			0.11377296924664315
364			0.1170312634050289
365			0.12031846858672883
366			0.12365586178314364
367			0.12662512536149353
368			0.1287159681287133
369			0.1295019503898998
370			0.1293496402858081
371			0.1290623483185119
372			0.12943502127309878
373			0.13073257417966555
374			0.1325147340702027
375			0.1342923974398345
376			0.1356583907986507
377			0.13648283980630238
378			0.13669447930721643
379			0.13625079546443739
380			0.13538601079419504
381			0.1344889055470122
382			0.1339470670832847
383			0.1340248724713413
384			0.13481976336350115
385			0.136417296731445
386			0.1388157540101865
387			0.1417103556646299
388			0.14473058354977353
389			0.14753712421840068
390			0.15010185927315084
391			0.15257539411051038
392			0.15511555311463177
393			0.15811507183828358
394			0.16229516920992823
395			0.16840152075389303
396			0.17687672463569598
397			0.187067480806588
398			0.1980728711923627
399			0.2090223852517139
400			0.2193652156068241
401			0.22874182945814067
402			0.2367989187230227
403			0.24337091181632742
404			0.24856663295047862
405			0.25251667204917455
406			0.25542161001162517
407			0.2577492901762496
408			0.2600313389299302
409			0.26275735754394697
410			0.2659430516946915
411			0.2693052019324266
412			0.27255779604024155
413			0.27552760287256894
414			0.2782157804722112
415			0.2806384389499596
416			0.28282585198896243
417			0.2848661641274893
418			0.286862298261591
419			0.28890338154014744
420			0.2909087860591019
421			0.29268373975949413
422			0.2940329769341952
423			0.2948785214453008
424			0.29533647931643653
425			0.29554117485590053
426			0.295657957964366
427			0.2959894907167651
428			0.2968764097970923
429			0.2986518384552018
430			0.30154619507048236
431			0.30571553772577764
432			0.3113119498094574
433			0.31827524972662774
434			0.32616522434467893
435			0.3345021813573431
436			0.34289536997730974
437			0.3513853809797692
438			0.360143383786392
439			0.3693365449922456
440			0.3790696838863346
441			0.3893985666406971
442			0.40037690462341136
443			0.41196744330313495
444			0.4239548449987653
445			0.4361031127020976
446			0.4481849997154116
447			0.46002028122530114
448			0.47144445903188686
449			0.48229873321332506
450			0.4925258564463412
451			0.5021561335662331
452			0.511222867579468
453			0.5197834634787788
454			0.5279474494789973
455			0.5358311573575654
456			0.543539398819726
457			0.5511076388283904
458			0.5585455182860802
459			0.5658615760741423
460			0.5730420356690926
461			0.5800518769333785
462			0.5868554312061371
463			0.5934778216499634
464			0.6000908436466612
465			0.6068879699630616
466			0.6140534117144612
467			0.6217082406273727
468			0.6299471811697591
469			0.6388624850951499
470			0.6484854897443901
471			0.6587830480591862
472			0.669718824041564
473			0.6811990699572884
474			0.6929740233046603
475			0.7047676718647568
476			0.7162971423478619
477			0.7272259906853198
478			0.7371925942258293
479			0.7458423085001539
480			0.7530477167277115
481			0.7589506565978691
482			0.7637085959665648
483			0.7675271876292691
484			0.7707609054007509
485			0.7737928647754644
486			0.7770078755242117
487			0.7808060796395379
488			0.7855957689401413
489			0.7917721783039489
490			0.79918763208796
491			0.8069698611328859
492			0.8141961874097576
493			0.8201395363720646
494			0.8247651109717739
495			0.8281911929357476
496			0.8305360639908479
497			0.831918005863937
498			0.8324553002818768
499			nan
500			nan
