Nom de l'instrument : SAM_81D7
Fichier_calib_utilise: /Users/mdlemineahmedou/Documents/Stage/pipeline_LOG/data/calibration/ALL_2023/Cal_SAM_81D7.dat
Date : 2023-10-10
Heure : 10:56:32

l_onde		data
280			nan
281			nan
282			nan
283			nan
284			nan
285			nan
286			nan
287			nan
288			nan
289			nan
290			nan
291			nan
292			nan
293			nan
294			nan
295			nan
296			nan
297			nan
298			nan
299			nan
300			nan
301			nan
302			nan
303			nan
304			nan
305			nan
306			nan
307			nan
308			nan
309			nan
310			nan
311			nan
312			nan
313			nan
314			nan
315			nan
316			nan
317			nan
318			nan
319			0.019276345116737807
320			0.01945346666059936
321			0.019659489392668553
322			0.019891924786569162
323			0.020148284315924987
324			0.02042607945435981
325			0.020722821707149418
326			0.021047595909268045
327			0.021453852275480426
328			0.02200567029210428
329			0.022756868599570622
330			0.023650947868180772
331			0.02456427351069309
332			0.02537409080676606
333			0.02604781847723965
334			0.02668237684522995
335			0.027384705872329548
336			0.028233375043119235
337			0.029204713790831737
338			0.030252028531615377
339			0.03133296520481697
340			0.03244890202736302
341			0.03362653930519387
342			0.03489264043034383
343			0.03626304893134253
344			0.03773858822822118
345			0.03931898858370711
346			0.040996793234927574
347			0.04273971859540474
348			0.0445101240878008
349			0.04627586352181519
350			0.04805789533301305
351			0.04990693473885066
352			0.05187190281551835
353			0.053913260156040144
354			0.05587297765327408
355			0.05758475242596779
356			0.05898000880612263
357			0.06031978360901435
358			0.06193453301487192
359			0.06412003400211154
360			0.06684375218167556
361			0.06989218888035818
362			0.07305212560264567
363			0.07619860521643465
364			0.079323621657058
365			0.08242721472454219
366			0.08547783759350022
367			0.0883380985793728
368			0.09084846075741684
369			0.0928760128991527
370			0.09453965067555481
371			0.09609695027867038
372			0.09780343728793893
373			0.09977117211331764
374			0.10192133996773468
375			0.10416190189259446
376			0.10637527189338605
377			0.10835739784549883
378			0.10988595238112756
379			0.11077921934544972
380			0.11124637244607997
381			0.11171489805827184
382			0.11261063371008231
383			0.1141869283770397
384			0.1164634293869425
385			0.11944315094261868
386			0.12305983312516312
387			0.12700666427187593
388			0.1309246533277659
389			0.13449694928024872
390			0.13782695106398074
391			0.14125941320384838
392			0.14514294098755084
393			0.14987120595039566
394			0.15590089712162827
395			0.1636933903584873
396			0.1735070444216053
397			0.18486612802110722
398			0.19712904233813733
399			0.2096586936578318
400			0.22186535468610125
401			0.23318763689178434
402			0.24307113957163112
403			0.2513015011546345
404			0.25816136150605146
405			0.26397278338620556
406			0.26906833986699485
407			0.2738207379302637
408			0.2786122626457115
409			0.28379560444684904
410			0.2893897302896642
411			0.295203100145723
412			0.30104181616093206
413			0.3067680870405047
414			0.3123308769817164
415			0.31768658856737503
416			0.32281573756048154
417			0.32779736362198414
418			0.33273566625211176
419			0.3377221904014798
420			0.34269276822038147
421			0.3474785297857818
422			0.35190951529220577
423			0.3558774476175805
424			0.3593761176123121
425			0.362408897138085
426			0.36507666029181685
427			0.3679118037583928
428			0.3715660647084781
429			0.37666251027368114
430			0.3834323146560412
431			0.3918229140583738
432			0.4017747061437068
433			0.4131634420289682
434			0.4257491319964714
435			0.43927976271455094
436			0.4535225266613247
437			0.46833775913614767
438			0.4836139922656315
439			0.49925647257838707
440			0.5154288504792769
441			0.5324980813171398
442			0.5508342407242517
443			0.5705123190747028
444			0.5910296209003094
445			0.6118164337198009
446			0.6323594413320738
447			0.6524483864236491
448			0.671974370656151
449			0.6908299431456575
450			0.7089322138493777
451			0.7262194675116537
452			0.742631189484737
453			0.7582005233477742
454			0.7731631589973778
455			0.7877812243840031
456			0.8022750553943414
457			0.8166134145371178
458			0.8306713808128444
459			0.8443291777130969
460			0.8575788290993246
461			0.8705187895219287
462			0.8832518194292057
463			0.8959049410713177
464			0.9086637130626805
465			0.9217223453854538
466			0.9352767107556988
467			0.9495340172330605
468			0.964706202970932
469			0.9809991465637917
470			0.9984635572917049
471			1.0169858811747992
472			1.0364445688933608
473			1.0566541348977394
474			1.0772553487440286
475			1.0978597471508302
476			1.1180602262105377
477			1.1373041372607908
478			1.1549704247444859
479			1.1704488293325852
480			1.183486094088674
481			1.1942519936644551
482			1.2029408917069297
483			1.2098856964278109
484			1.215847216198875
485			1.2216686118672389
486			1.228163841610716
487			1.2358825963276223
488			1.2452340959250505
489			1.256609976587659
490			1.2697286335181062
491			1.283409923335524
492			1.2964111928793667
493			1.3077353861648893
494			1.3172546617855319
495			1.3250333820435662
496			1.3311359092412658
497			1.3356266056809039
498			1.3385698336647525
499			nan
500			nan
