Nom de l'instrument : SAM_877E
Fichier_calib_utilise: /Users/mdlemineahmedou/Documents/Stage/pipeline_LOG/data/calibration/ALL_2023/Cal_SAM_877E.dat
Date : 2023-10-10
Heure : 11:34:52

l_onde		data
280			2.6636896886710306
281			2.782474967766119
282			2.9119665251309996
283			3.0471001490883527
284			3.179805991278312
285			3.2995584952077897
286			3.4040435780230855
287			3.501990915344221
288			3.6023624234952507
289			3.7130383632810253
290			3.833797037024676
291			3.939279040261156
292			4.0115674683847535
293			4.094864152261163
294			4.241871161443862
295			4.416312206479783
296			4.546174124075909
297			4.665713147661498
298			4.886113117646911
299			5.274040349108601
300			5.845400664710094
301			6.6392867226573395
302			7.737461291385405
303			9.214402766552617
304			11.11608880296486
305			13.492116082409657
306			16.42389998829172
307			19.99047266375394
308			24.206579612379688
309			29.060515576008214
310			34.524277601660714
311			40.55189324636904
312			46.94233499114403
313			53.364078309801286
314			59.710295321910664
315			66.17254153141783
316			72.84205498754469
317			79.57467795682875
318			86.1795768444987
319			92.4078074632895
320			98.16976441213467
321			104.17087886597884
322			111.25915608962833
323			119.61977597450354
324			129.13143367048994
325			139.5643315581425
326			150.58805474073844
327			161.2222169189201
328			169.86187896266202
329			175.93849439615641
330			180.4411268424958
331			183.9751610491435
332			186.0338535772305
333			186.37259501168882
334			186.11686286164866
335			186.53277089082542
336			188.129306739726
337			191.10595782738417
338			195.13318798049994
339			199.6156500558704
340			203.87635123915513
341			207.19954121823926
342			209.37003411452577
343			210.7098092311463
344			211.7031206286767
345			213.0464506254405
346			215.31675586156032
347			218.77067865414543
348			223.48757008248612
349			229.0810436525448
350			235.10316898236843
351			241.32989919039557
352			247.47110016060626
353			252.0212975111903
354			253.02448040648613
355			250.90772852932392
356			247.85757464764703
357			245.50363381286456
358			244.82512480433522
359			246.71923459657054
360			252.00253348182173
361			260.82805989578793
362			271.8229833145833
363			283.5778470766641
364			295.31237752932344
365			306.3477478214158
366			315.8110626475518
367			322.7756091198674
368			326.40499705348515
369			326.00067613482713
370			322.136015816246
371			316.32158483311184
372			310.48459006639666
373			306.95276812955836
374			307.3483281021707
375			312.19544043007875
376			320.64383808231656
377			329.0213719130304
378			333.62929963398074
379			331.91024752763514
380			322.5949373770216
381			309.6364650437132
382			298.2429741770336
383			290.90370931783343
384			288.78055036004156
385			292.06194948163056
386			300.22972401369105
387			311.4352906521503
388			322.5823375772249
389			331.0099691297865
390			334.7313645111424
391			333.27709764223414
392			329.06718256400535
393			325.2592981925386
394			326.1673678313048
395			335.54551660290275
396			353.84210639448423
397			380.3495805438256
398			412.63448424224356
399			447.46345109984554
400			480.48935703545453
401			506.8954128756219
402			524.787604306402
403			534.740989513313
404			538.7800996887789
405			540.5280166962514
406			542.5837618286414
407			545.6851785827172
408			550.2090708801553
409			556.0883874836705
410			563.0540984476887
411			570.3543655791843
412			577.1677155014559
413			582.866610965014
414			586.9303058405876
415			589.1817117047577
416			589.6498189027399
417			588.8947746402731
418			587.8218133831306
419			587.0277161342872
420			586.7961136354315
421			586.9123733462083
422			586.5105956591989
423			584.9389821697209
424			582.0404201223337
425			577.4861635536497
426			570.3255877449847
427			560.3258810145152
428			550.5544458950144
429			544.6038626796557
430			544.2827025299925
431			550.5490893349695
432			562.6045226192296
433			578.6217201207687
434			595.2572635714034
435			608.1932074794153
436			616.5018900745193
437			622.7659180392228
438			629.06571679629
439			636.5228739538817
440			645.6707398830519
441			656.0020246429583
442			666.7292173218215
443			676.6175273284638
444			684.8063422323106
445			692.3448549197817
446			700.5891083238392
447			709.6994940196436
448			719.2657763537823
449			727.8035011537875
450			733.3763420602969
451			735.8536410001484
452			736.4616684573658
453			736.3990392456031
454			736.789277450026
455			738.1567364458822
456			740.170562028087
457			742.474660492186
458			744.7947838929429
459			746.9528886932441
460			749.0156358027399
461			750.8974180883207
462			751.7187464740745
463			750.6236679893414
464			748.080826114127
465			745.0152152889941
466			742.1256402844034
467			739.9789203521703
468			738.9332826015508
469			739.1846227851223
470			740.5998339738082
471			742.7308711127073
472			745.2227164339662
473			747.8622583436836
474			750.4674478728356
475			752.8954960223418
476			755.1314227575197
477			757.4772727836703
478			760.0490121969578
479			762.1042065749145
480			762.6664763861077
481			760.5570572470144
482			754.7453386262999
483			745.802466620899
484			735.116788814038
485			725.0868517317539
486			718.6336861822801
487			716.795041367248
488			718.9743356795722
489			723.9546933795455
490			729.8696117162178
491			735.3518410222754
492			739.8790497967656
493			743.1883001412125
494			745.4167630220321
495			746.600304559709
496			746.3133132495534
497			744.0438006011465
498			739.279778124069
499			nan
500			nan
