Nom de l'instrument : SAM_877E
Fichier_calib_utilise: /Users/mdlemineahmedou/Documents/Stage/pipeline_LOG/data/calibration/ALL_2023/Cal_SAM_877E.dat
Date : 2023-10-10
Heure : 12:17:41

l_onde		data
280			2.929726982061046
281			3.0683058480507284
282			3.2246369131423105
283			3.3853284727751434
284			3.5370852013745715
285			3.667051304279043
286			3.7769176119735075
287			3.88764223795435
288			4.009742177111554
289			4.129899736089037
290			4.240621436647066
291			4.36185253138472
292			4.510994556448705
293			4.665631492538525
294			4.797077984092354
295			4.927003254338289
296			5.099330313043997
297			5.326343609116353
298			5.5991741191069355
299			5.97211303345805
300			6.569265862365446
301			7.48621908947564
302			8.76544811322082
303			10.458792800082872
304			12.654319338576126
305			15.427560314028064
306			18.78223632260817
307			22.716579270928086
308			27.305725612603087
309			32.64219837834812
310			38.69094740219292
311			45.33460430482027
312			52.32450146598412
313			59.303772012436276
314			66.16643638552102
315			73.13793086193907
316			80.32231932292565
317			87.54277970019376
318			94.59630275296718
319			101.29878454765372
320			107.61185542549492
321			114.16164374050693
322			121.70692740325725
323			130.5524263969751
324			140.7746301347317
325			152.15021208631498
326			164.2240008766395
327			175.8422190463773
328			185.1842529455884
329			191.65505588296554
330			196.49667885157098
331			200.4395956269204
332			202.77325500346703
333			203.10711233828192
334			202.76013200448978
335			203.2194289345285
336			204.9893355880249
337			208.20180886867095
338			212.5439075020713
339			217.46709373138336
340			222.18756539616544
341			225.77870360494444
342			228.0201755201721
343			229.44872713697532
344			230.64779756154843
345			232.2159760879407
346			234.68299191487822
347			238.41563952892145
348			243.58291004548565
349			249.73706669417857
350			256.34689132243363
351			263.16683043892385
352			269.89324880089
353			274.89662797215004
354			276.0529717769458
355			273.7959000065462
356			270.45032811091295
357			267.82152294869064
358			267.09977444518773
359			269.2968605551225
360			275.18899481701817
361			284.86853521978696
362			296.88640397454185
363			309.7577455743819
364			322.6375878066237
365			334.77605200880697
366			345.18265180492364
367			352.80631415556326
368			356.75910549942256
369			356.3321036359203
370			352.156870042683
371			345.85433328290515
372			339.52993627261117
373			335.75755136371623
374			336.30729382126833
375			341.69793356557955
376			350.96754079315986
377			360.126569533574
378			365.16206268919524
379			363.3024108559794
380			353.17342424740474
381			339.0633800206916
382			326.62921971679657
383			318.6394913240142
384			316.4380811198881
385			320.1579777642558
386			329.07163030459594
387			341.2048209538841
388			353.41448829811566
389			362.83142126847963
390			367.0379353792083
391			365.4108491521389
392			360.7927940840583
393			356.76409283717123
394			357.8675630098482
395			368.057406280658
396			388.00751550672584
397			417.16495562437785
398			452.74542687649307
399			490.9797036133203
400			527.1560934609358
401			556.1977728623709
402			576.0334897926645
403			587.1358079357346
404			591.6548876140539
405			593.602875685236
406			595.8638741004819
407			599.262237157657
408			604.2322794055897
409			610.7399910863766
410			618.5151574528999
411			626.6965567865246
412			634.3329833970739
413			640.6857238713583
414			645.1505842260568
415			647.6386756835802
416			648.3329943970024
417			647.7499375595154
418			646.6263933629332
419			645.6007641724394
420			645.1982854716397
421			645.3154655637381
422			645.0109269772798
423			643.5125121144126
424			640.4823520001443
425			635.4628693256697
426			627.535344421643
427			616.5632946445876
428			605.859415722993
429			599.2920668206302
430			598.9051728982345
431			605.8434957445098
432			619.1929158578351
433			636.8489631102268
434			655.1489658514698
435			669.4355713144703
436			678.682098279988
437			685.6214480194623
438			692.5279956785528
439			700.7626923592612
440			710.9677872818366
441			722.4736243216145
442			734.3298247182413
443			745.2320291821592
444			754.2924020419222
445			762.640343504458
446			771.7331902226317
447			781.7888738774061
448			792.414112362466
449			801.9210468927727
450			808.0738914176916
451			810.7656454907893
452			811.4840065460116
453			811.5571281353649
454			812.0956194671855
455			813.6314029729325
456			815.8798071483385
457			818.4927039891375
458			821.1213935202649
459			823.5309454882806
460			825.8086136767655
461			827.883995808294
462			828.8155646815426
463			827.6865095723206
464			825.026972087551
465			821.8552011317896
466			818.8522904065954
467			816.5229535244218
468			815.3297268198478
469			815.6811760331396
470			817.4359300465223
471			819.9229365503205
472			822.6787583725371
473			825.5468018861224
474			828.4127063067128
475			831.2006986741683
476			833.9115482917812
477			836.7317303116713
478			839.663779177366
479			841.9350341438985
480			842.5464119279277
481			840.2374066240352
482			833.8865806840869
483			824.0493030653985
484			812.1576819949036
485			800.9385471599181
486			793.7987007647263
487			791.9033684298917
488			794.4740755922775
489			800.0647294772473
490			806.5391808901767
491			812.440713297451
492			817.4441550394395
493			821.3497329811703
494			824.0137986768755
495			825.2578020955903
496			824.7762423475732
497			822.2398565405101
498			817.3193817820861
499			nan
500			nan
