Nom de l'instrument : SAM_877E
Fichier_calib_utilise: /Users/mdlemineahmedou/Documents/Stage/pipeline_LOG/data/calibration/ALL_2023/Cal_SAM_877E.dat
Date : 2023-10-10
Heure : 12:19:11

l_onde		data
280			3.027157540020781
281			3.192933551682994
282			3.358688640916153
283			3.4870430144715843
284			3.5897431143140857
285			3.7208257032586336
286			3.8884717700027016
287			4.0380667200000335
288			4.1401514496615235
289			4.224992130107116
290			4.321091008569589
291			4.42865471429363
292			4.546882860022919
293			4.697828562637761
294			4.902229600548791
295			5.111932608513882
296			5.253610379033467
297			5.371241128883174
298			5.594134281785269
299			6.0158593869582235
300			6.688314672725299
301			7.659512855194555
302			8.974626116710843
303			10.692696393380913
304			12.908463300493185
305			15.703981838122262
306			19.0892227098018
307			23.069253895092125
308			27.730146595346888
309			33.17296961987683
310			39.33021424793498
311			46.03196121705222
312			53.05213882938979
313			60.120925596216246
314			67.14497533412967
315			74.26271400638032
316			81.5388992696371
317			88.86374611769179
318			96.07300691347162
319			102.8999752098224
320			109.23909352223804
321			115.82686354421614
322			123.55731381051027
323			132.6707654427394
324			143.10057843327465
325			154.6152274372522
326			166.84050200144503
327			178.6589954468665
328			188.23986443117417
329			194.94674236155035
330			199.9379305699676
331			203.90492971364867
332			206.2036947529505
333			206.51451912134317
334			206.19496278376246
335			206.74669592121424
336			208.59865386834048
337			211.79971699268486
338			216.13052774780323
339			221.207820327601
340			226.2045018511952
341			230.003396592464
342			232.3219922785423
343			233.77504814858725
344			235.01136621205478
345			236.66435298033082
346			239.2652737600835
347			243.1113575452559
348			248.3338442845482
349			254.59503627235512
350			261.46530429950093
351			268.5774102975414
352			275.4548625003519
353			280.5042343544256
354			281.73413088300947
355			279.5728242128089
356			276.2404094954256
357			273.5440306273068
358			272.79340506811775
359			275.0798144556535
360			281.1866545006521
361			291.18124273354965
362			303.52934667248707
363			316.68218026328816
364			329.8350399343772
365			342.2843289333199
366			352.9959656423994
367			360.85096376642895
368			364.94035869717743
369			364.55744234166286
370			360.3354064482508
371			353.89852449197696
372			347.41183697894
373			343.5663565889122
374			344.18466031400675
375			349.73655834377195
376			359.2263439990313
377			368.6824888383166
378			374.0515055319576
379			372.30702026242733
380			361.86902924159335
381			347.27904160044926
382			334.5461858922061
383			326.46592054403726
384			324.2705251330371
385			328.11136286758244
386			337.3573293217116
387			349.9399400613092
388			362.44283184223974
389			371.91361998773715
390			376.1200526354142
391			374.55335156392124
392			369.9929473356837
393			365.97899626092874
394			367.1403222621964
395			377.5419072171896
396			397.9777386407505
397			427.98495922086755
398			464.6579333971775
399			504.02387842898753
400			541.1903248465964
401			570.924224419781
402			591.1857441058751
403			602.6303205465695
404			607.4810511497591
405			609.6891458102117
406			612.1053299733209
407			615.5793474907647
408			620.5937315601172
409			627.2041826667099
410			635.2035298022521
411			643.6778086507262
412			651.6035617266486
413			658.2015822172468
414			662.8395170009951
415			665.4157538937656
416			666.1133993716219
417			665.5174576292136
418			664.4743137844379
419			663.6141029187543
420			663.3417590199628
421			663.4899293953055
422			663.1354944062009
423			661.545064316883
424			658.4475363417984
425			653.4109068617006
426			645.4206300471247
427			634.2571416095708
428			623.283681967878
429			616.460953174508
430			615.9744304463535
431			623.1090476143244
432			636.9179417568306
433			655.1717152279817
434			674.0624705726942
435			688.779491951673
436			698.2951005399914
437			705.4969119520845
438			712.7329318835357
439			721.3108553189205
440			731.8315890888964
441			743.6281843563075
442			755.7598144159413
443			766.9360898953475
444			776.2898807304704
445			784.9962535220343
446			794.5440018910916
447			805.0549407688961
448			816.0053279921613
449			825.7060883736497
450			831.9868190389693
451			834.7633662594612
452			835.5159569966054
453			835.61645524507
454			836.2713341415001
455			838.0234594941548
456			840.47411164703
457			843.2118594231068
458			845.9455479061153
459			848.4867428621794
460			850.8972098001166
461			853.0729688081283
462			854.0574348848239
463			852.924980362783
464			850.2059528080122
465			846.9272445801197
466			843.8232143153004
467			841.4679085350225
468			840.3027677091214
469			840.6555016170431
470			842.403642856146
471			844.9909281533998
472			847.9631012750117
473			851.027133551512
474			853.9967049693199
475			856.8612581604594
476			859.6815109333892
477			862.6525979799634
478			865.7615892363918
479			868.1621451712457
480			868.7848499778814
481			866.3848571969968
482			859.8802905891055
483			849.8367624443289
484			837.6851683913071
485			826.1718006919099
486			818.7396303864418
487			816.6556009614385
488			819.2931880738154
489			825.191386596305
490			832.0051093248404
491			838.1361490860188
492			843.2413631928957
493			847.1431230252837
494			849.7831573273579
495			851.0496270332153
496			850.6228239746384
497			848.1441321241665
498			843.2549354543386
499			nan
500			nan
