Nom de l'instrument : SAM_877E
Fichier_calib_utilise: /Users/mdlemineahmedou/Documents/Stage/pipeline_LOG/data/calibration/ALL_2023/Cal_SAM_877E.dat
Date : 2023-10-10
Heure : 11:33:34

l_onde		data
280			2.9155123025629264
281			3.0355751321740256
282			3.1670639420030704
283			3.309384046963918
284			3.457246451156625
285			3.6012002733895834
286			3.7312182057979872
287			3.836802301951925
288			3.922346334262189
289			4.022450006122414
290			4.16009801540951
291			4.310150077964699
292			4.44425351271954
293			4.565402951760571
294			4.68579755547078
295			4.812735686473916
296			4.952059846258731
297			5.122683595903106
298			5.354119242319756
299			5.702202409046329
300			6.251314821341499
301			7.070293987837891
302			8.199865489737626
303			9.696120991158761
304			11.660613580578394
305			14.179649337562829
306			17.251320284007026
307			20.868322346916738
308			25.126267740844895
309			30.143651999978587
310			35.86428642867736
311			42.12565891531938
312			48.703494894707916
313			55.32535882495036
314			61.91415774508374
315			68.64908993696012
316			75.59711322661093
317			82.57204391209741
318			89.3731034867194
319			95.8434829627544
320			101.96615326825447
321			108.33896632323705
322			115.68177186653364
323			124.28872946807078
324			134.23698661641495
325			145.285090967765
326			156.95072325290596
327			168.13638704366204
328			177.15903272427602
329			183.46494530604846
330			188.19151128351538
331			192.0203335525479
332			194.3396641948391
333			194.81738550612184
334			194.6303244074966
335			195.11929157455322
336			196.8385132831605
337			200.02140156804825
338			204.35775543724714
339			209.2571050274845
340			213.94680136946596
341			217.54846702990832
342			219.84364763933942
343			221.32100645366896
344			222.53762555039287
345			224.1034200254066
346			226.5455918458996
347			230.188647100026
348			235.1846599518612
349			241.1783764459275
350			247.72479015515006
351			254.49919699511935
352			261.0852056533756
353			265.932081963777
354			267.08100164630605
355			264.97464767563287
356			261.830843590628
357			259.36918064214893
358			258.72113436858126
359			260.8799041444262
360			266.6643659164506
361			276.1933094702835
362			287.99384382874706
363			300.5724873635239
364			313.15379128627274
365			325.0583181924081
366			335.27938876035824
367			342.7330579485045
368			346.60007478411984
369			346.280062634623
370			342.36852211506323
371			336.3478133922963
372			330.2453782397244
373			326.6225982886429
374			327.2295473707042
375			332.54924827024223
376			341.64365449111835
377			350.68103677294505
378			355.7784724476275
379			354.1451221511549
380			344.35497613730655
381			330.6341381312045
382			318.5724098212514
383			310.8577715983927
384			308.7567878767091
385			312.4394255736022
386			321.2865090770034
387			333.3318671168056
388			345.3463706046539
389			354.50072124634374
390			358.59328472248313
391			357.1057227762728
392			352.7419304418153
393			348.93567985514164
394			350.1426091932968
395			360.24217660089175
396			379.8412693062908
397			408.3547309204034
398			443.17858766461325
399			480.78648679963476
400			516.4835560232328
401			545.0861595560733
402			564.541821241558
403			575.4439769516504
404			579.9684692108202
405			582.0380127821427
406			584.4548113981681
407			587.9848678533689
408			593.0168545467335
409			599.496311207076
410			607.1609285104887
411			615.2444732981834
412			622.8851928726717
413			629.3038341933699
414			633.8211542749763
415			636.3366476645566
416			637.0540063427892
417			636.5367802732095
418			635.5834724610066
419			634.8227162599225
420			634.701489899667
421			635.0400644899556
422			634.8280111361992
423			633.3117794386782
424			630.3379730750255
425			625.56516052051
426			617.9527368097168
427			607.2372929331033
428			596.7462267858315
429			590.383663677691
430			590.1440163711977
431			597.1013014071679
432			610.3597775797757
433			627.8792032309465
434			646.0479175213288
435			660.2483719734976
436			669.4660247829544
437			676.4176132697459
438			683.3593695567057
439			691.6330475086127
440			701.850799833371
441			713.2910144656788
442			724.9945440683887
443			735.7808506097267
444			744.8695054156641
445			753.3282121325467
446			762.5175946653648
447			772.6165322919472
448			783.2222298019731
449			792.7076859536354
450			798.9282500718818
451			801.7593967893179
452			802.5924699368738
453			802.7310762991914
454			803.3372220321355
455			804.9663827779646
456			807.3125091288638
457			810.0191337185128
458			812.7622382793738
459			815.3186540601426
460			817.7397048861068
461			819.9169624291792
462			820.8964118170846
463			819.7674287920737
464			817.1379825553083
465			814.1135730581782
466			811.3181342540868
467			809.1321748512327
468			807.9870349894024
469			808.3272406880094
470			810.0633398724805
471			812.589221389686
472			815.4596094600963
473			818.4726840087343
474			821.4457889239496
475			824.2007575554525
476			826.7303591862619
477			829.4645866433096
478			832.587552345093
479			835.1385759442039
480			835.8994802357721
481			833.6650610451893
482			827.4444796955511
483			817.8228604709133
484			806.2105520115065
485			795.2485098407958
486			788.2251327258145
487			786.3178815867429
488			788.8710446027466
489			794.5193364369316
490			801.1537004180453
491			807.280593247042
492			812.4423934586216
493			816.367775248706
494			818.9913134247432
495			820.2159623858313
496			819.768874457078
497			817.3442962442069
498			812.6364743529409
499			nan
500			nan
