Nom de l'instrument : SAM_80E0
Fichier_calib_utilise: /Users/mdlemineahmedou/Documents/Stage/pipeline_LOG/data/calibration/ALL_2023/Cal_SAM_80E0.dat
Date : 2023-10-10
Heure : 10:37:26
Comment : LIDAR_20231010

l_onde		data
280			nan
281			nan
282			nan
283			nan
284			nan
285			nan
286			nan
287			nan
288			nan
289			nan
290			nan
291			nan
292			nan
293			nan
294			nan
295			nan
296			nan
297			nan
298			nan
299			nan
300			nan
301			nan
302			nan
303			nan
304			nan
305			nan
306			nan
307			nan
308			nan
309			nan
310			nan
311			nan
312			nan
313			nan
314			nan
315			nan
316			nan
317			74.72143935621779
318			79.44792316822415
319			84.96283771318681
320			91.19214539348228
321			98.06180861148701
322			105.49778976957744
323			113.42605127013007
324			121.7691386972442
325			130.36387272019715
326			138.9571853342193
327			147.29162923307206
328			155.05826272942969
329			161.81824777304215
330			167.112581746482
331			170.6086470413306
332			172.82093724379988
333			174.61208180520984
334			176.820630377471
335			179.7178731486916
336			183.01397544661006
337			186.39534507945393
338			189.59612503646076
339			192.4641117678936
340			194.86365265221065
341			196.7158464292318
342			198.30095488668422
343			200.03933045988902
344			202.33886310539646
345			205.33997025185954
346			208.92953957535798
347			212.98411530212292
348			217.29643956871152
349			221.4676865610399
350			225.07238273127868
351			227.7565340666809
352			229.60124757895872
353			230.85134592662828
354			231.74861501525058
355			232.4683330607674
356			233.12446694761525
357			233.82956875670905
358			234.88168228137943
359			236.99249649881543
360			240.9296365536607
361			247.2806532697672
362			255.56055499762024
363			264.88888207717616
364			274.3848547925718
365			283.17360761414113
366			290.38565268152536
367			295.154282141698
368			297.1355817019963
369			297.13998193309595
370			296.1322491563802
371			295.0131561240754
372			294.3044782550883
373			294.3889865412135
374			295.6145108992967
375			297.6523184325469
376			299.5587663127959
377			300.36950702159606
378			299.4620875896355
379			296.97205614920415
380			293.1367818834804
381			288.3177271435126
382			283.6182544947678
383			280.4162439808517
384			280.02762649591205
385			282.5279181143202
386			286.8515787039327
387			291.8914804395682
388			296.73882797024214
389			300.93218679465207
390			304.0714129067325
391			305.994980386307
392			308.0021293687707
393			311.9446513118711
394			319.6226965208439
395			331.7457601816676
396			347.9959103637744
397			368.0134182740272
398			390.98171701674744
399			415.02278040231886
400			438.1081845569732
401			458.3861112347951
402			475.1267698073148
403			488.03957363549404
404			496.87817724408296
405			502.3468848185545
406			506.0771467328074
407			509.73708493196773
408			514.4088750294945
409			519.7557366173334
410			525.2303101122388
411			530.331175267348
412			534.8637065740304
413			538.7589477096034
414			541.9476294029719
415			544.3439835961748
416			545.8454138265411
417			546.3489028314445
418			545.8955124056365
419			544.8940086225205
420			543.8109698896469
421			542.9914839034618
422			541.9173446888786
423			539.6965511770024
424			535.4753147047156
425			529.4473267609649
426			522.9341710208582
427			517.3128576277816
428			513.7058489381418
429			512.5437650195471
430			514.1408015965578
431			518.7165531111775
432			525.7669277883614
433			534.4536245275896
434			543.9433293731848
435			553.60515027163
436			563.0402879594928
437			571.8628737697491
438			579.8872542412576
439			587.5130593868327
440			595.2462996282546
441			603.5380874423637
442			612.3822479174686
443			621.5455786032832
444			630.7928865623747
445			639.8768338500789
446			648.5351360343869
447			656.5046088532144
448			663.5747461861272
449			669.7022065012465
450			674.8767303441211
451			679.0998522232869
452			682.4812844931345
453			685.1888724128993
454			687.3912619798296
455			689.2670656004924
456			691.0081573287815
457			692.8073225007822
458			694.7758196912075
459			696.7416717386822
460			698.4714331837591
461			699.7418393876893
462			700.43361075595
463			700.4883083847644
464			699.8520225889637
465			698.6601499986668
466			697.3222883775379
467			696.2695104257944
468			695.8457860926086
469			696.0612840777121
470			696.8462232911129
471			698.1314453438139
472			699.8549553175586
473			701.9593443221252
474			704.3859747144909
475			706.992854720539
476			709.5057494618719
477			711.6386849187103
478			713.0875704718416
479			713.4712500669219
480			712.3880794900025
481			709.4842906399626
482			705.0338011707519
483			699.7520363468954
484			694.362977322969
485			689.5367686982338
486			685.8494646252669
487			683.8676394260613
488			683.9921702340159
489			685.8373628688713
490			688.7843645587483
491			692.2223307421568
492			695.6621237491713
493			698.7089829747674
494			700.9706155275311
495			702.0547285160491
496			701.5690290489076
497			699.1212242346933
498			nan
499			nan
500			nan
