Nom de l'instrument : SAM_80E0
Fichier_calib_utilise: /Users/mdlemineahmedou/Documents/Stage/pipeline_LOG/data/calibration/ALL_2023/Cal_SAM_80E0.dat
Date : 2023-10-10
Heure : 10:38:17
Comment : LIDAR_20231010

l_onde		data
280			nan
281			nan
282			nan
283			nan
284			nan
285			nan
286			nan
287			nan
288			nan
289			nan
290			nan
291			nan
292			nan
293			nan
294			nan
295			nan
296			nan
297			nan
298			nan
299			nan
300			nan
301			nan
302			nan
303			nan
304			nan
305			nan
306			nan
307			nan
308			nan
309			nan
310			nan
311			nan
312			nan
313			nan
314			nan
315			nan
316			nan
317			68.63243577150325
318			73.11622885046032
319			78.5523678648607
320			84.78866614136818
321			91.67293700664649
322			99.05299378735941
323			106.77664981017074
324			114.69201553706294
325			122.65465628943014
326			130.52795433930558
327			138.17542105940012
328			145.36467025854475
329			151.62141081345374
330			156.4337992926442
331			159.43084466510322
332			161.18563657967394
333			162.65925193681045
334			164.78238840832313
335			167.77363367454618
336			171.14716650766331
337			174.38767405253108
338			177.13626994147896
339			179.40650614940142
340			181.2661714532158
341			182.80352587920777
342			184.23638610466315
343			185.83310205421694
344			187.8545782001241
345			190.40350281553467
346			193.4325954492316
347			196.8882876589029
348			200.62719016799133
349			204.30058715965745
350			207.53120121811986
351			209.99644229807782
352			211.70660627596538
353			212.797244155015
354			213.40627596574396
355			213.7143650403957
356			213.94157840658775
357			214.30998045066346
358			215.15256399458124
359			217.04969147346245
360			220.61517647487747
361			226.31068507771198
362			233.69167605398027
363			241.9794712909817
364			250.3949677559635
365			258.1610473640967
366			264.50239691006897
367			268.64605665329924
368			270.28188109281984
369			270.1216333368783
370			269.0137055353255
371			267.75478233269064
372			266.8353143739377
373			266.63343520327646
374			267.4945745839591
375			269.13039403264736
376			270.67653997743224
377			271.2492165162108
378			270.2751571752416
379			267.8695581935495
380			264.24009588276505
381			259.70745501525187
382			255.2679498334571
383			252.16789059637924
384			251.59768156394205
385			253.62824233736495
386			257.30067983138025
387			261.61856112906617
388			265.76298032076676
389			269.3154633128133
390			271.9123970131823
391			273.40692669888443
392			274.9791434505835
393			278.31107064378386
394			285.03621159713117
395			295.764000404049
396			310.13916978478005
397			327.76745143309677
398			347.88829832129085
399			368.8901180492919
400			389.0407339856388
401			406.75506753950026
402			421.3825973369649
403			432.6386229978665
404			440.2778423465308
405			444.9028325414495
406			447.9430874543851
407			450.8608620154819
408			454.61290807398564
409			458.9318267305645
410			463.368549850875
411			467.5110999603318
412			471.19520057760576
413			474.35803844189263
414			476.93600630501203
415			478.8392709897883
416			479.95124944036957
417			480.15447898683215
418			479.4704796373363
419			478.2754692049819
420			477.0014328931636
421			475.9722274227769
422			474.7433657145638
423			472.53767767266805
424			468.61106172863344
425			463.12686618103214
426			457.22555150792476
427			452.0955936579061
428			448.7040340449436
429			447.41607119497996
430			448.4956245361185
431			452.1277771280583
432			457.8945251412436
433			465.09935002839666
434			473.04906589709475
435			481.1946166059076
436			489.15220222177584
437			496.54727042831314
438			503.19438332925967
439			509.46093588786965
440			515.8148052923393
441			522.6731879732704
442			530.0311211836357
443			537.6740545923298
444			545.3856844588288
445			552.9414018086177
446			560.1063766708183
447			566.6451702042547
448			572.3756467354265
449			577.2848185868351
450			581.3931726771796
451			584.7278736563817
452			587.3773363732694
453			589.4628904750437
454			591.1067398043677
455			592.4540083831833
456			593.6803186129886
457			594.9633988732916
458			596.4062545195243
459			597.8522923364086
460			599.0885805881671
461			599.9125627987731
462			600.2276535014117
463			599.9992698898178
464			599.1966253913206
465			597.9406204181805
466			596.5718667174245
467			595.4481834208566
468			594.8542480112507
469			594.7944394327094
470			595.2060014425618
471			596.0275560878858
472			597.2135810806069
473			598.7287048718872
474			600.5364088440977
475			602.5162357344358
476			604.4145578317853
477			605.9659259638717
478			606.9004343476644
479			606.9292194123658
480			605.7583775821377
481			603.1299054332214
482			599.2564718701642
483			594.6818118020467
484			589.9564783900785
485			585.6248565377173
486			582.2205508500949
487			580.2760797923006
488			580.1732529636408
489			581.5784588295794
490			583.9460178827396
491			586.737279188457
492			589.5204280161097
493			591.9464952918273
494			593.668678139162
495			594.3401736816667
496			593.6141790428935
497			591.1438913463951
498			nan
499			nan
500			nan
