Nom de l'instrument : SAM_80E0
Fichier_calib_utilise: /Users/mdlemineahmedou/Documents/Stage/pipeline_LOG/data/calibration/ALL_2023/Cal_SAM_80E0.dat
Date : 2023-10-10
Heure : 10:36:44
Comment : LIDAR_20231010

l_onde		data
280			nan
281			nan
282			nan
283			nan
284			nan
285			nan
286			nan
287			nan
288			nan
289			nan
290			nan
291			nan
292			nan
293			nan
294			nan
295			nan
296			nan
297			nan
298			nan
299			nan
300			nan
301			nan
302			nan
303			nan
304			nan
305			nan
306			nan
307			nan
308			nan
309			nan
310			nan
311			nan
312			nan
313			nan
314			nan
315			nan
316			nan
317			73.13586941122075
318			77.67149985977626
319			82.94559381843901
320			88.92714078306722
321			95.58513024951914
322			102.88855171365296
323			110.806394671327
324			119.30118739535911
325			128.17335185093074
326			137.05333000291228
327			145.5635004224493
328			153.31574630562238
329			159.8954759007657
330			164.88398759624278
331			167.99363381369463
332			169.81517288351301
333			171.3003601373067
334			173.37246981861665
335			176.28735026430832
336			179.64064175375614
337			183.0002185108274
338			186.04427854985036
339			188.71369157412693
340			190.9875791820076
341			192.87808469589862
342			194.60633643476731
343			196.47497679225046
344			198.77830804000536
345			201.63221784658322
346			204.98347965210803
347			208.77183134203656
348			212.8488190776734
349			216.86438655521727
350			220.44043390306445
351			223.25019674376864
352			225.27939351154708
353			226.63132068054549
354			227.41376063438906
355			227.81975451517198
356			228.12094081266645
357			228.59238099675852
358			229.61172652298106
359			231.78540377660534
360			235.7507757844462
361			241.98648710225044
362			250.02583760374637
363			259.05355953951886
364			268.2529057229834
365			276.78899920105187
366			283.8104779311184
367			288.46786987294746
368			290.41544692036155
369			290.4197636477752
370			289.39608667221717
371			288.2056262642121
372			287.3894478509235
373			287.37119769417427
374			288.5378999494441
375			290.5666299840861
376			292.48920961058866
377			293.3157223500191
378			292.4125662133605
379			289.93611020281423
380			286.14883883456605
381			281.42777016989413
382			276.83466957019476
383			273.68467218748805
384			273.2340846961902
385			275.56151960850804
386			279.6622298929367
387			284.49190098627884
388			289.17609182052115
389			293.22352979994275
390			296.1954381729331
391			297.9010715508834
392			299.6680765582637
393			303.39844881367407
394			310.9383085327519
395			322.95460663945795
396			339.0034841565509
397			358.59635542197583
398			380.86941222824106
399			404.08702009956977
400			426.390015893111
401			446.07301798033404
402			462.40766402828115
403			475.048033959155
404			483.69268131099903
405			488.9988264450539
406			492.55865486042387
407			496.0014187818636
408			500.3927403060376
409			505.43332750773067
410			510.62132935166676
411			515.4955616742434
412			519.8664241707539
413			523.6555626506226
414			526.7842493396232
415			529.1568494255828
416			530.6604832843741
417			531.1818240939546
418			530.7483587382324
419			529.7469448737534
420			528.6209422550727
421			527.7001714921175
422			526.5076620900775
423			524.2171133474876
424			520.038287836425
425			514.1691520129244
426			507.87173778271296
427			502.4603563533999
428			499.00233853326154
429			497.8937404485554
430			499.4176550327356
431			503.7706149803213
432			510.4869795969605
433			518.7953064244591
434			527.9279579602937
435			537.2798957474407
436			546.432514050497
437			554.9776325691726
438			562.7121769134416
439			570.0326530256451
440			577.4445458366031
441			585.4005120361704
442			593.9131610887927
443			602.7766340712978
444			611.7821032180328
445			620.6726750232083
446			629.1323029510733
447			636.8413314882176
448			643.5610071563613
449			649.30930450506
450			654.1550048759551
451			658.1698398919488
452			661.4526020605514
453			664.1166259409989
454			666.2761790999053
455			668.0781041615344
456			669.7125892432286
457			671.3728182370667
458			673.1751805253065
459			674.9692702790335
460			676.5467813217602
461			677.7070958089644
462			678.3281231154123
463			678.3337181679381
464			677.6523109070519
465			676.4133906218258
466			675.0376714408269
467			673.9686756876166
468			673.5547642037187
469			673.7796133491483
470			674.5395527539104
471			675.7351137990704
472			677.3151642598766
473			679.259516696149
474			681.5468341067298
475			684.0499802240258
476			686.4739659909038
477			688.5089021583567
478			689.8386121555575
479			690.1201740396458
480			689.0035555017457
481			686.1814107949883
482			681.9060404868251
483			676.8233945226108
484			671.5873353705502
485			666.8278572450058
486			663.1332396805586
487			661.0875593611166
488			661.1109866129324
489			662.8456215961214
490			665.7029258230781
491			669.1002931083771
492			672.5454122819488
493			675.6159910396655
494			677.8915678877627
495			678.9516813324759
496			678.3758698800409
497			675.7436720366934
498			nan
499			nan
500			nan
