Nom de l'instrument : SAM_80E0
Fichier_calib_utilise: /Users/mdlemineahmedou/Documents/Stage/pipeline_LOG/data/calibration/ALL_2023/Cal_SAM_80E0.dat
Date : 2023-10-10
Heure : 10:35:15
Comment : LIDAR_20231010

l_onde		data
280			nan
281			nan
282			nan
283			nan
284			nan
285			nan
286			nan
287			nan
288			nan
289			nan
290			nan
291			nan
292			nan
293			nan
294			nan
295			nan
296			nan
297			nan
298			nan
299			nan
300			nan
301			nan
302			nan
303			nan
304			nan
305			nan
306			nan
307			nan
308			nan
309			nan
310			nan
311			nan
312			nan
313			nan
314			nan
315			nan
316			nan
317			71.07701048899142
318			75.76824495696938
319			81.2561335835907
320			87.44872862678042
321			94.25408234446363
322			101.58024699456534
323			109.33527483501068
324			117.4252486510985
325			125.70683892128982
326			133.98490380375944
327			142.06164140356606
328			149.65541986946664
329			156.27314337690993
330			161.3888893200603
331			164.61978069305533
332			166.54172136151638
333			168.1246437557432
334			170.3090046027369
335			173.34311210165603
336			176.7906111347394
337			180.18639352809888
338			183.19181013409028
339			185.76930013670412
340			187.92514908688054
341			189.69649707045465
342			191.3157536527725
343			193.09149277076386
344			195.32351668926617
345			198.12443700389218
346			201.42943249341374
347			205.16632075355383
348			209.17524155199678
349			213.09590693559872
350			216.54014879421678
351			219.1777864390026
352			221.03161274734373
353			222.25723410993294
354			223.0120162042882
355			223.48362877874564
356			223.88767794422654
357			224.44137385387003
358			225.48032736304404
359			227.60418204105636
360			231.44828591764798
361			237.49381352371464
362			245.30366506290696
363			254.1021545007236
364			263.1107742879478
365			271.50641604496644
366			278.4254166127393
367			283.005160494955
368			284.89362111340375
369			284.8661685136553
370			283.84890551603576
371			282.7066084219425
372			281.940851613553
373			281.9199983122556
374			282.97938187214453
375			284.8148330149172
376			286.54095554308935
377			287.25274897958775
378			286.3614294252422
379			283.9792844516078
380			280.31277541672364
381			275.6890010167274
382			271.1562992273898
383			268.02988055576213
384			267.5662024245415
385			269.8450932476422
386			273.86400172871515
387			278.58088772811675
388			283.1329932537373
389			287.06195104261246
390			289.9647972227451
391			291.67414443481
392			293.46475155042805
393			297.1568856038014
394			304.51797490286083
395			316.2002709679293
396			331.80549811682414
397			350.89294637979253
398			372.63241527964345
399			395.28872658728505
400			416.9984761879292
401			436.06146274114906
402			451.81436024453933
403			463.999714866684
404			472.39990925682594
405			477.65279644999674
406			481.2305495680746
407			484.63838789617387
408			488.8688981564136
409			493.67325122312155
410			498.6183865206486
411			503.3020468364745
412			507.5276877626595
413			511.1830289201704
414			514.1565815676363
415			516.3496694689753
416			517.6766848655684
417			518.0529166518639
418			517.5252669356481
419			516.4765280127189
420			515.3423025401171
421			514.4444210677804
422			513.2962676466032
423			511.06117935631136
424			506.9386240934576
425			501.11813106849365
426			494.85529496105136
427			489.45808316408204
428			485.9838929625607
429			484.80909039359835
430			486.1954364507706
431			490.32217334156235
432			496.73728641808094
433			504.69723699498905
434			513.4620451742958
435			522.4446948059742
436			531.2335548276185
437			539.4268109784466
438			546.8260780329309
439			553.827649136411
440			560.9359054481733
441			568.600229598038
442			576.8118789810768
443			585.3346674917938
444			593.9303996354744
445			602.3481858310574
446			610.3215142753357
447			617.5829373379732
448			623.9325803778607
449			629.3849994567914
450			633.99718673608
451			637.8292345924906
452			640.9696715297565
453			643.5223071348154
454			645.5918253498794
455			647.3127859058982
456			648.8595022867638
457			650.4090358417149
458			652.0716390682662
459			653.72546087026
460			655.1982786374184
461			656.3216827257897
462			656.9662084334732
463			657.0251773851301
464			656.3964124963705
465			655.1897775044563
466			653.8222671241139
467			652.734930018548
468			652.2734514918543
469			652.4180587191959
470			653.0614468469929
471			654.1015389647168
472			655.4963997343522
473			657.2425962348881
474			659.3356428731506
475			661.6635626198059
476			663.9438409926729
477			665.8788250017383
478			667.1607859198745
479			667.4391342685323
480			666.3518858639426
481			663.5804036031949
482			659.3743569382243
483			654.38315622169
484			649.2641110768899
485			644.6387658155276
486			641.0661575156252
487			639.0990255065332
488			639.1317711899543
489			640.8071593658539
490			643.5451517285823
491			646.7722159912566
492			650.0137759266254
493			652.8719903414359
494			654.9510244630424
495			655.8550435187993
496			655.188212736061
497			652.5546973421818
498			nan
499			nan
500			nan
