Nom de l'instrument : SAM_80E0
Fichier_calib_utilise: /Users/mdlemineahmedou/Documents/Stage/pipeline_LOG/data/calibration/ALL_2023/Cal_SAM_80E0.dat
Date : 2023-10-10
Heure : 10:14:57
Comment : LIDAR_20231010

l_onde		data
280			nan
281			nan
282			nan
283			nan
284			nan
285			nan
286			nan
287			nan
288			nan
289			nan
290			nan
291			nan
292			nan
293			nan
294			nan
295			nan
296			nan
297			nan
298			nan
299			nan
300			nan
301			nan
302			nan
303			nan
304			nan
305			nan
306			nan
307			nan
308			nan
309			nan
310			nan
311			nan
312			nan
313			nan
314			nan
315			nan
316			nan
317			63.3411366714357
318			67.32112795890816
319			72.21117538497347
320			77.88182156356854
321			84.20360910863026
322			91.04708063409551
323			98.28277875390123
324			105.78068009480027
325			113.39656117127733
326			120.97130866951257
327			128.3448994468877
328			135.27525006119365
329			141.31327711736674
330			145.97776341489188
331			148.9180943553269
332			150.6590354753555
333			152.0851058157727
334			154.05419536300664
335			156.79862884670362
336			159.93193088868767
337			163.04160958990985
338			165.8209173587792
339			168.2148749278657
340			170.2051671085746
341			171.80615628372533
342			173.2390117895863
343			174.80556749683282
344			176.79893050449027
345			179.32574247501398
346			182.31589968183295
347			185.69203235787796
348			189.305243714434
349			192.84312928648077
350			195.97054015195823
351			198.40027595314615
352			200.13700266079914
353			201.2952069127362
354			201.9922639640064
355			202.3992174163424
356			202.73658601959485
357			203.22718227309127
358			204.1878101941018
359			206.1448742085301
360			209.65312246296972
361			215.13157542588905
362			222.19084457684204
363			230.14346472011974
364			238.29874018896948
365			245.91215676023563
366			252.19026390924915
367			256.3401417301102
368			258.0365831975564
369			257.987106251235
370			257.0373040176765
371			255.97735024422406
372			255.2692013713429
373			255.25443394576263
374			256.24408248381724
375			257.9577639891305
376			259.57757183141405
377			260.2674654062423
378			259.4830675085052
379			257.326636506947
380			253.9872922716111
381			249.76506000856838
382			245.62302070682347
383			242.76959886365728
384			242.35899502491856
385			244.45951492988405
386			248.14055089878227
387			252.43509114355578
388			256.55040828747013
389			260.08689273569456
390			262.69879383871387
391			264.2498955648423
392			265.8867055118789
393			269.24093603370403
394			275.8974196086829
395			286.45152800996374
396			300.56653381513075
397			317.8679794327532
398			337.6153919042469
399			358.21786480011644
400			377.9639941595136
401			395.29307535988056
402			409.60184110128296
403			420.6618012151062
404			428.28057659751926
405			433.0409058619115
406			436.281481646371
407			439.37093899868853
408			443.21349707833974
409			447.588723032154
410			452.10928081221147
411			456.41377122142535
412			460.31400804288273
413			463.69275651841974
414			466.4338681872562
415			468.4419892475201
416			469.64297599834254
417			469.963926571342
418			469.4543489731453
419			468.476153551211
420			467.44036813561956
421			466.6520936452274
422			465.6637312140856
423			463.70177261776314
424			460.0256566080979
425			454.79834898906256
426			449.155703786024
427			444.28137946159836
428			441.13632411469433
429			440.0761753459623
430			441.354708123137
431			445.14725064312006
432			451.0290245789963
433			458.29811326431445
434			466.2567038621123
435			474.37389382947924
436			482.3101565340513
437			489.73663223888
438			496.49499862833676
439			502.9254606287625
440			509.45883486876073
441			516.4783320737195
442			523.9706166286489
443			531.7254812316231
444			539.5310529010172
445			547.1670131893252
446			554.4026500735974
447			561.0066333636308
448			566.8044636326106
449			571.8019836389549
450			576.040726081081
451			579.5658061165477
452			582.4551983169455
453			584.8045353350923
454			586.710242071354
455			588.2943114612176
456			589.7127581478626
457			591.123948249173
458			592.6271022668799
459			594.1159602954739
460			595.4396687242352
461			596.4504311524229
462			597.0316769639728
463			597.0851054615663
464			596.5164987760232
465			595.4254886888276
466			594.1924889187592
467			593.2199035184218
468			592.8211688844519
469			592.9687733450768
470			593.5535436816559
471			594.472029007374
472			595.6866073916632
473			597.2018003634383
474			599.0213550994956
475			601.0555235813797
476			603.066225672084
477			604.8022138810321
478			605.9958966406178
479			606.310157006092
480			605.3893944282057
481			602.9193489518872
482			599.1277617280939
483			594.6236118302935
484			590.0232290467752
485			585.8932937519467
486			582.7137137638649
487			580.9556543644155
488			580.9551523011961
489			582.4067836571445
490			584.8149801982701
491			587.6887187605777
492			590.6061881188676
493			593.1992471364275
494			595.1011580091014
495			595.9451829327337
496			595.3645841031691
497			592.9926237162522
498			nan
499			nan
500			nan
