Nom de l'instrument : SAM_81D7
Fichier_calib_utilise: /Users/mdlemineahmedou/Documents/Stage/pipeline_LOG/data/calibration/ALL_2023/Cal_SAM_81D7.dat
Date : 2023-10-10
Heure : 10:18:17

l_onde		data
280			nan
281			nan
282			nan
283			nan
284			nan
285			nan
286			nan
287			nan
288			nan
289			nan
290			nan
291			nan
292			nan
293			nan
294			nan
295			nan
296			nan
297			nan
298			nan
299			nan
300			nan
301			nan
302			nan
303			nan
304			nan
305			nan
306			nan
307			nan
308			nan
309			nan
310			nan
311			nan
312			nan
313			nan
314			nan
315			nan
316			nan
317			nan
318			nan
319			0.03461570341776179
320			0.034597414185615606
321			0.03567121287244566
322			0.03745658875514767
323			0.039573031110617385
324			0.04164002921575054
325			0.043277072793881516
326			0.04426688871492553
327			0.045017959633232976
328			0.04608868979043696
329			0.04797316318612705
330			0.05047393423072899
331			0.05297271912478722
332			0.05485499719107814
333			0.05598518358718621
334			0.05691551193678156
335			0.05825143110468049
336			0.060400412850987975
337			0.06305646932979
338			0.06575295165791947
339			0.068066265894639
340			0.07000671154957466
341			0.07183582335678435
342			0.07381580262389234
343			0.07610231202671693
344			0.07870447195066155
345			0.08162073998433574
346			0.08480387050775935
347			0.08804874097647987
348			0.09111616306079348
349			0.0938055844866698
350			0.09628988012810082
351			0.09895117198237123
352			0.10216407308261731
353			0.10589405721737954
354			0.10955857057368547
355			0.11253676834058748
356			0.11450781722765686
357			0.11616275708600707
358			0.11840573738626968
359			0.12204520534084536
360			0.126983585600262
361			0.13262390577743358
362			0.13837060527721579
363			0.14389766055432718
364			0.14923619919368714
365			0.15444192661929454
366			0.1595139039663955
367			0.164261380806402
368			0.16845389365613253
369			0.17189073849447295
370			0.17465265512804892
371			0.1769753861722585
372			0.17909643937983252
373			0.181259492010938
374			0.1837164296312955
375			0.18671967738036285
376			0.19032636744199155
377			0.19393264627303702
378			0.19679495620695855
379			0.19827177180597064
380			0.19870364526388012
381			0.1989796208388433
382			0.19998551950948174
383			0.20221315628507808
384			0.20562051455014943
385			0.21012759086347543
386			0.2155754860725026
387			0.2215313386782148
388			0.2275028605130398
389			0.23306151554166643
390			0.23841454853698832
391			0.24413434233611248
392			0.25079783029668723
393			0.2589912822794041
394			0.2693140236588955
395			0.28236634311931236
396			0.29848491140568667
397			0.3170531824676286
398			0.337239231072957
399			0.35819090218481564
400			0.3788433456893541
401			0.3980044585525216
402			0.41449481049395875
403			0.42787556775975655
404			0.4387903530030379
405			0.4479686506939523
406			0.45609527734728766
407			0.46368448367821136
408			0.4712098143202753
409			0.47911143495097347
410			0.4874531139432129
411			0.49606119477513
412			0.5047584198440114
413			0.5133746732048444
414			0.5217508817930863
415			0.5297289193569015
416			0.5371944626413528
417			0.5442121627931206
418			0.5508923752730044
419			0.5573363656166166
420			0.5635335487410135
421			0.5693981306424585
422			0.5748428235444091
423			0.579773422945076
424			0.5840842790539245
425			0.5876686677234217
426			0.5905997178653467
427			0.593746546887769
428			0.598198408192728
429			0.6049936936603889
430			0.6144755611991672
431			0.6264838059843107
432			0.6408460134518933
433			0.6573004759707162
434			0.6754256188361635
435			0.6947832597220743
436			0.7149821493898316
437			0.7358586509864785
438			0.7573180320258643
439			0.7792835631374618
440			0.8019567121448106
441			0.8257578246443937
442			0.8511101740872442
443			0.8780656080177353
444			0.9059488367147234
445			0.9340002156675354
446			0.9615508229908841
447			0.9884192565055726
448			1.0145871664943833
449			1.0400284035250937
450			1.0645754729814016
451			1.087939021465013
452			1.1098268553825898
453			1.1301594175527259
454			1.1493170006504971
455			1.1677399208331034
456			1.1858224387333245
457			1.2036815770873515
458			1.2213311179030746
459			1.2387809015064268
460			1.2559613381507548
461			1.2727272229786666
462			1.288930827512182
463			1.3045738309234345
464			1.3200183876978904
465			1.3356799286824315
466			1.351952243614386
467			1.3690815884543452
468			1.3872526552067783
469			1.4066464123014717
470			1.4273539611098953
471			1.4493712691427048
472			1.472689467261989
473			1.4971300695582384
474			1.52205366134845
475			1.546743275996295
476			1.5704957809320088
477			1.5927160590464022
478			1.6128597611350104
479			1.630392447088786
480			1.645086334339311
481			1.657077015547861
482			1.6665212422171842
483			1.673768015068353
484			1.6797601038487655
485			1.6855545534420848
486			1.6921852011160041
487			1.700475868626546
488			1.7111387442079713
489			1.7248587643261852
490			1.7412369079701167
491			1.7584274542960836
492			1.7744840393672823
493			1.7878775075151159
494			1.798555281568609
495			1.8067912904586754
496			1.8128594631162285
497			1.8170337284721811
498			1.8195880154574466
499			nan
500			nan
