Nom de l'instrument : SAM_877D
Fichier_calib_utilise: /Users/mdlemineahmedou/Documents/Stage/pipeline_LOG/data/calibration/ALL_2023/Cal_SAM_877d.dat
Date : 2023-10-10
Heure : 12:20:49

l_onde		data
280			0.055074096638129115
281			0.043086845688990016
282			0.03205015782469972
283			0.03521649441081791
284			0.051895906807759476
285			0.060504320104348926
286			0.05124410705433409
287			0.04465118380617315
288			0.056005002962027595
289			0.06837231183707262
290			0.06353050996261658
291			0.05313976490959967
292			0.055889341016835396
293			0.06623033340011904
294			0.06764227818761558
295			0.06030955955367708
296			0.05654846866950387
297			0.060517200295377965
298			0.067232996904849
299			0.07174257490162671
300			0.06987847261119155
301			0.061823644922243806
302			0.05782488785251165
303			0.06444765596121277
304			0.06996842486352521
305			0.0627339115288643
306			0.0538532106656695
307			0.059303039093794946
308			0.07005369849238127
309			0.06596572484796706
310			0.05077565735465988
311			0.04551309518070611
312			0.054276198942431776
313			0.06248307658294199
314			0.06317549077474471
315			0.06284316471544293
316			0.06532221675853997
317			0.06558777478118881
318			0.05999260081514545
319			0.05400745692094634
320			0.05367451422398862
321			0.05760068722448675
322			0.06245738401744383
323			0.06911281108390128
324			0.07981220648609207
325			0.08775268709825569
326			0.0804464665589853
327			0.06376642441417628
328			0.0621482510576289
329			0.08124640839921034
330			0.09790607461884585
331			0.09937086514937542
332			0.10002708774701176
333			0.10994879120010485
334			0.1145133189201521
335			0.10064267361142164
336			0.0858173872127742
337			0.09266433505308444
338			0.11524716532128944
339			0.1356883270336794
340			0.14352158239155355
341			0.13382235286667515
342			0.11686075269839405
343			0.11612878911352884
344			0.13336935111649573
345			0.14164561073971305
346			0.1334901287474071
347			0.1411746329460902
348			0.17988792113880206
349			0.20687545257572917
350			0.18786620237968435
351			0.16160583825226638
352			0.17414833533459584
353			0.20540319679232313
354			0.21563473937693278
355			0.21050187128936904
356			0.21821570072897314
357			0.23849065634609054
358			0.2496711590889306
359			0.2473758100222022
360			0.24644551855822946
361			0.25824781447609285
362			0.2873290342360977
363			0.32957027100775904
364			0.3632002743171767
365			0.3750626079630191
366			0.3867070265438436
367			0.41787470837254653
368			0.44775539154792454
369			0.4505617923913579
370			0.44829206070394184
371			0.47844944851038285
372			0.5271498475239933
373			0.5519573413633456
374			0.5562730647812766
375			0.5817984054559823
376			0.6359858568560114
377			0.6843153875614743
378			0.7089899657893929
379			0.7241810211798845
380			0.7411921020891186
381			0.7573628000415361
382			0.7706003191120658
383			0.7876571567191102
384			0.8168333299112169
385			0.8647263974509838
386			0.9345887620110738
387			1.0089162639586582
388			1.0638164566750177
389			1.1079614142885694
390			1.1686434218340123
391			1.238194479880734
392			1.279346422588075
393			1.297339820549041
394			1.3497360293753602
395			1.4623148112198963
396			1.6020851653243935
397			1.7475786994492453
398			1.9179435438372472
399			2.124961694336404
400			2.335658636063271
401			2.514989826033708
402			2.6639296507159473
403			2.7936034748097316
404			2.909278838008233
405			3.0141632827401486
406			3.116599251223711
407			3.2277832215905136
408			3.354495638942632
409			3.4995156572200328
410			3.6572619247539446
411			3.8129170248890927
412			3.963630052901539
413			4.126108509014669
414			4.307087804788101
415			4.487827257514716
416			4.655694296613819
417			4.82709357930813
418			5.017648240683288
419			5.2152857102190975
420			5.404768078511207
421			5.598496427927946
422			5.816111698056547
423			6.045525738080523
424			6.25897552738387
425			6.448356841116164
426			6.6201854398750735
427			6.781414129257414
428			6.939581014799333
429			7.1233136733716655
430			7.389627685500563
431			7.769059194344632
432			8.239192703594854
433			8.767972321694751
434			9.313374243302253
435			9.840427975403987
436			10.345174375974102
437			10.83637222952205
438			11.351978264788912
439			11.933351896696891
440			12.579623867808154
441			13.271324540019723
442			13.988680984075103
443			14.712934296184505
444			15.443989036303869
445			16.196750656016004
446			16.982016111785086
447			17.805281272361125
448			18.654289266127027
449			19.491161278141618
450			20.283562369826043
451			21.014262029688126
452			21.684851675914498
453			22.343291872008347
454			23.031441933208733
455			23.73861280744106
456			24.4466757526778
457			25.163667572953646
458			25.902002043395655
459			26.642782867362325
460			27.355834600166503
461			28.041297804196457
462			28.716516901515373
463			29.378156688717365
464			30.006787544766343
465			30.607303776140128
466			31.211362712821636
467			31.84917284224285
468			32.54681055968186
469			33.31469321560463
470			34.13376232843737
471			34.98983418314209
472			35.89007409130539
473			36.83385862024434
474			37.78070774388647
475			38.69652914594377
476			39.62186343733161
477			40.60540834313894
478			41.596383082084984
479			42.50762342240527
480			43.299675396426565
481			43.958333966754275
482			44.44966177906676
483			44.730058698025005
484			44.86763933478765
485			45.03783893956743
486			45.360900732974606
487			45.88026754189678
488			46.58946713265424
489			47.40646345131463
490			48.25920612027679
491			49.114193078075665
492			49.94191245306387
493			50.709135325777446
494			51.38503819201686
495			51.95143105174163
496			52.39522612100906
497			52.7137896317318
498			52.908091735189316
499			52.97910595235673
500			nan
