Nom de l'instrument : SAM_80E0
Fichier_calib_utilise: /Users/mdlemineahmedou/Documents/Stage/pipeline_LOG/data/calibration/ALL_2023/Cal_SAM_80E0.dat
Date : 2023-10-10
Heure : 10:13:25
Comment : LIDAR_20231010

l_onde		data
280			nan
281			nan
282			nan
283			nan
284			nan
285			nan
286			nan
287			nan
288			nan
289			nan
290			nan
291			nan
292			nan
293			nan
294			nan
295			nan
296			nan
297			nan
298			nan
299			nan
300			nan
301			nan
302			nan
303			nan
304			nan
305			nan
306			nan
307			nan
308			nan
309			nan
310			nan
311			nan
312			nan
313			nan
314			nan
315			nan
316			nan
317			62.938677629142504
318			67.21422323139188
319			72.25065188819964
320			77.94964905283828
321			84.2129001785803
322			90.94209071869818
323			98.03890612646448
324			105.40357671205692
325			112.89982454678004
326			120.35309021526767
327			127.5868435816729
328			134.36048653261574
329			140.27180725850704
330			144.89350571664178
331			147.91732901107994
332			149.83295250892968
333			151.4579748156074
334			153.58498810727224
335			156.41982411712817
336			159.587899631369
337			162.69024728023186
338			165.4324606358862
339			167.769084100629
340			169.6909158544806
341			171.22226173893972
342			172.59948795028922
343			174.1416742952563
344			176.15845384838704
345			178.7578302258904
346			181.85668810146
347			185.36405720175864
348			189.1120964588396
349			192.75724149469627
350			195.9314842393388
351			198.32484914325948
352			199.98060874515787
353			201.07495239153678
354			201.78400450247253
355			202.27779138478795
356			202.72071768793998
357			203.27755515232627
358			204.2351640437576
359			206.15266116114807
360			209.62597984962218
361			215.10808617387622
362			222.20041734159415
363			230.19043472141115
364			238.36355755224315
365			245.9750423039881
366			252.25271895171008
367			256.42567865451514
368			258.18011961455414
369			258.21154697105646
370			257.35041006300986
371			256.3729571994971
372			255.7344349691529
373			255.7723565194233
374			256.7940952140527
375			258.5233646490202
376			260.15340559426375
377			260.8595481490851
378			260.10195951002396
379			257.9723081187537
380			254.6470909485696
381			250.41828806450206
382			246.2683037667793
383			243.43501272241042
384			243.09990859389876
385			245.3153810675007
386			249.0951583435278
387			253.4152635501372
388			257.46583805150993
389			260.9199905946918
390			263.51699868087877
391			265.1868579723038
392			267.02709765987305
393			270.5768797289427
394			277.33235855204975
395			287.8820925965698
396			301.95966002733786
397			319.2637933035814
398			339.09658864841833
399			359.8385614956488
400			379.7396489165635
401			397.2050353865085
402			411.626237906038
403			422.7808612807146
404			430.48246612378364
405			435.3157370512916
406			438.61741772852247
407			441.7540453961329
408			445.6318609468936
409			450.0424293395951
410			454.6118928312501
411			458.9895181071491
412			462.97900274947875
413			466.4473022867976
414			469.26300500186613
415			471.3290747411107
416			472.5835376802133
417			472.96626608799374
418			472.5311343541938
419			471.62296177339493
420			470.6323114757382
421			469.8477610232944
422			468.83319475096107
423			466.83871411561074
424			463.1467531665273
425			457.9257843616304
426			452.2983371839491
427			447.4338254067148
428			444.2865828278046
429			443.22637158493905
430			444.52458114825197
431			448.37235051846375
432			454.34691413753166
433			461.74199596502876
434			469.85512854416874
435			478.14297183422246
436			486.24463801715814
437			493.80942267171974
438			500.6650982896723
439			507.16117389729163
440			513.741988715765
441			520.8045526111733
442			528.3516326920368
443			536.1902680299729
444			544.1252930264261
445			551.934197741507
446			559.3608203943758
447			566.1469524399182
448			572.0974088372698
449			577.2169982778283
450			581.5501084582891
451			585.1445559777221
452			588.0796083794679
453			590.4514344007855
454			592.3572864216081
455			593.9322467100077
456			595.3617352854747
457			596.8346525340686
458			598.465327515405
459			600.1090177378566
460			601.5647565639529
461			602.6400099982675
462			603.2283735119375
463			603.2738361329641
464			602.7243129026149
465			601.6933003110686
466			600.5341316490681
467			599.6189237842021
468			599.2409786948176
469			599.3915584329914
470			599.989582515733
471			600.9574314864539
472			602.257301083238
473			603.8768765876628
474			605.8028526203739
475			607.9319780544645
476			610.0183009188479
477			611.8032017737305
478			613.0163736951379
479			613.3377928650807
480			612.4342180269342
481			610.0114205349561
482			606.2866510795862
483			601.8369295793426
484			597.2464698927189
485			593.0744795772523
486			589.8364625394354
487			588.0435194416231
488			588.0632609518597
489			589.5821448817106
490			592.0847190087284
491			595.060631254873
492			598.0771669528413
493			600.7618150183622
494			602.7436385335303
495			603.6517005804403
496			603.1150642411872
497			600.7627925978654
498			nan
499			nan
500			nan
