Nom de l'instrument : SAM_80E0
Fichier_calib_utilise: /Users/mdlemineahmedou/Documents/Stage/pipeline_LOG/data/calibration/ALL_2023/Cal_SAM_80E0.dat
Date : 2023-10-10
Heure : 10:21:44
Comment : LIDAR_20231010

l_onde		data
280			nan
281			nan
282			nan
283			nan
284			nan
285			nan
286			nan
287			nan
288			nan
289			nan
290			nan
291			nan
292			nan
293			nan
294			nan
295			nan
296			nan
297			nan
298			nan
299			nan
300			nan
301			nan
302			nan
303			nan
304			nan
305			nan
306			nan
307			nan
308			nan
309			nan
310			nan
311			nan
312			nan
313			nan
314			nan
315			nan
316			nan
317			66.61816522716718
318			71.0647681859812
319			76.34293779441069
320			82.33597669789502
321			88.92718754187348
322			95.99987297178535
323			103.43733563306999
324			111.12242570462438
325			118.92664138445289
326			126.70957751069811
327			134.33002767214595
328			141.55171515301953
329			147.89854509575406
330			152.85719427917593
331			156.04886912666126
332			157.99647768586615
333			159.5934988067544
334			161.70696700411008
335			164.58176876465438
336			167.84737074053052
337			171.10733238664835
338			174.0608591135346
339			176.63488132738917
340			178.78949217329875
341			180.52040656819838
342			182.04877938045107
343			183.68369776703642
344			185.72640386827004
345			188.30978038530642
346			191.40712680045763
347			194.9849927300279
348			198.9004054576923
349			202.76002895407808
350			206.13570082724254
351			208.66599396653467
352			210.39570367480817
353			211.52247473454295
354			212.24359536322248
355			212.74371639210744
356			213.1958386465643
357			213.77315155525457
358			214.78084224470172
359			216.81845175778554
360			220.5253258555324
361			226.38424819341387
362			233.94550129520684
363			242.41553573721356
364			251.00129565647043
365			258.9299142234209
366			265.44688215453124
367			269.8005606812709
368			271.68482996674425
369			271.7772901913699
370			270.88706476764384
371			269.78204908160745
372			268.9859684833105
373			268.93299435239953
374			270.02129620225776
375			271.9503532595313
376			273.7846237482161
377			274.56715669403906
378			273.6884435084146
379			271.30927659690985
380			267.6939216404725
381			263.21363904249245
382			258.8793650957252
383			255.93872858682474
384			255.58248025476186
385			257.8629884250035
386			261.7854247130082
387			266.3168685989397
388			270.62306578309034
389			274.3178756163262
390			277.0765510819372
391			278.7854014850278
392			280.6227752884705
393			284.25574941540964
394			291.3042662828093
395			302.3933988034177
396			317.2110254570137
397			335.40696006905665
398			356.2300754031098
399			377.99766120874864
400			398.89501166237864
401			417.2646275571217
402			432.44778966692235
403			444.17673897501226
404			452.2233333390736
405			457.2108335438136
406			460.592853564205
407			463.8558813718789
408			467.97143554246657
409			472.66395981580007
410			477.472826663581
411			481.9755072722432
412			486.0039058726176
413			489.4941474972087
414			492.3814543302673
415			494.5720290478309
416			495.94247505705704
417			496.36840282731447
418			495.87082326637596
419			494.8418238582487
420			493.7318346308403
421			492.87834916907184
422			491.8163526551335
423			489.73335441963326
424			485.85149025741606
425			480.3430047758895
426			474.4031885118564
427			469.27759975995133
428			465.97679328213275
429			464.87260140693445
430			466.2293712153048
431			470.2302112471053
432			476.4367668771236
433			484.12368231816095
434			492.5692654210586
435			501.20718878757157
436			509.6492630476803
437			517.517259317585
438			524.6276654926838
439			531.3661795464196
440			538.2219583804039
441			545.6302520586629
442			553.577278955426
443			561.8263285782126
444			570.1389886581644
445			578.2736506517626
446			585.9847724584434
447			593.0265914587494
448			599.2107352969095
449			604.5309492757436
450			609.0170200064285
451			612.7055681308217
452			615.6958981162526
453			618.1209996345647
454			620.1143281562963
455			621.815188506299
456			623.3706688616314
457			624.9283910527158
458			626.5751142817562
459			628.1861521959861
460			629.5909301709877
461			630.6246525184713
462			631.1815485488961
463			631.19038255534
464			630.583888493759
465			629.4726380023554
466			628.2247920870418
467			627.2286856893402
468			626.7917205907589
469			626.9111408612576
470			627.5099037193809
471			628.5141452811995
472			629.8865712838005
473			631.6132992032594
474			633.679190620072
475			635.9643703828408
476			638.1827962843096
477			640.0336755669205
478			641.2147181843201
479			641.417264836757
480			640.3309629325394
481			637.6843093960806
482			633.7151409951801
483			629.0195588288063
484			624.2008211428891
485			619.8367151996348
486			616.4605124815506
487			614.6009994031607
488			614.6364467540468
489			616.230621512092
490			618.835494598612
491			621.9091528038933
492			625.0027104079976
493			627.7394194419983
494			629.7444181506398
495			630.6428447786665
496			630.0598375708228
497			627.6205347718533
498			nan
499			nan
500			nan
