Nom de l'instrument : SAM_80E0
Fichier_calib_utilise: /Users/mdlemineahmedou/Documents/Stage/pipeline_LOG/data/calibration/ALL_2023/Cal_SAM_80E0.dat
Date : 2023-10-10
Heure : 10:36:54
Comment : LIDAR_20231010

l_onde		data
280			nan
281			nan
282			nan
283			nan
284			nan
285			nan
286			nan
287			nan
288			nan
289			nan
290			nan
291			nan
292			nan
293			nan
294			nan
295			nan
296			nan
297			nan
298			nan
299			nan
300			nan
301			nan
302			nan
303			nan
304			nan
305			nan
306			nan
307			nan
308			nan
309			nan
310			nan
311			nan
312			nan
313			nan
314			nan
315			nan
316			nan
317			69.35677768065874
318			73.69206609875289
319			78.91245301700675
320			84.9138056685103
321			91.59199128635349
322			98.84287710362624
323			106.56233035341852
324			114.64378979367979
325			122.91976591293488
326			131.1588815730841
327			139.12658894147472
328			146.52855748107115
329			152.91965270883082
330			157.83132996892888
331			160.92863836906943
332			162.77205578264594
333			164.29005293919852
334			166.38249233600533
335			169.27845810172445
336			172.54351010063596
337			175.71540100618049
338			178.47130852520306
339			180.82036967139015
340			182.8200634499665
341			184.5450544432719
342			186.1787698097091
343			187.9470592781632
344			190.07032328739
345			192.65290557312898
346			195.6891429577689
347			199.16857129859633
348			202.9701000422019
349			206.71975144744428
350			210.0083703313198
351			212.48755784958044
352			214.17874332214322
353			215.2425114689335
354			215.84145475446587
355			216.17319803229876
356			216.46766140531284
357			216.95643215592978
358			217.96839045856774
359			220.04937893666147
360			223.7745794839992
361			229.57576590134389
362			237.0305576041031
363			245.40163008345883
364			253.94911718792923
365			261.893281555204
366			268.4181316064863
367			272.70874631117965
368			274.4337537717995
369			274.3294740065603
370			273.2749772971092
371			272.0919034449728
372			271.26176434345916
373			271.14132355423806
374			272.05567355719273
375			273.71662389257335
376			275.2785875622399
377			275.8771485209569
378			274.9452612087336
379			272.57516859758266
380			268.94767481203377
381			264.3647943407429
382			259.853206830639
383			256.7077321015173
384			256.1650182480337
385			258.29660150901674
386			262.1022330291642
387			266.5426400652551
388			270.77355780541234
389			274.39058341302945
390			277.0495771664317
391			278.6225977882485
392			280.30522207196555
393			283.79366252711543
394			290.7353903661145
395			301.7492772555714
396			316.4852258023337
397			334.5539042547909
398			355.18247193244855
399			376.70700854781876
400			397.33733714954263
401			415.4401682538196
402			430.37896470898585
403			441.9073558743829
404			449.8170282595333
405			454.7168044734257
406			458.0124406867451
407			461.1412533300593
408			465.04928577333163
409			469.4928907444322
410			474.05186576420164
411			478.33851548923434
412			482.1822356137757
413			485.50134661003676
414			488.21381796201445
415			490.2228561322614
416			491.4166096217004
417			491.6828737836498
418			491.0483559485829
419			489.89428081601375
420			488.65761210670297
421			487.6653041793122
422			486.4626023610449
423			484.25628198867054
424			480.2869122394079
425			474.722256078817
426			468.7284482572268
427			463.5206875726038
428			460.09041689959975
429			458.8209268599814
430			459.99316722751894
431			463.8049881456323
432			469.8185395272444
433			477.30239522947727
434			485.5289585653857
435			493.93199928316113
436			502.13030656692166
437			509.7530051039477
438			516.6202991107391
439			523.1109702113899
440			529.7053263769751
441			536.8313762083993
442			544.4814864545233
443			552.4317425937
444			560.456302983966
445			568.3166903907844
446			575.7588773439649
447			582.5279035443119
448			588.4325600230094
449			593.4839411685505
450			597.7331774523593
451			601.2342942481586
452			604.0678698614495
453			606.3287516843868
454			608.1129735259917
455			609.5596558566513
456			610.8652517415883
457			612.2301786073934
458			613.7739781615586
459			615.3352181903119
460			616.6914890446841
461			617.6310202376536
462			618.050707740272
463			617.9110272664215
464			617.1763863356454
465			615.9687007270228
466			614.6380293919372
467			613.5522990309954
468			613.0029684594723
469			612.9884509187647
470			613.4369713809026
471			614.2801153923641
472			615.4881281081687
473			617.0560044247718
474			618.9774216383547
475			621.1359784583467
476			623.2406315718106
477			624.984834797793
478			626.0619132747663
479			626.164644752358
480			624.9856614546434
481			622.2565763824499
482			618.2200631184861
483			613.4782699261302
484			608.64039491166
485			604.278909168913
486			600.9020957881357
487			599.0117707694397
488			598.9646009739992
489			600.428224379281
490			602.8660342854799
491			605.7478398654313
492			608.6409985643603
493			611.1885111991689
494			613.0353564632495
495			613.8265130499942
496			613.2069596527955
497			610.8216749650455
498			nan
499			nan
500			nan
