Nom de l'instrument : SAM_80E0
Fichier_calib_utilise: /Users/mdlemineahmedou/Documents/Stage/pipeline_LOG/data/calibration/ALL_2023/Cal_SAM_80E0.dat
Date : 2023-10-10
Heure : 10:37:20
Comment : LIDAR_20231010

l_onde		data
280			nan
281			nan
282			nan
283			nan
284			nan
285			nan
286			nan
287			nan
288			nan
289			nan
290			nan
291			nan
292			nan
293			nan
294			nan
295			nan
296			nan
297			nan
298			nan
299			nan
300			nan
301			nan
302			nan
303			nan
304			nan
305			nan
306			nan
307			nan
308			nan
309			nan
310			nan
311			nan
312			nan
313			nan
314			nan
315			nan
316			nan
317			73.23728859036798
318			77.84797161785072
319			83.34691049704395
320			89.63896342330517
321			96.62898859199177
322			104.22184419846113
323			112.3223884380707
324			120.83180056445002
325			129.55895847345369
326			138.2159555184217
327			146.51021680949773
328			154.11247091446177
329			160.60087809976966
330			165.5392287165965
331			168.62769582936943
332			170.48057454955253
333			172.08783519120055
334			174.40783671976737
335			177.6598892245219
336			181.33224633130092
337			184.88255249015177
338			187.93024751717573
339			190.4799924204949
340			192.592546528782
341			194.35264331752572
342			195.9967417439452
343			197.8204809095307
344			200.110860960677
345			202.97127782595123
346			206.33109411437496
347			210.11247607856293
348			214.15723815412227
349			218.12351400003132
350			221.6438866734407
351			224.40152668110883
352			226.3875339409706
353			227.70887310095875
354			228.47711932399562
355			228.89165468653198
356			229.23280767609796
357			229.78435932181097
358			230.92036115767633
359			233.21616729399832
360			237.27435346738403
361			243.54823631765876
362			251.60212887696426
363			260.67255064309416
364			269.991265302564
365			278.70739418
366			285.8949133005351
367			290.62777222933937
368			292.5279405679002
369			292.427433644913
370			291.32004973767897
371			290.1305485585883
372			289.3748138604282
373			289.41876641860347
374			290.59435156641854
375			292.5760870790209
376			294.4409723245105
377			295.2458664286784
378			294.37549706860125
379			291.94149652888166
380			288.1531410037122
381			283.3485471083525
382			278.6361134780634
383			275.4092580451443
384			274.9984527016612
385			277.4735982301755
386			281.7449974583385
387			286.6807512754339
388			291.3642322515472
389			295.3643820620039
390			298.31666758421903
391			300.08953672284974
392			301.97769463761347
393			305.8153444655339
394			313.3845244027576
395			325.3662795676697
396			341.4044893208925
397			361.1009584539327
398			383.62674126554487
399			407.15204709134133
400			429.705275999719
401			449.48880948600953
402			465.8103843409341
403			478.41041516806547
404			487.07094864146154
405			492.46762582024144
406			496.14758928752184
407			499.69246997575175
408			504.1387368146418
409			509.2026680190195
410			514.4046198247228
411			519.3019196589032
412			523.6987981008789
413			527.50062213902
414			530.61308615643
415			532.9424159856575
416			534.3953795261571
417			534.8790874867308
418			534.4366972764235
419			533.458571197802
420			532.3896608701411
421			531.5583830858171
422			530.4650766906822
423			528.2515333943012
424			524.096436951711
425			518.1895107560777
426			511.80913243950204
427			506.2871797487505
428			502.7110381307698
429			501.5035808231953
430			502.9758558707401
431			507.34760308405333
432			514.1400674044822
433			522.5519181962553
434			531.7860558010258
435			541.2233801904292
436			550.4488820511671
437			559.0589498592515
438			566.8572369981885
439			574.253288519658
440			581.7667756045029
441			589.8601155763561
442			598.5188141572344
443			607.4916067803655
444			616.5255415407249
445			625.3684193889038
446			633.768967791773
447			641.4759912430292
448			648.2917846463065
449			654.1883850808158
450			659.1714218108335
451			663.2561357881486
452			666.5459293104262
453			669.191581059011
454			671.3445015238788
455			673.1633709049917
456			674.816542728674
457			676.4730347094657
458			678.2366802932233
459			679.984853368096
460			681.5457811863354
461			682.7510536967442
462			683.4666068168806
463			683.5784719739885
464			682.9773699140101
465			681.7772302763801
466			680.4152900953211
467			679.3541072596798
468			678.9551702487316
469			679.1926422874903
470			679.9479171080919
471			681.109464726059
472			682.6471597946875
473			684.5829919216825
474			686.9374443328945
475			689.5802916042344
476			692.14220582865
477			694.2326341144868
478			695.4808063020557
479			695.6001051574211
480			694.3262858444845
481			691.4319781247607
482			687.173256717766
483			682.1462464820045
484			676.9541735535672
485			672.2022537418028
486			668.4991802190633
487			666.4539965100826
488			666.505508618462
489			668.284398090369
490			671.1817990119031
491			674.5956139711059
492			678.0267123477217
493			681.0558086597485
494			683.2657051668892
495			684.2392041288466
496			683.5591078053238
497			680.808218456024
498			nan
499			nan
500			nan
