Nom de l'instrument : SAM_80E0
Fichier_calib_utilise: /Users/mdlemineahmedou/Documents/Stage/pipeline_LOG/data/calibration/ALL_2023/Cal_SAM_80E0.dat
Date : 2023-10-10
Heure : 10:13:29
Comment : LIDAR_20231010

l_onde		data
280			nan
281			nan
282			nan
283			nan
284			nan
285			nan
286			nan
287			nan
288			nan
289			nan
290			nan
291			nan
292			nan
293			nan
294			nan
295			nan
296			nan
297			nan
298			nan
299			nan
300			nan
301			nan
302			nan
303			nan
304			nan
305			nan
306			nan
307			nan
308			nan
309			nan
310			nan
311			nan
312			nan
313			nan
314			nan
315			nan
316			nan
317			59.683709661013104
318			64.00366256746231
319			68.8636782377246
320			74.23397443039684
321			80.08476890407591
322			86.38627941735871
323			93.10872372884211
324			100.21812526301099
325			107.57527535258622
326			114.9306219929343
327			122.02931968739728
328			128.58614409220618
329			134.23923916773978
330			138.61485289096277
331			141.44797272887968
332			143.2024260641916
333			144.64157039581656
334			146.50595908718134
335			149.00102680510474
336			151.8028765382656
337			154.56536757974786
338			157.03608339882138
339			159.18575686484087
340			161.017617259186
341			162.55830946355104
342			163.98266896115533
343			165.52333260831585
344			167.40669344401238
345			169.72572832475987
346			172.44695262710232
347			175.53154910641024
348			178.85777803628542
349			182.11434248529733
350			184.9635774896156
351			187.11867024138985
352			188.60234863049894
353			189.5538115562937
354			190.11349832553051
355			190.44238963439872
356			190.72040263507276
357			191.1286363704549
358			191.94845621254163
359			193.6848207256771
360			196.87292440281507
361			201.91846817226985
362			208.45587503947996
363			215.83518230647465
364			223.40342420522532
365			230.4578289190962
366			236.25033683529466
367			240.03342524038052
368			241.50168712820107
369			241.3259210819647
370			240.30744423896505
371			239.19415687988288
372			238.41760177514837
373			238.29329160577132
374			239.1082952645703
375			240.59901055676204
376			242.00134499477198
377			242.5343151406806
378			241.68720058992423
379			239.5484705931243
380			236.28708256938023
381			232.17887281047388
382			228.138660881166
383			225.31770255861048
384			224.81538077668463
385			226.69221162385335
386			230.05305873844893
387			233.9680008702868
388			237.68335487377854
389			240.84296215667865
390			243.14512682002473
391			244.4787316450605
392			245.89933907154375
393			248.90382134761379
394			254.94597352156308
395			264.57056651456236
396			277.46604552087774
397			293.2862001539257
398			311.3504531306368
399			330.20132863893167
400			348.27127246782106
401			364.128644282211
402			377.2053046682517
403			387.27112108785303
404			394.1302532804584
405			398.32385429122746
406			401.1118493508281
407			403.78262836991723
408			407.18142016005453
409			411.0802731473608
410			415.091971174016
411			418.8593477734315
412			422.22591606826103
413			425.11739150562425
414			427.4594025365316
415			429.16959166705385
416			430.1574559126553
417			430.332407364054
418			429.7243404254255
419			428.6706325103867
420			427.55700507291175
421			426.6716292397131
422			425.60949902614806
423			423.6654716437146
424			420.16440012931696
425			415.25409501736783
426			409.96850041641363
427			405.3851011339969
428			402.37794623514463
429			401.26816129890307
430			402.2838250428393
431			405.58343589573406
432			410.7932130760647
433			417.29356114997825
434			424.46773374910555
435			431.8234389645335
436			439.0110818110781
437			445.6890606765484
438			451.6884055924123
439			457.3447958133047
440			463.08563501994433
441			469.29151465213016
442			475.95309083559937
443			482.86743015746873
444			489.83028987812196
445			496.6404700657182
446			503.1005154784815
447			509.0132165781735
448			514.2222850754558
449			518.7012888893012
450			522.4494946418282
451			525.4754637337919
452			527.8730121264101
453			529.7817701083342
454			531.3414344784608
455			532.6763783048391
456			533.8905843717455
457			535.0866190540835
458			536.3245255436397
459			537.5166153565103
460			538.5431390308902
461			539.2860543895627
462			539.6447571484741
463			539.5288457741008
464			538.8516029646717
465			537.7052219569257
466			536.4410393362427
467			535.4306873190179
468			534.9609446994945
469			534.9934090578433
470			535.4117927963632
471			536.1074512365919
472			537.0596628425187
473			538.3039941556394
474			539.8751261419275
475			541.6923710731309
476			543.492006330457
477			544.9940613972013
478			545.9215335321246
479			546.010044488359
480			544.9985722922505
481			542.6588081998823
482			539.1913325043155
483			535.0984015720109
484			530.8883495339654
485			527.0524035785653
486			524.0518929955971
487			522.345134792267
488			522.2597997255934
489			523.5033754734073
490			525.5995125829727
491			528.0778580110541
492			530.5592126607485
493			532.7350623552786
494			534.298741143807
495			534.9435830754963
496			534.3629221995093
497			532.2500925650086
498			nan
499			nan
500			nan
