Nom de l'instrument : SAM_877D
Fichier_calib_utilise: /Users/mdlemineahmedou/Documents/Stage/pipeline_LOG/data/calibration/ALL_2023/Cal_SAM_877d.dat
Date : 2023-10-10
Heure : 11:31:58

l_onde		data
280			0.5312874711174118
281			0.6112949861955136
282			0.6892215549097556
283			0.7255106184486912
284			0.7127493265421628
285			0.6917562922832334
286			0.6894315277581191
287			0.6924923025455302
288			0.6980663898949996
289			0.7577808265428945
290			0.9070236248466855
291			1.032563585647069
292			0.9974656320983293
293			0.8802341552540442
294			0.8550861947319545
295			0.9223756713722265
296			0.9579134773920653
297			0.9656483365395756
298			1.0892652244105245
299			1.3350376191867361
300			1.4809857272824023
301			1.4358028456642051
302			1.462895049457769
303			1.7855140597262285
304			2.3019894560810945
305			2.868366500875913
306			3.506177907381692
307			4.288021658172094
308			5.239885587299937
309			6.361177408565085
310			7.611840475353475
311			8.926278121361147
312			10.340930580918545
313			12.00074290315188
314			13.879214042899484
315			15.672341353077323
316			17.238124207830282
317			18.865361578994086
318			20.765274558552235
319			22.66897754183828
320			24.311232655241035
321			25.996643012942325
322			28.160191002103844
323			30.76805747111773
324			33.5681453966523
325			36.45817153759927
326			39.43809742042945
327			42.37583606228172
328			45.00420266344464
329			47.17817836581854
330			48.94153619013919
331			50.34738601987118
332			51.43651200946356
333			52.24424396967621
334			52.793669803851124
335			53.17069668497973
336			53.77184377616219
337			54.995127596319435
338			56.57975166843592
339			58.01920302696389
340			59.3187026960298
341			60.78752611172375
342			62.27444744941092
343			63.21817397627294
344			63.62493477730047
345			64.2539613396682
346			65.51600465913657
347			67.0803944471813
348			68.6822278610063
349			70.45306306597095
350			72.53430232889727
351			74.84029412583732
352			77.17023509768512
353			78.97383527499414
354			79.66227108083487
355			79.48723092858266
356			79.13270619323991
357			78.97866223784976
358			79.17446202507689
359			80.02220091406556
360			81.9881827111311
361			85.10957843230464
362			88.75590584745281
363			92.46511651421896
364			96.26566762988386
365			100.13388899085352
366			103.67564172597858
367			106.4570296486728
368			108.20086813438726
369			108.72777284487775
370			108.22059832461409
371			107.03626530543032
372			105.74686910076137
373			105.04204111968204
374			105.39342548669909
375			107.06633356273791
376			109.70446576541597
377			112.22157639665177
378			113.65763093641418
379			113.3359252092778
380			111.08516926248492
381			107.86694030368777
382			104.74727272501285
383			102.58912938795548
384			102.0716031592759
385			103.17236114457906
386			105.61103418279383
387			108.81516273150704
388			112.08764820957812
389			114.79812085708933
390			116.38659836351975
391			116.80604734075614
392			116.46870028877713
393			116.15461743009392
394			117.06894333204582
395			120.26892541525993
396			126.5173244956629
397			135.89268831839541
398			146.92128570511622
399			158.06063995281005
400			168.2946261432049
401			176.8196138953331
402			183.32685975581276
403			187.7403915925673
404			190.56789380647254
405			192.5502460085874
406			194.21671437548216
407			195.9581094720036
408			197.99987370769972
409			200.42412919679444
410			203.1084927853185
411			205.70430843986418
412			208.03439923625933
413			210.2100915071397
414			212.22714111850163
415			213.77424789807185
416			214.6346515684533
417			215.00576122882387
418			215.1612532630298
419			215.3621257253455
420			215.79825725530253
421			216.23503751570652
422			216.31290060323627
423			216.0331116867621
424			215.558622554211
425			214.595552579702
426			212.547253643683
427			209.62673126904969
428			206.8620911836016
429			205.15088786788374
430			205.1620154763785
431			207.2772336213579
432			211.37475453697448
433			216.97736537084134
434			222.8366899756469
435			227.85190671764622
436			231.89047989748607
437			235.13199494795413
438			238.23644912622134
439			241.91601580890708
440			246.1604851543786
441			250.65203789218396
442			255.17965707347184
443			259.59835550750427
444			263.7795764758955
445			267.6189248509124
446			271.3246631285805
447			275.4343146598821
448			279.89777374105887
449			283.7806569139757
450			286.5101768502537
451			288.37221931771165
452			289.7080072570184
453			290.73352293424205
454			291.64434620379376
455			292.6386918228899
456			293.8778673655848
457			295.32536161318717
458			296.870601544745
459			298.33520507144453
460			299.5294324279907
461			300.46948193876756
462			301.2794638064993
463			301.8004083816903
464			301.6601551273774
465			300.96967159435644
466			300.36294941186225
467			300.188199314447
468			300.34600561687876
469			300.7981792260253
470			301.6905981093315
471			303.0522179656479
472			304.5539940078053
473			305.90908111561527
474			307.18465963207626
475			308.5242601363035
476			310.0601849001597
477			311.8602237613399
478			313.5774053709337
479			314.72373236811353
480			315.1124834152838
481			314.71174018164277
482			313.3020142624119
483			310.5609716333435
484			306.9729403443264
485			303.79535545991047
486			301.7906762835216
487			301.0465535714423
488			301.50369855125007
489			302.9289443120949
490			304.9875571226255
491			307.1550567142584
492			309.0273369783111
493			310.63915724572485
494			312.0232399732468
495			312.86965744549974
496			312.85272984504013
497			312.0434319370221
498			310.64948127775165
499			308.8787232792241
500			nan
