Nom de l'instrument : SAM_80E0
Fichier_calib_utilise: /Users/mdlemineahmedou/Documents/Stage/pipeline_LOG/data/calibration/ALL_2023/Cal_SAM_80E0.dat
Date : 2023-10-10
Heure : 12:05:06
Comment : LIDAR_20231010

l_onde		data
280			nan
281			nan
282			nan
283			nan
284			nan
285			nan
286			nan
287			nan
288			nan
289			nan
290			nan
291			nan
292			nan
293			nan
294			nan
295			nan
296			nan
297			nan
298			nan
299			nan
300			nan
301			nan
302			nan
303			nan
304			nan
305			nan
306			nan
307			nan
308			nan
309			nan
310			nan
311			nan
312			nan
313			nan
314			nan
315			nan
316			nan
317			65.62480189188283
318			69.84952042861403
319			74.83163689421775
320			80.48993357568357
321			86.74319276000102
322			93.51019673415968
323			100.7097277851491
324			108.25639295262907
325			115.96004605479104
326			123.52069970205733
327			130.63315259621743
328			136.98409059161497
329			142.23973460343024
330			146.06312865542634
331			148.22966329144833
332			149.26774553716731
333			150.01524833725384
334			151.2840274049674
335			153.2776568509295
336			155.5980074187383
337			157.82172985144086
338			159.6508586976892
339			161.0859568276388
340			162.17106067370005
341			162.96763136200272
342			163.64740589497254
343			164.4251341044848
344			165.5101600032697
345			166.99665248599845
346			168.86960916379573
347			171.10934925555193
348			173.60684025232982
349			176.04879546188127
350			178.0935157614077
351			179.4506972999461
352			180.14288290918483
353			180.31033037463126
354			180.09412134317697
355			179.64752257853613
356			179.13503391748918
357			178.72202820077462
358			178.66971623566425
359			179.45302680513336
360			181.5757892207832
361			185.41739925905935
362			190.61611286603667
363			196.5369128060572
364			202.54482036911529
365			208.0140063370686
366			212.32696096971029
367			214.86828981523323
368			215.38925588363455
369			214.45071356041421
370			212.7217594875008
371			210.83276793833326
372			209.18478273032747
373			208.09473640660667
374			207.85336674739656
375			208.2436088143553
376			208.5868692958199
377			208.18896688768126
378			206.60247984515988
379			203.9270674409291
380			200.3358774478771
381			196.08310113106603
382			191.907454288641
383			188.72693619964264
384			187.41873650978548
385			188.0429590004115
386			189.9080710793425
387			192.29509520109679
388			194.60448493163705
389			196.5060839290454
390			197.70664353380312
391			198.07130987260655
392			198.43488619692536
393			199.99895955942645
394			203.93040134406135
395			210.66307328739768
396			219.94032187960195
397			231.4776095938987
398			244.73648830566026
399			258.5885508600901
400			271.8217990759728
401			283.32654191033475
402			292.64307572980124
403			299.56612652370734
404			303.9178636407557
405			306.11107825375996
406			307.1345810679126
407			308.0000479400328
408			309.3810613314492
409			311.13246035885567
410			312.98757910595543
411			314.69792669337403
412			316.1363898264831
413			317.22557386735355
414			317.8886691776196
415			318.059236833944
416			317.68141581735426
417			316.70003060035333
418			315.14922548602755
419			313.2910979892032
420			311.4235855863617
421			309.7711815565482
422			308.03649639221226
423			305.69617202886184
424			302.2486704563496
425			297.7919109863046
426			293.0692888640393
427			288.8559120380149
428			285.7766798876434
429			284.04823587528085
430			283.8185214950622
431			285.1877936565715
432			287.8915290500052
433			291.4967433002583
434			295.5724772438799
435			299.7752308504592
436			303.8617829328776
437			307.5945268324044
438			310.8540418292334
439			313.8663968310878
440			316.9204565181768
441			320.273300125185
442			323.91724135881447
443			327.7131469022322
444			331.520962858968
445			335.2016118779188
446			338.6172184123692
447			341.6299934583218
448			344.1358164719121
449			346.1374076995759
450			347.6586313113975
451			348.726257830877
452			349.39371574645014
453			349.72875907621
454			349.7996678145449
455			349.69067118444116
456			349.5072210014971
457			349.3562352304223
458			349.30014978314705
459			349.2468634999732
460			349.0707373247734
461			348.6525404987891
462			347.9384954428285
463			346.9131206296559
464			345.5631332322866
465			343.9615912286176
466			342.3066131183444
467			340.80611190335526
468			339.6241368769146
469			338.75663976282954
470			338.1593107060377
471			337.7895181009453
472			337.6239367041577
473			337.6516011354685
474			337.860952386118
475			338.18957497032744
476			338.49436851837316
477			338.6250703115746
478			338.4275592402843
479			337.7313011489174
480			336.36139840682034
481			334.16441716797164
482			331.2683267018586
483			327.9990322931376
484			324.6862751852112
485			321.63567728536987
486			319.1107070032431
487			317.37058568586866
488			316.59978537528195
489			316.62794011337047
490			317.17950145324915
491			317.9819825618081
492			318.8094643178597
493			319.47213832421807
494			319.78114038476144
495			319.54760630336807
496			318.5826718839163
497			316.69747293028445
498			nan
499			nan
500			nan
