Nom de l'instrument : SAM_877E
Fichier_calib_utilise: /Users/mdlemineahmedou/Documents/Stage/pipeline_LOG/data/calibration/ALL_2023/Cal_SAM_877E.dat
Date : 2023-10-10
Heure : 12:20:10

l_onde		data
280			2.7917274005230173
281			2.8882571320779986
282			3.019612795610454
283			3.199837230382275
284			3.399499798019616
285			3.5521260529782444
286			3.6474333785543793
287			3.75135444880161
288			3.8910131491085846
289			4.004297802686
290			4.053406350987153
291			4.1111623316661445
292			4.252120756570055
293			4.450425329994005
294			4.650800587677185
295			4.81419545123007
296			4.915894525969271
297			5.021559803956716
298			5.261254906220834
299			5.705054059741165
300			6.35571766658923
301			7.252859008743608
302			8.502767420593832
303			10.198621517937639
304			12.384700646047262
305			15.096375062889647
306			18.363831161638803
307			22.22298020323965
308			26.753689870090888
309			32.038745762937644
310			38.01559734497525
311			44.53171027321661
312			51.35465777169723
313			58.18817446067985
314			64.94936785061853
315			71.83584496661167
316			78.92901972775744
317			86.04624325200919
318			92.97724283213967
319			99.52053208909278
320			105.63096049584604
321			111.9862103315022
322			119.39820088580893
323			128.1103964657774
324			138.0967068476071
325			149.15526601515242
326			160.9335039444822
327			172.32278869344182
328			181.4888299856384
329			187.81382929184338
330			192.5076389062154
331			196.29779659314855
332			198.53655269013402
333			198.86626216224104
334			198.5095869581771
335			198.85688577573828
336			200.4537190638957
337			203.51099721279414
338			207.7373515036542
339			212.57641748738865
340			217.22012884385904
341			220.70739798590554
342			222.82522321399077
343			224.16193515924542
344			225.31891681875044
345			226.8567648759752
346			229.26238117267457
347			232.85979415689204
348			237.8041911076498
349			243.73621597851664
350			250.2044165044603
351			256.87354684324276
352			263.3212599443876
353			268.04203267339466
354			269.14111492964395
355			267.02344746546305
356			263.7963343294189
357			261.15648387821324
358			260.30906391868996
359			262.3042304928449
360			267.9837181465925
361			277.46198600382365
362			289.2055834868691
363			301.6704536590594
364			314.09346533226767
365			325.82555917668356
366			335.9134246943411
367			343.32037954004505
368			347.1596873214539
369			346.7154891049251
370			342.5906524909464
371			336.3625730910119
372			330.1149695808203
373			326.42185528689606
374			326.98364957679973
375			332.14348336185986
376			340.9226417949225
377			349.68323806918437
378			354.68535827593644
379			353.0126526978897
380			343.100316152073
381			329.2415079206372
382			317.1353283470867
383			309.41700679753035
384			307.23371146271893
385			310.7294740842878
386			319.32228382348495
387			331.0959760715559
388			342.8814249066993
389			351.85853347503524
390			355.7653901962317
391			354.071470438801
392			349.5728177904522
393			345.74309763706174
394			346.8920159624686
395			356.76172401685204
396			376.0025107678085
397			404.1104762949439
398			438.49258575697075
399			475.6076397190656
400			510.7692708963484
401			538.8190996795925
402			557.7829899620594
403			568.3722373571826
404			572.7487729192068
405			574.6665234114581
406			576.8344185503411
407			580.0658574555387
408			584.7965704925758
409			590.9862804782463
410			598.3744468862143
411			606.1698389642534
412			613.489929971408
413			619.587890750298
414			623.8303682833598
415			626.1315858223496
416			626.6934988370441
417			626.0575339432445
418			624.9861985298073
419			624.069883385571
420			623.7169292018611
421			623.7720817472442
422			623.3337706976272
423			621.7000728207374
424			618.6489737371256
425			613.799149114415
426			606.1856791553708
427			595.5898760375959
428			585.1811568008156
429			578.6946785384248
430			578.1912556168279
431			584.8777737298685
432			597.8154717834271
433			614.8421922871405
434			632.4140599586642
435			646.1161489533292
436			654.9932150494815
437			661.6705578634557
438			668.3306092235978
439			676.276825182463
440			686.1054300661464
441			697.1186047243815
442			708.3886964270635
443			718.7750708282715
444			727.5184524734368
445			735.6225734905395
446			744.3772021495433
447			753.9853924903797
448			764.1029790201208
449			773.1468347618895
450			779.0064388950246
451			781.5658619301882
452			782.2052090836715
453			782.1984637349315
454			782.6598259624211
455			784.1165174566215
456			786.263496330609
457			788.7433031975447
458			791.2224116925381
459			793.4762465847899
460			795.5805234702021
461			797.4671052884419
462			798.2684901210948
463			797.1335957698423
464			794.5022860436778
465			791.2680496685058
466			788.1807450817819
467			785.8976073965138
468			784.8278619734299
469			785.1872561869611
470			786.7981923365334
471			789.107806718444
472			791.7271906901298
473			794.506975337201
474			797.2916737716171
475			799.8842812857972
476			802.250715495169
477			804.7862326286186
478			807.6552840047163
479			809.9368483041484
480			810.4659238387799
481			808.090711214683
482			801.8640903200513
483			792.3417156682887
484			780.8721846008351
485			770.045012542627
486			763.1033488516562
487			761.1730202568749
488			763.5435056087996
489			768.8663355065745
490			775.1313689896317
491			780.8836054272698
492			785.6021356549311
493			789.041334460237
494			791.3730837322978
495			792.6504343836689
496			792.4054384514661
497			790.072630108506
498			785.0865435276045
499			nan
500			nan
