Nom de l'instrument : SAM_81D7
Fichier_calib_utilise: /Users/mdlemineahmedou/Documents/Stage/pipeline_LOG/data/calibration/ALL_2023/Cal_SAM_81D7.dat
Date : 2023-10-10
Heure : 10:54:36

l_onde		data
280			nan
281			nan
282			nan
283			nan
284			nan
285			nan
286			nan
287			nan
288			nan
289			nan
290			nan
291			nan
292			nan
293			nan
294			nan
295			nan
296			nan
297			nan
298			nan
299			nan
300			nan
301			nan
302			nan
303			nan
304			nan
305			nan
306			nan
307			nan
308			nan
309			nan
310			nan
311			nan
312			nan
313			nan
314			nan
315			nan
316			nan
317			nan
318			nan
319			0.056400291245211495
320			0.05875854073543436
321			0.06145297615635218
322			0.06448352775539248
323			0.06785012577998287
324			0.0715527004775509
325			0.07559118190373545
326			0.07989537396358248
327			0.08412625789957011
328			0.08788040912482244
329			0.09080498055571853
330			0.09309090167003685
331			0.09526002336708411
332			0.09783271489148776
333			0.10102551597738739
334			0.1046186249272172
335			0.10835847821791864
336			0.11204108137429361
337			0.11564107428095388
338			0.11917332276003309
339			0.12264514301193617
340			0.1259877686496577
341			0.1290883795538589
342			0.13183844050413232
343			0.1343433658209473
344			0.137002854209901
345			0.14023799497789777
346			0.1443431169279979
347			0.149174668042439
348			0.15449461286924165
349			0.16005917777993361
350			0.16556912823407519
351			0.17069415258195422
352			0.1751097930051357
353			0.17874989489615317
354			0.18189429169693902
355			0.18484701830004596
356			0.18789482685437345
357			0.19126617860024228
358			0.19517725818633497
359			0.1998436062165979
360			0.20547466606098805
361			0.2122765203115742
362			0.22044340864464546
363			0.22968943631819086
364			0.2390925045869599
365			0.24768675870601975
366			0.25475149068470304
367			0.2603874643844979
368			0.2648673149472975
369			0.26846908878588616
370			0.27152200826471956
371			0.27438348047099004
372			0.27740673708745095
373			0.280761582285036
374			0.28437377659268914
375			0.28815216398029847
376			0.29191367120604345
377			0.2951641233561761
378			0.297343591924112
379			0.29797879515933867
380			0.29743044114011224
381			0.2965250227137458
382			0.29609129907683013
383			0.29683764628729703
384			0.29930933544654004
385			0.30403999813937915
386			0.3111783822475918
387			0.3195367416836461
388			0.32763742415513597
389			0.3341665065502169
390			0.33944288754750207
391			0.34472321886891666
392			0.35127060238996793
393			0.3601304753109277
394			0.3720439077484937
395			0.3877292872552063
396			0.4075650869141949
397			0.43070068218976865
398			0.4560077341367192
399			0.4823288263534208
400			0.5082008236272759
401			0.5319776828382448
402			0.552030627251712
403			0.5677465381185117
404			0.5799967831195904
405			0.5897704813446781
406			0.5980123469754367
407			0.6054975328471299
408			0.612960725429428
409			0.6210758142718584
410			0.6298311133526434
411			0.6387824874642902
412			0.6474821447000693
413			0.655668314860416
414			0.6633668662133317
415			0.6706283290483769
416			0.6774882001033443
417			0.6839205506172632
418			0.689883765729558
419			0.695339477859766
420			0.7002892768810561
421			0.7047616202602153
422			0.7087838284311226
423			0.7122653112523806
424			0.7149203688258743
425			0.7164449865095567
426			0.7168110909233648
427			0.71721186158686
428			0.7191782237561323
429			0.7241640780656033
430			0.7325704616697065
431			0.7440361183648506
432			0.7581826325256157
433			0.7746184148624243
434			0.7929282904345469
435			0.8126946341308715
436			0.8335127368314192
437			0.8550405283711263
438			0.8769549010746605
439			0.8989663999570984
440			0.9213059667469903
441			0.9446139767549723
442			0.9695380597352987
443			0.9962524617767757
444			1.0240046898854938
445			1.0519347405822765
446			1.079257324547407
447			1.105588646850311
448			1.1306791935911142
449			1.1542910219283464
450			1.1763911057762613
451			1.1971230851762638
452			1.216636339106586
453			1.2350714553402835
454			1.2525500096928552
455			1.2691910963787323
456			1.2851292838980888
457			1.3005922904543004
458			1.3158425223050012
459			1.3311259369268746
460			1.3463404547582971
461			1.361052675135491
462			1.3748170125485937
463			1.3874918148112831
464			1.3996687286008063
465			1.4120477783219139
466			1.4252753433834924
467			1.439632089559287
468			1.4552460750054217
469			1.4722402645761026
470			1.4906205160826569
471			1.5102687170482323
472			1.5310606395693223
473			1.5527715004072742
474			1.5749032600477673
475			1.5969119032007102
476			1.618232572076593
477			1.6381376720533416
478			1.6558231212359813
479			1.6705005247412736
480			1.681895976674043
481			1.6903452171756268
482			1.696219388403054
483			1.7000225949651695
484			1.7026696010627913
485			1.7051542053002668
486			1.708456726427855
487			1.7134354983069964
488			1.720884013861278
489			1.7315684039595627
490			1.7451483949449114
491			1.7598070544571847
492			1.7736247205830509
493			1.7850695985601586
494			1.7939826283936928
495			1.8005082939089572
496			1.804791078931256
497			1.8069754672858929
498			1.8072059427981713
499			nan
500			nan
