Nom de l'instrument : SAM_877E
Fichier_calib_utilise: /Users/mdlemineahmedou/Documents/Stage/pipeline_LOG/data/calibration/ALL_2023/Cal_SAM_877E.dat
Date : 2023-10-10
Heure : 11:30:34

l_onde		data
280			2.5883245467314517
281			2.6958718094462095
282			2.817574932637576
283			2.951919368438863
284			3.09414144325517
285			3.236481975495716
286			3.366066443785666
287			3.463488347046686
288			3.5289477923169255
289			3.6032450981772888
290			3.7161958316045545
291			3.847521721041973
292			3.97138329208148
293			4.08344931952991
294			4.187089366636777
295			4.293584782266971
296			4.418150812265633
297			4.5771942968955015
298			4.789308593610102
299			5.109748537625331
300			5.633849796840966
301			6.435301018384818
302			7.548572884485716
303			9.013053236351602
304			10.889835207340663
305			13.240328712984473
306			16.113861443943374
307			19.55817198772798
308			23.629761590102195
309			28.37974804511998
310			33.7687374641881
311			39.69828750362132
312			45.96448067925008
313			52.27614089717281
314			58.53342783139955
315			64.88960457236357
316			71.42297861159928
317			78.03199171198968
318			84.56083777676669
319			90.75373654379766
320			96.49716514805071
321			102.42922917197713
322			109.33410319990826
323			117.45291665977226
324			126.76657643483014
325			137.0545591820533
326			147.93492547392498
327			158.41984604636176
328			166.94134955640317
329			172.93891514593298
330			177.36451820915144
331			180.8140661844629
332			182.83968230170711
333			183.228709371982
334			183.0182183369644
335			183.38332783037075
336			184.85931113727085
337			187.70730272301506
338			191.6377808338879
339			196.0804907005006
340			200.32448287994967
341			203.58044788007982
342			205.64549888287115
343			206.94500065392359
344			207.98146995067307
345			209.32992876183323
346			211.4919559455242
347			214.78398763024163
348			219.35441126298915
349			224.85098948620387
350			230.83778131545645
351			237.02401663121876
352			243.04211156790967
353			247.44546404362913
354			248.3968539886869
355			246.30876968508383
356			243.2564736173887
357			240.84291332912034
358			240.11402635967886
359			241.98421735371923
360			247.20195604668632
361			255.86993518086243
362			266.6236914510137
363			278.0862573636196
364			289.56520950039203
365			300.4572051081779
366			309.8337938581611
367			316.68194913171186
368			320.18647020528573
369			319.71962720221075
370			315.8741614068122
371			310.1416205870169
372			304.4085030263178
373			300.94026255407334
374			301.3067486045876
375			305.9965381854038
376			314.18175005313043
377			322.337023167795
378			326.8836769853729
379			325.24274136412754
380			316.09627891102684
381			303.35804229764017
382			292.19786691241967
383			285.0526973925269
384			283.026430664824
385			286.2584666265824
386			294.19311496481134
387			305.0624114973345
388			315.9600457172764
389			324.2768037901403
390			327.8837086101003
391			326.2761735731788
392			322.07671579688724
393			318.5151809484539
394			319.5217594181466
395			328.5133661723151
396			346.15380474917265
397			372.0518680985928
398			403.77880648690433
399			437.9942544273493
400			470.37360211953825
401			496.19753532121763
402			513.6646484234993
403			523.4340266750895
404			527.4958287822817
405			529.3006821805167
406			531.3078451722971
407			534.1833797072637
408			538.3335926849961
409			543.9489500621446
410			550.9365992822632
411			558.314949926503
412			565.0074457015063
413			570.4689280788739
414			574.3562114813715
415			576.5494387416323
416			577.0711379892047
417			576.3950069220233
418			575.2925987357245
419			574.3712409151581
420			574.0617407251432
421			574.2053131566747
422			573.8619898695589
423			572.3354864385185
424			569.4979395551337
425			565.0506546691065
426			558.0526182128959
427			548.2567858576273
428			538.6346452244835
429			532.6824218469953
430			532.2307628945565
431			538.29620017321
432			550.0758764457959
433			565.713378836377
434			581.9516166391886
435			594.6375189107792
436			602.8391432415544
437			608.9607881619205
438			615.0205289701303
439			622.2555304678268
440			631.2529503595225
441			641.4063409856566
442			651.8594407110297
443			661.4501145674361
444			669.3948668054005
445			676.7319445128849
446			684.7867247551632
447			693.7098362315004
448			703.0896756265643
449			711.4446768178311
450			716.8444256774252
451			719.1748924439004
452			719.6864204546657
453			719.5875754133076
454			719.9963412586176
455			721.3997254001473
456			723.3853136841022
457			725.5702363984574
458			727.7698897360062
459			729.8679965263547
460			731.8748628372625
461			733.655722487821
462			734.3955467124207
463			733.3178546002948
464			730.8892591678391
465			727.9963632757388
466			725.2417557047395
467			723.0778644555943
468			721.9006539793899
469			722.0467474981625
470			723.4109884192088
471			725.4624359352573
472			727.8117970956415
473			730.2828124179342
474			732.7401136680817
475			735.0964826267891
476			737.3546818972443
477			739.7350179043167
478			742.2796371071429
479			744.2582112978068
480			744.7386237452888
481			742.6519890867138
482			737.069509864475
483			728.4445308825058
484			717.9647147454061
485			708.0150316308074
486			701.6159923239946
487			699.8292056060906
488			702.0158308967776
489			706.9134818413679
490			712.6105442376281
491			717.8015714651791
492			722.1936142881051
493			725.6086041133843
494			727.9244705976948
495			728.9832017928362
496			728.4967571551181
497			726.1527580634997
498			721.6388258969397
499			nan
500			nan
