Nom de l'instrument : SAM_80E0
Fichier_calib_utilise: /Users/mdlemineahmedou/Documents/Stage/pipeline_LOG/data/calibration/ALL_2023/Cal_SAM_80E0.dat
Date : 2023-10-10
Heure : 12:05:03
Comment : LIDAR_20231010

l_onde		data
280			nan
281			nan
282			nan
283			nan
284			nan
285			nan
286			nan
287			nan
288			nan
289			nan
290			nan
291			nan
292			nan
293			nan
294			nan
295			nan
296			nan
297			nan
298			nan
299			nan
300			nan
301			nan
302			nan
303			nan
304			nan
305			nan
306			nan
307			nan
308			nan
309			nan
310			nan
311			nan
312			nan
313			nan
314			nan
315			nan
316			nan
317			65.11464864235899
318			69.65025611947316
319			74.89978070804665
320			80.77877546374204
321			87.20279344222189
322			94.08738769914878
323			101.34811129018533
324			108.89680202145544
325			116.55208541080701
326			124.03484725811394
327			131.06132492169866
328			137.33696297132744
329			142.5399807931699
330			146.34437144995474
331			148.5329255174259
332			149.61766239321057
333			150.41029141927527
334			151.69763847857496
335			153.68449841769487
336			155.9999293968288
337			158.24880518384848
338			160.14065322138077
339			161.6341725712512
340			162.7243482256949
341			163.4368962698071
342			163.99202103905014
343			164.68578652399853
344			165.8050805424606
345			167.4411498916284
346			169.49979869934805
347			171.8792983129851
348			174.4244238490719
349			176.8576603553897
350			178.88448192783093
351			180.25390545587047
352			180.97999591685476
353			181.17654804444143
354			180.95937162489562
355			180.48087920382127
356			179.9272262507567
357			179.4862357604529
358			179.43165123252763
359			180.22881827415324
360			182.36899234952713
361			186.22135830491007
362			191.42803495120802
363			197.36305720925756
364			203.39992906149809
365			208.91004258443755
366			213.26286953430147
367			215.8296619911909
368			216.35597250987593
369			215.41382103691853
370			213.6857260963843
371			211.81236935430547
372			210.1866566792725
373			209.11061748838694
374			208.86098566592418
375			209.22441003825134
376			209.54211416854776
377			209.1402570843197
378			207.57894037851088
379			204.93693060307493
380			201.362665727426
381			197.09211760721897
382			192.88458593384274
383			189.6930118546576
384			188.4274988200274
385			189.14028374734926
386			191.09445308903352
387			193.5243632955629
388			195.80864707552644
389			197.65136820812666
390			198.80117602692926
391			199.1591457158366
392			199.55946910552083
393			201.18929997775905
394			205.20146994874514
395			212.024484892575
396			221.40451591453936
397			233.06014291516715
398			246.44940803392348
399			260.4249962249506
400			273.7538196583776
401			285.30868666952006
402			294.63519514952367
403			301.5422982335359
404			305.8663724508087
405			308.0335203271563
406			309.044990241296
407			309.9248414129373
408			311.35332283840177
409			313.178096022001
410			315.12326290405514
411			316.9303891537349
412			318.4576677261763
413			319.61106441698524
414			320.2980835215772
415			320.45947154450624
416			320.06988132254924
417			319.1056591384493
418			317.6141771674334
419			315.8240728222773
420			313.99248295699465
421			312.30990917291507
422			310.49335356329834
423			308.054799003873
424			304.52732079094824
425			300.02204224298407
426			295.2725097822336
427			291.04284778096263
428			287.9509514342889
429			286.2172757167416
430			285.99539371758215
431			287.3904534802806
432			290.13715840683926
433			293.79913491750483
434			297.9419590061106
435			302.2168298666682
436			306.37312049362
437			310.1657056302868
438			313.4709774568129
439			316.5205566548758
440			319.6106298044763
441			323.0049406754796
442			326.6969918121544
443			330.546120238764
444			334.41066877423117
445			338.14809184643644
446			341.6147505676933
447			344.66695264459446
448			347.1980237626808
449			349.2187594920838
450			350.76320283740114
451			351.86661505158304
452			352.5754315351202
453			352.94209248228134
454			353.0197962910861
455			352.890503982152
456			352.6744491118536
457			352.49451222424415
458			352.4258154131419
459			352.3775610230822
460			352.22294321423107
461			351.8409006053941
462			351.1690446673374
463			350.17931581560805
464			348.8460003926698
465			347.2396502086335
466			345.5702529942231
467			344.05871684272967
468			342.87936588867797
469			342.0280019644419
470			341.4576684629298
471			341.1228876086637
472			340.9951939114683
473			341.05701308463273
474			341.29023639543954
475			341.6312155774162
476			341.94405292387495
477			342.08643718847253
478			341.9099100468011
479			341.23986437938953
480			339.8947413031668
481			337.7144937596554
482			334.82110791292985
483			331.53494915295306
484			328.1803320451013
485			325.06628626205287
486			322.47512798463833
487			320.6864819474687
488			319.90100581591474
489			319.94449735630405
490			320.5316368754306
491			321.3803401733088
492			322.2577354086764
493			322.96911224381034
494			323.3207581645771
495			323.11896065684346
496			322.170007206476
497			320.2801852993415
498			nan
499			nan
500			nan
