Nom de l'instrument : SAM_80E0
Fichier_calib_utilise: /Users/mdlemineahmedou/Documents/Stage/pipeline_LOG/data/calibration/ALL_2023/Cal_SAM_80E0.dat
Date : 2023-10-10
Heure : 12:02:10
Comment : LIDAR_20231010

l_onde		data
280			nan
281			nan
282			nan
283			nan
284			nan
285			nan
286			nan
287			nan
288			nan
289			nan
290			nan
291			nan
292			nan
293			nan
294			nan
295			nan
296			nan
297			nan
298			nan
299			nan
300			nan
301			nan
302			nan
303			nan
304			nan
305			nan
306			nan
307			nan
308			nan
309			nan
310			nan
311			nan
312			nan
313			nan
314			nan
315			nan
316			nan
317			77.95309436002073
318			83.14698000488035
319			89.24779808530985
320			96.13543933731542
321			103.68979449690305
322			111.79075430007885
323			120.31820948284893
324			129.14973212761043
325			138.1047213713483
326			146.94157787774012
327			155.41566329161031
328			163.22059055868945
329			169.894209388831
330			174.9501894597237
331			178.04338248840762
332			179.77493031725726
333			181.13487005235598
334			183.08317306700584
335			185.87470906591517
336			189.06687137731313
337			192.1877520524658
338			194.891329434155
339			197.13130656346127
340			198.90503426759543
341			200.24700628284188
342			201.42678313702862
343			202.80561257148452
344			204.73322432655115
345			207.31394634566792
346			210.4194970503216
347			213.91218416248242
348			217.59623641379787
349			221.14311647727993
350			224.20581882930784
351			226.48765542373934
352			227.99822428601536
353			228.86236983148981
354			229.20818333763683
355			229.22437642828393
356			229.1555447035712
357			229.24889281851947
358			229.86163782107582
359			231.5963236037462
360			235.08866897317532
361			240.8154532282307
362			248.30679446679653
363			256.7437577365569
364			265.30690598463485
365			273.1777408567527
366			279.53861754136534
367			283.5743348075414
368			284.9577417696363
369			284.4393182778181
370			282.9136232645802
371			281.22117428374685
372			279.8824326917087
373			279.3004731920844
374			279.84363567028703
375			281.2070758227802
376			282.47411015669
377			282.7074345966535
378			281.30595851571144
379			278.4139970411286
380			274.27599443860055
381			269.2464547797053
382			264.3378828542248
383			260.80625648815817
384			259.8512356686349
385			261.54501755553343
386			264.92264751391525
387			268.98134316757415
388			272.8925726372711
389			276.2208453280868
390			278.5845191098966
391			279.82279878495973
392			281.12686422105355
393			284.19929518287273
394			290.69393707866396
395			301.23576155317954
396			315.48051287080875
397			333.0446708383067
398			353.15606161472476
399			374.1394780434103
400			394.191762588294
401			411.67145250307635
402			425.96437970881186
403			436.8584980611754
404			444.1782564689213
405			448.5302686178716
406			451.2839750497772
407			453.8390199142423
408			457.1229099529642
409			460.91980108910025
410			464.84417106785776
411			468.53659160544663
412			471.8118966872697
413			474.55630156699135
414			476.657120595474
415			478.02273701980846
416			478.58302390420704
417			478.26910385471797
418			477.1324200113549
419			475.53148564600014
420			473.87309315618455
421			472.45887978359286
422			470.84326695608536
423			468.25714123217926
424			463.9642300665451
425			458.12873865992
426			451.8844770419238
427			446.4128985970138
428			442.67366052365986
429			441.02359419033246
430			441.7180864565921
431			444.93475319620615
432			450.2562734175635
433			456.9905752165802
434			464.44890613391243
435			472.08564500383517
436			479.5192820583036
437			486.3774939587896
438			492.47905187450675
439			498.20134816855506
440			504.0233095095582
441			510.370868612371
442			517.2285306164897
443			524.361646977284
444			531.5341509320932
445			538.5156308821738
446			545.0826348653055
447			551.0121598962388
448			556.1367642264213
449			560.4653196783818
450			564.0415907469579
451			566.9121913871903
452			569.1498716770616
453			570.841426795342
454			572.0748728720849
455			572.9828188188872
456			573.7572102375357
457			574.5940961873072
458			575.6115307853601
459			576.6566024626187
460			577.5175942188877
461			577.9927999034885
462			577.9827623553361
463			577.4478493545314
464			576.3522346375989
465			574.8136495931199
466			573.1722465162044
467			571.785597288492
468			570.934762847146
469			570.6075935411981
470			570.7217119272286
471			571.1987621448918
472			572.0066520990902
473			573.1429075897585
474			574.603897224533
475			576.2810871686173
476			577.8995136280561
477			579.1694389208232
478			579.8035909138202
479			579.5251855681224
480			578.0602271473307
481			575.1700321196853
482			571.0788801174883
483			566.3366942318879
484			561.4998304822194
485			557.0953303706136
486			553.5990022546949
487			551.481492634032
488			551.0776774733547
489			552.0779244699311
490			553.9815536215782
491			556.294237945301
492			558.6182165555158
493			560.6306103151221
494			562.0104980490527
495			562.4369585822407
496			561.5890707396189
497			559.1459133461206
498			nan
499			nan
500			nan
