Nom de l'instrument : SAM_81D7
Fichier_calib_utilise: /Users/mdlemineahmedou/Documents/Stage/pipeline_LOG/data/calibration/ALL_2023/Cal_SAM_81D7.dat
Date : 2023-10-10
Heure : 09:54:27

l_onde		data
280			nan
281			nan
282			nan
283			nan
284			nan
285			nan
286			nan
287			nan
288			nan
289			nan
290			nan
291			nan
292			nan
293			nan
294			nan
295			nan
296			nan
297			nan
298			nan
299			nan
300			nan
301			nan
302			nan
303			nan
304			nan
305			nan
306			nan
307			nan
308			nan
309			nan
310			nan
311			nan
312			nan
313			nan
314			nan
315			nan
316			nan
317			nan
318			nan
319			0.0003562809982261825
320			0.0003183174117455993
321			0.00025726618567685277
322			0.00018345425418988197
323			0.00010720855145462636
324			3.8856011641024945e-05
325			-1.1276438473950762e-05
326			-3.556505839235052e-05
327			-3.6748543409394815e-05
328			-2.00482711396199e-05
329			9.40442381010114e-06
330			4.7446290940138185e-05
331			9.050321836342487e-05
332			0.00013494417438051688
333			0.00017392336454468446
334			0.00019597814801566448
335			0.00018928890330049324
336			0.00014903891100414963
337			9.564814654574286e-05
338			5.521953295833496e-05
339			5.1192659657964456e-05
340			8.016692194245893e-05
341			0.000123200567421353
342			0.00016125068291825113
343			0.00017920628123116474
344			0.00016736468037344455
345			0.00011641771104625541
346			2.8452740902741578e-05
347			-5.5078179218530495e-05
348			-8.422911092474736e-05
349			-1.653892050432262e-05
350			0.00011811101519270919
351			0.00024930273190708455
352			0.0003073505304019432
353			0.0002717142377319546
354			0.00018768238170438636
355			0.0001051468646589008
356			6.267155893911285e-05
357			6.0613373103519045e-05
358			9.128248417786457e-05
359			0.00014584528648108869
360			0.00020463987249890088
361			0.00024203580580231751
362			0.00023291844003933844
363			0.00017568168462371098
364			9.98695534368119e-05
365			3.716933270483555e-05
366			1.2245962126653085e-05
367			2.6232925618390263e-05
368			7.534037171400392e-05
369			0.0001536269670157361
370			0.00023480419211813536
371			0.00028137748693922443
372			0.00025669591625026466
373			0.000163526064411838
374			5.707809386785332e-05
375			-3.808781896697079e-06
376			1.749407202192952e-05
377			8.244168590369499e-05
378			0.00013660060392737514
379			0.00013173138488146993
380			7.921303627589512e-05
381			2.3721572863798355e-05
382			9.562768046327358e-06
383			4.9650216583231696e-05
384			0.0001143648131404456
385			0.00017106219137789675
386			0.00019512431268099153
387			0.00018980425512832194
388			0.00016440077291200242
389			0.00012843384644427747
390			9.362967858112805e-05
391			7.298153746571328e-05
392			7.91857781342594e-05
393			0.00011054133309835864
394			0.00014521478450055613
395			0.00015987343371247128
396			0.00013920814131220403
397			9.692217659415082e-05
398			5.3274157941313536e-05
399			2.7014737710031753e-05
400			2.1039894655239587e-05
401			2.8759945977738204e-05
402			4.348128368566948e-05
403			5.9740582228923786e-05
404			7.387269774467832e-05
405			8.235512305879394e-05
406			8.233439489487505e-05
407			7.351181225468912e-05
408			5.6198376448645815e-05
409			3.111049010486801e-05
410			3.5360578181817127e-06
411			-1.835339162439183e-05
412			-2.642743442944764e-05
413			-1.7699910325094386e-05
414			2.860957041374761e-06
415			2.9604937928830824e-05
416			5.7406650668926256e-05
417			8.328518717771507e-05
418			0.00010480726905145664
419			0.00011969323923863958
420			0.0001275537303846884
421			0.00012927041547372315
422			0.00012574936419581937
423			0.00011795241871694492
424			0.00010693370939840008
425			9.375602959555532e-05
426			8.000288592469779e-05
427			6.956234277356568e-05
428			6.695980554430183e-05
429			7.6088447779705e-05
430			9.220036213095296e-05
431			0.00010429133291006484
432			0.0001013119775489568
433			8.087696800665571e-05
434			5.611278565213851e-05
435			4.175733974040051e-05
436			4.873223761263331e-05
437			6.945108663681522e-05
438			9.072462676523781e-05
439			0.00010006158113828336
440			9.578435896100993e-05
441			8.472327524646594e-05
442			7.391694043361595e-05
443			6.773535738448823e-05
444			6.532421912853201e-05
445			6.522314941878452e-05
446			6.653173560117134e-05
447			7.135866319383422e-05
448			8.281901983402412e-05
449			0.000103590643601901
450			0.00012853079704245568
451			0.00014575434241722636
452			0.00014320388939440852
453			0.00011779692844925692
454			8.586012656436358e-05
455			6.625360015737222e-05
456			7.377584608866127e-05
457			9.877585430275591e-05
458			0.00012249785334034972
459			0.00012688837256907376
460			0.00010902521489177378
461			8.039071397344499e-05
462			5.302728307417167e-05
463			3.520116971201314e-05
464			2.6067879565295878e-05
465			2.3436398434135647e-05
466			2.526919880305024e-05
467			3.0575116799497325e-05
468			3.8799622702284273e-05
469			4.9405099125063645e-05
470			6.224874593169921e-05
471			7.760571913186103e-05
472			9.576851870951917e-05
473			0.00011526271432897497
474			0.00012981229254806646
475			0.00013233336640840925
476			0.00011716771224013853
477			8.97885893699273e-05
478			6.0901119907580256e-05
479			4.105426862530404e-05
480			3.484836083581884e-05
481			3.983485481433131e-05
482			5.3156437018170774e-05
483			7.150379509118526e-05
484			9.017160114216431e-05
485			0.00010418585401062716
486			0.0001090368382116676
487			0.00010441635529049109
488			9.224951869898579e-05
489			7.451294327568882e-05
490			5.4458655303176644e-05
491			3.7040904224795535e-05
492			2.7332290510184595e-05
493			2.878931988067543e-05
494			3.914883491256777e-05
495			5.488292664975156e-05
496			7.246368613611676e-05
497			8.836320441555327e-05
498			9.905357253195106e-05
499			nan
500			nan
