Nom de l'instrument : SAM_81D7
Fichier_calib_utilise: /Users/mdlemineahmedou/Documents/Stage/pipeline_LOG/data/calibration/ALL_2023/Cal_SAM_81D7.dat
Date : 2023-10-10
Heure : 10:36:23

l_onde		data
280			nan
281			nan
282			nan
283			nan
284			nan
285			nan
286			nan
287			nan
288			nan
289			nan
290			nan
291			nan
292			nan
293			nan
294			nan
295			nan
296			nan
297			nan
298			nan
299			nan
300			nan
301			nan
302			nan
303			nan
304			nan
305			nan
306			nan
307			nan
308			nan
309			nan
310			nan
311			nan
312			nan
313			nan
314			nan
315			nan
316			nan
317			nan
318			nan
319			0.012854524181804446
320			0.012969576957973074
321			0.012771971359810355
322			0.012408583334026056
323			0.012026288827329954
324			0.01177196378643182
325			0.011792483955417852
326			0.012160637204910557
327			0.012665201813674754
328			0.013026911673393437
329			0.01300210925887039
330			0.012729977470782887
331			0.012582681112563296
332			0.012929486944408215
333			0.013834383904480331
334			0.01492293952243462
335			0.0157868019988847
336			0.016157551718990935
337			0.016271049405792153
338			0.01647671259965276
339			0.01708760897668279
340			0.01805048431981212
341			0.019099974819234616
342			0.019972004382531484
343			0.02057453355472691
344			0.02105215669581738
345			0.02156667625595582
346			0.022255670433604463
347			0.02317303729901161
348			0.024354618900071057
349			0.025815764718735663
350			0.02737375845820337
351			0.028734899136582472
352			0.029611419090406634
353			0.030013871255349434
354			0.03035239849786733
355			0.031065072191180192
356			0.03242801051147462
357			0.03417109897699992
358			0.035909181576467414
359			0.03730384079862113
360			0.03845913704568915
361			0.03972302327677659
362			0.04143882666617388
363			0.043658179787600074
364			0.04604620413468139
365			0.048241430191318616
366			0.049985258369914576
367			0.051363799951881464
368			0.05253528786013472
369			0.05365173955546104
370			0.0548063910781791
371			0.056060105098229
372			0.057471314808107514
373			0.05901258046637381
374			0.06054221151207512
375			0.061910612150929946
376			0.0630221476279149
377			0.06396381894490212
378			0.06486122849449838
379			0.0658276213292608
380			0.06685730099280589
381			0.06787814198925551
382			0.06882088805661035
383			0.06977012505124383
384			0.07101887675788374
385			0.0728749827603636
386			0.07549869792997727
387			0.07853779485645618
388			0.08152888079940329
389			0.08405998798839805
390			0.0862319943856085
391			0.08844031263500027
392			0.09108218056155017
393			0.09447720841582394
394			0.09883645746861897
395			0.1043628997059712
396			0.11114370512776948
397			0.11884731502937083
398			0.12704755902261217
399			0.13532861528298928
400			0.14338346622704504
401			0.15097019054716934
402			0.157849796145365
403			0.16388891664859953
404			0.16910856831817894
405			0.17354201351773774
406			0.17729395519000327
407			0.1807418940675223
408			0.18432843496069165
409			0.18845697504277006
410			0.1930887871463835
411			0.1979062597344489
412			0.20259035502566386
413			0.20699755414459475
414			0.21125573659120467
415			0.21551605146719588
416			0.2198924451669737
417			0.22434685776691785
418			0.22880241181171404
419			0.23318389884360305
420			0.2374366473826799
421			0.24151979511666635
422			0.2453930020932811
423			0.2490350745017099
424			0.2524565001593127
425			0.25567074080396046
426			0.2587444469384834
427			0.2619796703716522
428			0.26574356473306365
429			0.27039348101648025
430			0.2761527657430776
431			0.28314774362508804
432			0.2915006801735375
433			0.3011602116495086
434			0.31176411479390365
435			0.3229178730357215
436			0.33430895413206774
437			0.34602242696717767
438			0.358263724938084
439			0.3712317415425325
440			0.38502381998742186
441			0.3996574065505052
442			0.41514714452500207
443			0.4314272521567266
444			0.4482745002760038
445			0.46544739432610543
446			0.48271426266724987
447			0.4998962194510981
448			0.5168320331992671
449			0.533362476936966
450			0.5493638934282847
451			0.5647432913923235
452			0.5794092223066769
453			0.5933696730299284
454			0.6068476704754736
455			0.6200943103985355
456			0.6333185592990833
457			0.6464757805261377
458			0.6594268980525554
459			0.6720394552423349
460			0.6843239191762859
461			0.6964268161420434
462			0.708499986078359
463			0.7206668732899391
464			0.7329824120348363
465			0.7454914111453915
466			0.7582632410203806
467			0.7715347154445094
468			0.7856125201836147
469			0.8007948051104685
470			0.8171557618581016
471			0.8345324983894321
472			0.852750671509333
473			0.8716006778223582
474			0.8907770953372142
475			0.9099583804410035
476			0.9288065011355838
477			0.9468546852206384
478			0.9635756518401166
479			0.9784513214182987
480			0.991268284574388
481			1.0021741522430625
482			1.0113375168815713
483			1.0190392828244792
484			1.0259072339131776
485			1.0326359134546943
486			1.0398947180703202
487			1.0481254814089462
488			1.0576490762636257
489			1.068771908284367
490			1.0812485283354274
491			1.0940969563348502
492			1.1062839730456024
493			1.1169782142002869
494			1.126062718218404
495			1.1335784946918999
496			1.1395665532127204
497			1.1440679033728118
498			1.14712355476412
499			nan
500			nan
