Nom de l'instrument : SAM_80E0
Fichier_calib_utilise: /Users/mdlemineahmedou/Documents/Stage/pipeline_LOG/data/calibration/ALL_2023/Cal_SAM_80E0.dat
Date : 2023-10-10
Heure : 12:04:18
Comment : LIDAR_20231010

l_onde		data
280			nan
281			nan
282			nan
283			nan
284			nan
285			nan
286			nan
287			nan
288			nan
289			nan
290			nan
291			nan
292			nan
293			nan
294			nan
295			nan
296			nan
297			nan
298			nan
299			nan
300			nan
301			nan
302			nan
303			nan
304			nan
305			nan
306			nan
307			nan
308			nan
309			nan
310			nan
311			nan
312			nan
313			nan
314			nan
315			nan
316			nan
317			77.42615944441494
318			82.47621738137738
319			88.39066734349282
320			95.06959098766447
321			102.41306997079539
322			110.32118594978873
323			118.69402058154765
324			127.42817862690848
325			136.33303263387367
326			145.1264859671619
327			153.5220083562245
328			161.18970799108052
329			167.69031207407363
330			172.56756796127428
331			175.50395312458144
332			177.11180083977723
333			178.3855856608639
334			180.28865277259342
335			183.05572212331538
336			186.20076811171901
337			189.2075823747904
338			191.7179308088423
339			193.7497027676787
340			195.37556105662202
341			196.6880276125467
342			197.90530710567415
343			199.2946264416935
344			201.11574541582823
345			203.4698263757047
346			206.30770156976502
347			209.57389618974156
348			213.12196936183366
349			216.5975357227914
350			219.61728414505944
351			221.85333034641621
352			223.3151772025085
353			224.1392763978084
354			224.4644603695367
355			224.47247761708454
356			224.38463959759613
357			224.4242961641649
358			224.93314619321575
359			226.5168060315437
360			229.81658090228763
361			235.314998556159
362			242.5488906432625
363			250.7063916154485
364			258.9759196948413
365			266.5621417148827
366			272.6844990959923
367			276.5652659802904
368			277.8909749125316
369			277.37325580471736
370			275.86079394696634
371			274.1530979062855
372			272.7584306266269
373			272.07823522124
374			272.48028889319824
375			273.6796951240894
376			274.7983596240582
377			274.9381430340839
378			273.5160075381575
379			270.6475146905236
380			266.542067758689
381			261.5239506612425
382			256.6042698158125
383			253.04826929452676
384			252.06410810478968
385			253.71688682407566
386			257.02020785756554
387			260.9493917711332
388			264.67183332224687
389			267.78817186889455
390			269.9584032732005
391			271.0527104238631
392			272.2279937381237
393			275.12786912690524
394			281.34841034912404
395			291.4824597258029
396			305.17778797350934
397			322.04395673960755
398			341.3312817906301
399			361.45537426384124
400			380.71357637756506
401			397.55011964423613
402			411.3424665650329
403			421.8333814990781
404			428.8030753973458
405			432.8367377578444
406			435.30463466618596
407			437.60814433420757
408			440.6714813776584
409			444.26333793296874
410			447.9809216318205
411			451.4512082828732
412			454.4999732592308
413			457.03442416316267
414			458.9622619016951
415			460.1970912590097
416			460.65853884591746
417			460.26678365147455
418			459.06213365544613
419			457.3914781317682
420			455.64990862247896
421			454.13214193108956
422			452.4196479324864
423			449.78506972408053
424			445.5322218888452
425			439.81980642014366
426			433.7270399657944
427			428.3783694491333
428			424.68706864326737
429			422.99245812642107
430			423.5372727017993
431			426.4904370606376
432			431.4562391443553
433			437.7782090371001
434			444.8030485692695
435			452.01393831221105
436			459.0505425548751
437			465.5612786800071
438			471.3694968232102
439			476.8099231109842
440			482.3102307449941
441			488.2528145910062
442			494.642911280484
443			501.2985112890997
444			508.03538588227474
445			514.639345408454
446			520.8593282358622
447			526.4420292650974
448			531.2009302801915
449			535.161449203023
450			538.3909463775022
451			540.9581903226086
452			542.9448657709555
453			544.4395984051465
454			545.5318005477858
455			546.3404457108401
456			547.0238425424614
457			547.7430186654249
458			548.5933904983232
459			549.4424316664914
460			550.1081472650826
461			550.4164998151174
462			550.2747275328969
463			549.637622294755
464			548.463582290572
465			546.8623020412643
466			545.1626215590563
467			543.7105439236393
468			542.7785827478209
469			542.357620173849
470			542.3710839024784
471			542.745423244084
472			543.4418477105714
473			544.4438201690307
474			545.7337574094099
475			547.2039644708689
476			548.603782180717
477			549.6698605185665
478			550.1388047789835
479			549.7470301727128
480			548.2309013759407
481			545.3607543996991
482			541.352309141213
483			536.7345638759302
484			532.0426263045391
485			527.7766712817383
486			524.3758213333052
487			522.2730478213725
488			521.7767329986245
489			522.6038295327417
490			524.2959761857385
491			526.3997497641099
492			528.5368490748884
493			530.3872259445478
494			531.632355363786
495			531.9537123233018
496			531.0327718137938
497			528.5510088259607
498			nan
499			nan
500			nan
