Nom de l'instrument : SAM_81D7
Fichier_calib_utilise: /Users/mdlemineahmedou/Documents/Stage/pipeline_LOG/data/calibration/ALL_2023/Cal_SAM_81D7.dat
Date : 2023-10-10
Heure : 11:32:05

l_onde		data
280			nan
281			nan
282			nan
283			nan
284			nan
285			nan
286			nan
287			nan
288			nan
289			nan
290			nan
291			nan
292			nan
293			nan
294			nan
295			nan
296			nan
297			nan
298			nan
299			nan
300			nan
301			nan
302			nan
303			nan
304			nan
305			nan
306			nan
307			nan
308			nan
309			nan
310			nan
311			nan
312			nan
313			nan
314			nan
315			nan
316			nan
317			nan
318			nan
319			0.05145056267356104
320			0.04995645541427394
321			0.04964705563495484
322			0.05040880756477506
323			0.05212815543290598
324			0.05469154346851893
325			0.057985415610874044
326			0.061790211824674444
327			0.06548001481071829
328			0.06833155023767745
329			0.06971353294852643
330			0.06998368581686742
331			0.07010160382082246
332			0.07102374285100255
333			0.0731320757869534
334			0.07598353800894567
335			0.07907122883887205
336			0.08200933723290556
337			0.0848484286812256
338			0.08773733451274282
339			0.09081384677192342
340			0.09410450725072128
341			0.09757144104585184
342			0.10117334050602533
343			0.1047515155298695
344			0.1079858182161701
345			0.11054438493248091
346			0.11236219153053553
347			0.11429598277917694
348			0.11740139750403614
349			0.12259079069659155
350			0.12939164322976382
351			0.13655543207058368
352			0.14284077779185345
353			0.14766053692840644
354			0.1513038920332502
355			0.15412133768340766
356			0.15650903345483805
357			0.15901715696204846
358			0.16222832340904847
359			0.16667855198050274
360			0.17246273282608374
361			0.17943260703654282
362			0.18743330814695222
363			0.19614457331642066
364			0.2050269805842381
365			0.2135260270464336
366			0.22112647510773525
367			0.22744466283235415
368			0.23212445701479933
369			0.23493764163864284
370			0.23686575048877964
371			0.23955657682583378
372			0.24462957195726023
373			0.2522560252916243
374			0.2606804994314163
375			0.26801418182009773
376			0.2728651601508319
377			0.2755233235508108
378			0.27663402206789395
379			0.27684777480859113
380			0.2768648539519287
381			0.2774133188544173
382			0.2792131218220944
383			0.2826241713030696
384			0.28751855877661947
385			0.29373366841746534
386			0.30109106693419124
387			0.30935739548791275
388			0.31828738103931986
389			0.32762831609536297
390			0.33705335159564814
391			0.3461930579110878
392			0.3547027555234877
393			0.3634032654483364
394			0.37474516326721014
395			0.3913003837860891
396			0.41468551347768684
397			0.4430626922782225
398			0.4738135284839512
399			0.5044172752286061
400			0.5333798182090582
401			0.5598212651036071
402			0.5828809112873601
403			0.6022596737119205
404			0.6184793358224465
405			0.6321267938038471
406			0.6439150733737699
407			0.6550388292931733
408			0.6668076586572308
409			0.6804075274292122
410			0.6956302769409449
411			0.711388358874324
412			0.7265866092678414
413			0.7404974283782636
414			0.7529615673827327
415			0.763868507667427
416			0.7733439629973765
417			0.7824788675937776
418			0.7926106419827093
419			0.804937470239574
420			0.8189442478075905
421			0.8329638462011267
422			0.8453192762921559
423			0.8551658013943466
424			0.8630358350137559
425			0.8695910622702959
426			0.8756071962885741
427			0.8823646120562709
428			0.8912832522072881
429			0.903725631237877
430			0.9202693211876446
431			0.9409235806989675
432			0.965682003087599
433			0.9942649643050653
434			1.0259036818300171
435			1.0597785574314065
436			1.0950983920119763
437			1.1312097143532658
438			1.1675007471554137
439			1.2034384613498033
440			1.239707579693504
441			1.2779509180275235
442			1.3198274645152246
443			1.3657884004221572
444			1.4139203939597087
445			1.4620358074956763
446			1.5082801033665725
447			1.5525887361865416
448			1.595495828980759
449			1.6375025889167185
450			1.6785148618379324
451			1.7179252111138155
452			1.7551118440119542
453			1.7899066180787797
454			1.8231224599717253
455			1.8557003537639554
456			1.8884514025605774
457			1.9214048721769288
458			1.9542988797354706
459			1.986868232658383
460			2.0187883224227643
461			2.0496779782601933
462			2.0791549587565514
463			2.107203029400567
464			2.134689019251588
465			2.1626102695349827
466			2.191885101837989
467			2.22289313775091
468			2.2557892062524365
469			2.2907276273135886
470			2.327868841205995
471			2.367379767191885
472			2.409427047944192
473			2.453799054104556
474			2.499256212781754
475			2.5443859980526247
476			2.5878004459067125
477			2.62830337009473
478			2.6647887210483323
479			2.696179657501454
480			2.722314259975311
481			2.7441147496710565
482			2.7625661720447647
483			2.7786324563175184
484			2.7932123134151055
485			2.8071919025314926
486			2.8215348607257025
487			2.8379059549571948
488			2.8583426370379605
489			2.884826001120705
490			2.916864756505695
491			2.950667853205458
492			2.982214682547418
493			3.008384542302465
494			3.0292416683300996
495			3.0455545609239407
496			3.0580917203776097
497			3.067621646984727
498			3.074912841038912
499			nan
500			nan
