Nom de l'instrument : SAM_81D7
Fichier_calib_utilise: /Users/mdlemineahmedou/Documents/Stage/pipeline_LOG/data/calibration/ALL_2023/Cal_SAM_81D7.dat
Date : 2023-10-10
Heure : 10:21:46

l_onde		data
280			nan
281			nan
282			nan
283			nan
284			nan
285			nan
286			nan
287			nan
288			nan
289			nan
290			nan
291			nan
292			nan
293			nan
294			nan
295			nan
296			nan
297			nan
298			nan
299			nan
300			nan
301			nan
302			nan
303			nan
304			nan
305			nan
306			nan
307			nan
308			nan
309			nan
310			nan
311			nan
312			nan
313			nan
314			nan
315			nan
316			nan
317			nan
318			nan
319			0.04829474515323475
320			0.051314369400325875
321			0.05420152808280505
322			0.057080226398577356
323			0.06007446954554794
324			0.06330826272162188
325			0.06690561087007493
326			0.07089741551032765
327			0.0749576740670622
328			0.07867487516149173
329			0.08167720121862192
330			0.08401959673643782
331			0.08601671713441245
332			0.08798533345036567
333			0.09016525905514948
334			0.09268578540707484
335			0.09566764855763092
336			0.09914448334121058
337			0.10283603375051573
338			0.10639135998930647
339			0.10949652807851556
340			0.11221053640851787
341			0.11480832059449825
342			0.1175638152396113
343			0.12058956324318665
344			0.12377611563614396
345			0.12699788436833392
346			0.13019358973030914
347			0.1335240984080564
348			0.13719821057389345
349			0.14138889776379807
350			0.14592283877623213
351			0.15043266985135353
352			0.15455378457375607
353			0.15812565115430346
354			0.16126108857487906
355			0.16409204508678932
356			0.16679219421961058
357			0.16967593972665015
358			0.17308732441694558
359			0.17734552015117952
360			0.1825342431094563
361			0.18860742697603666
362			0.1955136865796296
363			0.20304048708033837
364			0.2107617616347691
365			0.21823674733123988
366			0.22504955224018286
367			0.23086762557926843
368			0.23537585349921408
369			0.23833430644011402
370			0.24021409438101862
371			0.24187792631585683
372			0.2441789239860115
373			0.24740926168055247
374			0.2511147934780815
375			0.254789689822453
376			0.2579817079919519
377			0.2604199744934857
378			0.2618719495347675
379			0.2621600430662213
380			0.26163556569874485
381			0.260945219981476
382			0.26073671063920173
383			0.26156277042726306
384			0.26384745628210016
385			0.2680056424790601
386			0.27414768180348914
387			0.2813264877891012
388			0.28836559904733944
389			0.2942128318871659
390			0.29905538665330683
391			0.303792259771458
392			0.309331347549872
393			0.3166000918356615
394			0.3265532655927279
395			0.34014766252567397
396			0.3579064789095902
397			0.3787850649403374
398			0.4013845162440489
399			0.4243260487698733
400			0.4464424224596758
401			0.466692961495568
402			0.48405028476248074
403			0.49808356007295895
404			0.5092338715742076
405			0.5180114653133221
406			0.5250003449218293
407			0.5310661593688351
408			0.5371417731972808
409			0.5440829213064892
410			0.5518755873096184
411			0.5599571307859224
412			0.5677601852885847
413			0.5749481948749748
414			0.5815414973259618
415			0.5875910303653852
416			0.5931585679995498
417			0.5983501601361246
418			0.6032831633259951
419			0.6080603587039588
420			0.612605178635616
421			0.6167204604683987
422			0.620207732150035
423			0.6229356703433235
424			0.6248840644711403
425			0.6260431339921662
426			0.6265602866227554
427			0.6272786093484316
428			0.6292335839545382
429			0.6334207788042271
430			0.6402901702491443
431			0.6498967155577707
432			0.6622834037758327
433			0.6772043137838291
434			0.6938962701668707
435			0.7115423630956154
436			0.7294523759196371
437			0.7475505185734426
438			0.7659470043791021
439			0.7847599713772581
440			0.8042294903696935
441			0.8246915654449982
442			0.8464823447834919
443			0.8696332922729527
444			0.8935793940128496
445			0.9176864390463626
446			0.9413728912565149
447			0.9643402753651177
448			0.9863847866602741
449			1.0073069634678542
450			1.0269836951953688
451			1.0453576962720559
452			1.0623746080433616
453			1.0781224632927835
454			1.0929972321027854
455			1.1074350791295593
456			1.1218020779471778
457			1.1360423787139913
458			1.1499430113632234
459			1.1632973291786162
460			1.1760375989680125
461			1.1882283291596656
462			1.1999394489228528
463			1.2112930016645065
464			1.2225367666299418
465			1.2339371061621798
466			1.2457590090675918
467			1.2582581003512652
468			1.2716860976238982
469			1.2862883427909764
470			1.302147668466766
471			1.3191748738577254
472			1.3372723434869038
473			1.3562490364010302
474			1.3756600305606252
475			1.3950176880549499
476			1.4138162387992825
477			1.4314083379149112
478			1.4470800995333983
479			1.460131422020647
480			1.4703141633751842
481			1.4779157331915647
482			1.4832546447969064
483			1.4867747601192387
484			1.4893070850103198
485			1.491757133965295
486			1.4950104708002943
487			1.4997721172168499
488			1.506651127947587
489			1.5162335634494828
490			1.5281915494056573
491			1.5409774318377218
492			1.5529586985954726
493			1.5628328656649184
494			1.5704654806524314
495			1.5759803703224922
496			1.5795013614395808
497			1.5811522807681773
498			1.5810569550727618
499			nan
500			nan
