Nom de l'instrument : SAM_877E
Fichier_calib_utilise: /Users/mdlemineahmedou/Documents/Stage/pipeline_LOG/data/calibration/ALL_2023/Cal_SAM_877E.dat
Date : 2023-10-10
Heure : 12:19:32

l_onde		data
280			3.005019367833261
281			3.159693069511874
282			3.3338406112234376
283			3.505146589455612
284			3.66053250520183
285			3.7953227682719555
286			3.914746055122485
287			4.0367414168697575
288			4.1670294962299375
289			4.284820033988315
290			4.380342401384628
291			4.488667013300715
292			4.641378611267621
293			4.8083582454673905
294			4.947025619052085
295			5.070484550157734
296			5.217724359357663
297			5.410660305782472
298			5.66055128810386
299			6.035606745637134
300			6.666583696678563
301			7.645128929665547
302			8.99288085457011
303			10.742923236760932
304			12.973822815851367
305			15.760948772279422
306			19.13908490439827
307			23.136348527655432
308			27.801956115012526
309			33.18717967834948
310			39.280286228951496
311			46.022001783728605
312			53.16091584512888
313			60.28426092770494
314			67.2601170883728
315			74.32951862358928
316			81.61849241155433
317			88.97913621799565
318			96.20959279330707
319			103.04146287331123
320			109.37435968957962
321			115.95079247816523
322			123.67115214634411
323			132.78294200716618
324			143.2263390874741
325			154.76758714966851
326			167.0233680295358
327			178.8492912471531
328			188.37101483078942
329			194.9675712639537
330			199.89986108757157
331			203.91683600462318
332			206.31779470766867
333			206.71212140546697
334			206.38932995496754
335			206.8182084572034
336			208.57450250503013
337			211.87734399802315
338			216.39141603537033
339			221.4951588315218
340			226.37575770359518
341			230.1096874721886
342			232.474645573543
343			233.99947062565428
344			235.2740657616055
345			236.92635251380997
346			239.50656551472872
347			243.37689919161562
348			248.70065899506167
349			255.03312914680956
350			261.8447664816742
351			268.8739241643125
352			275.7923041147401
353			280.92382360859705
354			282.09351986317154
355			279.7800404288167
356			276.42147578016386
357			273.8432397784383
358			273.1545348110324
359			275.3693981257008
360			281.40535798313573
361			291.41907322038713
362			303.8183280603312
363			316.9982562344743
364			330.17787860023446
365			342.68301161703846
366			353.44594948231554
367			361.3007443262325
368			365.35535017367175
369			364.94855524281417
370			360.7159963204502
371			354.25471898235156
372			347.7437850936222
373			343.9308852086446
374			344.63334871391294
375			350.21970382999615
376			359.6452166956186
377			369.0216566433508
378			374.3772701602021
379			372.70469248054883
380			362.40947216458613
381			347.9164871532916
382			335.1146907188613
383			326.8921204601848
384			324.65572712309444
385			328.5432154966877
386			337.790372207636
387			350.32900100574454
388			362.8696890276344
389			372.46745788189634
390			376.7281650680963
391			375.0711188439994
392			370.4046748370036
393			366.37886193023814
394			367.60987758455434
395			378.1222845976366
396			398.64448895381014
397			428.6580482865287
398			465.3107702334103
399			504.71838171733697
400			541.9910866285915
401			571.8480659344563
402			592.1911843960827
403			603.6118446245381
404			608.346109219326
405			610.4480595065687
406			612.8285066513065
407			616.3173580993754
408			621.3730641852627
409			628.0352484260466
410			636.082962000063
411			644.592423025858
412			652.5339688686366
413			659.1365651586415
414			663.780548418439
415			666.3755304618791
416			667.1142122423608
417			666.5795830788694
418			665.6072942576235
419			664.7987334526971
420			664.5141042211103
421			664.5870038965605
422			664.1573179589092
423			662.528134596645
424			659.405992315955
425			654.3299335562291
426			646.2564602412191
427			634.9674458582158
428			623.9493879194597
429			617.2747524317077
430			616.9922996487851
431			624.1864271835266
432			637.9520050812652
433			656.2177391171973
434			675.1813474380613
435			689.928600419734
436			699.4338669876526
437			706.6960469634225
438			714.0615221548525
439			722.6674713632177
440			733.0573065780549
441			744.761859954046
442			756.973746852632
443			768.2607016559632
444			777.6067633634059
445			786.2168975349615
446			795.6572949447853
447			806.1306696162184
448			817.1811436919786
449			827.0555348754104
450			833.4553874356168
451			836.2696991137861
452			837.0265898667576
453			837.1051046444301
454			837.6758783663441
455			839.3008271913361
456			841.6815414331373
457			844.4539489342294
458			847.2557568041652
459			849.8411092876909
460			852.293091864477
461			854.5266341224595
462			855.5380229124206
463			854.3549863327504
464			851.562745684423
465			848.2677685924878
466			845.1776583724021
467			842.7918059586692
468			841.5651389958995
469			841.8989870690788
470			843.6845247702962
471			846.3203505966375
472			849.3445759791123
473			852.5092114500063
474			855.6089395907682
475			858.4898727359084
476			861.1390611639632
477			863.8909051236262
478			866.8821837420826
479			869.3319051633755
480			870.1756961481597
481			867.9601897918387
482			861.375539560678
483			851.1314727118208
484			838.9421193264961
485			827.5053107402539
486			820.0230608133363
487			817.7941898614797
488			820.4510360826245
489			826.5371717272371
490			833.4126522039996
491			839.4020937847179
492			844.4536510441577
493			848.5466511166518
494			851.4194697039754
495			852.7732813243884
496			852.2918594621707
497			849.6557205664141
498			844.5453810862106
499			nan
500			nan
