Nom de l'instrument : SAM_81D7
Fichier_calib_utilise: /Users/mdlemineahmedou/Documents/Stage/pipeline_LOG/data/calibration/ALL_2023/Cal_SAM_81D7.dat
Date : 2023-10-10
Heure : 12:21:33

l_onde		data
280			nan
281			nan
282			nan
283			nan
284			nan
285			nan
286			nan
287			nan
288			nan
289			nan
290			nan
291			nan
292			nan
293			nan
294			nan
295			nan
296			nan
297			nan
298			nan
299			nan
300			nan
301			nan
302			nan
303			nan
304			nan
305			nan
306			nan
307			nan
308			nan
309			nan
310			nan
311			nan
312			nan
313			nan
314			nan
315			nan
316			nan
317			nan
318			nan
319			0.0008530425298935406
320			0.0006874138690185346
321			0.0005928321210459353
322			0.000546744116327086
323			0.0005265966852133312
324			0.0005098366580560143
325			0.00047391090053347366
326			0.0004091833436951092
327			0.00035553439534318317
328			0.00036470785947394533
329			0.0004802260443503592
330			0.0006572190602877586
331			0.0007970249385138121
332			0.000801785400921512
333			0.00065075529696289
334			0.00043393465166029015
335			0.00024989191716207374
336			0.0001726138428809143
337			0.00018750091480956496
338			0.0002600052422599564
339			0.0003567507154851715
340			0.0004561700449790284
341			0.0005435335452622567
342			0.0006043463404733668
343			0.0006308256577147983
344			0.0006244211210623819
345			0.0005872543239714815
346			0.0005262500982693596
347			0.0004649255572677432
348			0.0004303780024519468
349			0.00044708891641393947
350			0.0005142572374471419
351			0.000616915018303826
352			0.0007398016508768721
353			0.0008619636271629723
354			0.0009548220003455767
355			0.000989266261464493
356			0.0009481912403338726
357			0.0008549831446984919
358			0.0007415560320802359
359			0.0006386429857251428
360			0.0005657966908542976
361			0.0005364072293630322
362			0.0005633863856906604
363			0.0006428149017693325
364			0.00074847148032379
365			0.0008525995900680796
366			0.0009281855825205313
367			0.0009507051642594579
368			0.0008961548736365546
369			0.0007472080186966497
370			0.0005496820468213179
371			0.0003841705063047747
372			0.0003301917822132764
373			0.00040826492829438936
374			0.0005604125309605268
375			0.0007232220702624382
376			0.0008448198868678051
377			0.0009123865830275018
378			0.0009213571621942872
379			0.00086939051990175
380			0.000775550892861514
381			0.0006708574380411667
382			0.0005861110326263125
383			0.000537187644141788
384			0.0005197417475623204
385			0.0005279892983095985
386			0.000557704149387878
387			0.0006100698936980216
388			0.0006874435803620155
389			0.0007891348048631308
390			0.0008840618256630294
391			0.0009236887191755345
392			0.000860450224723606
393			0.0007011639659677309
394			0.0005286927947812363
395			0.00043156279387541086
396			0.0004694256753377583
397			0.00059752623901084
398			0.0007475185596884368
399			0.0008560300195883184
400			0.0009119770873749236
401			0.0009355601666253538
402			0.0009472515158339022
403			0.0009598167048617713
404			0.0009747572020115402
405			0.0009926809909263973
406			0.0010141479569911371
407			0.0010395343210857237
408			0.0010691724719599975
409			0.0011039902693073275
410			0.0011516303921137463
411			0.0012239711109716294
412			0.0013326300389836212
413			0.0014697296662210283
414			0.0015972478969471973
415			0.0016745780491864844
416			0.0016784875664046372
417			0.00165673272672901
418			0.001675198076737854
419			0.0017932979185847572
420			0.001990830906778262
421			0.0021940617322697654
422			0.002329017029670714
423			0.0023762618062010514
424			0.0024066071609723243
425			0.0024993354971030546
426			0.0027094626026652868
427			0.0029846057789059853
428			0.0032426805502772118
429			0.0034080977017509275
430			0.0034940534865968184
431			0.0035780265404246944
432			0.003738504637479333
433			0.004014934451465461
434			0.004376864883764581
435			0.004786583579736055
436			0.0052091795327624865
437			0.005623327492885685
438			0.006011814982646571
439			0.006361140933303891
440			0.0067151897371740665
441			0.007162995062639659
442			0.007794253964915477
443			0.008629450721665885
444			0.009553572358197183
445			0.010435886938972188
446			0.011177023717397946
447			0.01184613878957105
448			0.012568752571361898
449			0.01346366553785652
450			0.014528967559651175
451			0.015658679540772165
452			0.016743713486144177
453			0.01773035474105499
454			0.018684639649163608
455			0.019688235464541737
456			0.020809904402788727
457			0.022040724932188133
458			0.02334284684010164
459			0.024678932857119286
460			0.02602349035468509
461			0.02736230245662113
462			0.028681683979152186
463			0.029994014462549092
464			0.03137455971535866
465			0.03290787980687941
466			0.03466202241429505
467			0.03659246540566064
468			0.03860771270894064
469			0.04061978825738068
470			0.04263461591123986
471			0.044757522613000894
472			0.047098526926250606
473			0.0497119555857268
474			0.05250079435839217
475			0.055342565667750816
476			0.058126170361355874
477			0.06082935125586292
478			0.06347160741836351
479			0.06607213511295834
480			0.0686327469487316
481			0.07113465669470136
482			0.0735578912747378
483			0.07589624100173799
484			0.07818600493933767
485			0.08047166326717514
486			0.0827987780511045
487			0.08522270180195725
488			0.08780399113117497
489			0.09060101070354083
490			0.09357951716701972
491			0.09658166822286983
492			0.09944102348333565
493			0.10203279390327673
494			0.1043796023696473
495			0.10653666800143236
496			0.10855920991761682
497			0.11050244723718562
498			0.11242159907912369
499			nan
500			nan
