Nom de l'instrument : SAM_80E0
Fichier_calib_utilise: /Users/mdlemineahmedou/Documents/Stage/pipeline_LOG/data/calibration/ALL_2023/Cal_SAM_80E0.dat
Date : 2023-10-10
Heure : 11:47:55
Comment : LIDAR_20231010

l_onde		data
280			nan
281			nan
282			nan
283			nan
284			nan
285			nan
286			nan
287			nan
288			nan
289			nan
290			nan
291			nan
292			nan
293			nan
294			nan
295			nan
296			nan
297			nan
298			nan
299			nan
300			nan
301			nan
302			nan
303			nan
304			nan
305			nan
306			nan
307			nan
308			nan
309			nan
310			nan
311			nan
312			nan
313			nan
314			nan
315			nan
316			nan
317			86.99264088206954
318			92.09969660432702
319			98.46742094701199
320			105.90813784992922
321			114.23417125288333
322			123.25784509567907
323			132.79148331812118
324			142.64688398274194
325			152.6226513616173
326			162.50355509855612
327			172.07345526856906
328			181.01436140691004
329			188.7513615285232
330			194.66966022791712
331			198.32282847077474
332			200.39293370301795
333			202.0258196739743
334			204.33283994585065
335			207.6152613982872
336			211.3730248764572
337			215.07243016141865
338			218.33107855068917
339			221.1268075583511
340			223.48991455056503
341			225.47814876674053
342			227.32299445863433
343			229.32370078458578
344			231.77223644721917
345			234.80498587833026
346			238.41085951678733
347			242.57237045591384
348			247.13292889152495
349			251.6179618151082
350			255.50866370568716
351			258.36843960233347
352			260.2611160823552
353			261.43881354725625
354			262.15240437457743
355			262.6210556128966
356			263.03470617272785
357			263.58301041387483
358			264.6265190806204
359			266.90688062483736
360			271.2172783548894
361			278.1607431599661
362			287.2077371927418
363			297.41112170323265
364			307.8214765764851
365			317.45773962373136
366			325.3100770545826
367			330.3706141502281
368			332.23967116145286
369			331.86048223907716
370			330.3558289391031
371			328.7680373216015
372			327.66294153018316
373			327.431613302372
374			328.4283918454789
375			330.29721248682176
376			332.0363433779712
377			332.62228250016165
378			331.3843737275312
379			328.4342418339668
380			323.98859410990246
381			318.40844054865516
382			312.9175155630027
383			309.05877834468413
384			308.306184631076
385			310.75159425342235
386			315.21547856344546
387			320.47194846310833
388			325.5110682039214
389			329.8100087219475
390			332.9126768107808
391			334.63328612620074
392			336.4408079145408
393			340.43014424202573
394			348.635062324912
395			361.79926339972934
396			379.4511710718821
397			401.07017740513436
398			425.6998810837557
399			451.37131872609365
400			475.97205749232126
401			497.57161609921275
402			515.3955051423104
403			529.1217341013305
404			538.4747720519914
405			544.1778537717303
406			547.9282866661432
407			551.4620025167862
408			555.9300228627388
409			561.0669222653389
410			566.3970684636189
411			571.4745766406618
412			576.0522230841605
413			579.9641595950895
414			583.0470010791239
415			585.1902306480249
416			586.3372558369318
417			586.4342175035046
418			585.557339952213
419			584.1148335571486
420			582.5671052283249
421			581.2523666325866
422			579.6405294724492
423			576.825542696011
424			571.9408097581298
425			565.2002066410217
426			557.9810266179765
427			551.7177287195599
428			547.5780378950157
429			546.0047153470434
430			547.3185242026377
431			551.7445390520514
432			558.7758309302143
433			567.5674204729928
434			577.2782011883378
435			587.2368702791651
436			596.9668183729195
437			606.0023431323524
438			614.1144264917126
439			621.7659428518651
440			629.5455241428621
441			637.9767961776643
442			647.0418986069367
443			656.4541417331224
444			665.9248606674179
445			675.1641944885885
446			683.8808103550238
447			691.7833120350914
448			698.6528710551156
449			704.5009396426997
450			709.3845428591181
451			713.3658316364596
452			716.5539729660818
453			719.0833994570689
454			721.089412797283
455			722.7330391512365
456			724.2095345576171
457			725.7165188794855
458			727.3697102402912
459			729.0002882988676
460			730.37768169563
461			731.282203464477
462			731.6053378475389
463			731.3036143360009
464			730.3379364320997
465			728.8480370822141
466			727.2326751200542
467			725.9108958095358
468			725.2164079869993
469			725.1558882675805
470			725.6576847479873
471			726.6529759294381
472			728.1055009161406
473			729.9998439924623
474			732.3187532750347
475			734.9058153427384
476			737.3838340309117
477			739.3560144226167
478			740.4413062381866
479			740.3256346436922
480			738.7127305000612
481			735.3459135061638
482			730.487534067793
483			724.7650233742045
484			718.8136762194059
485			713.2912793405411
486			708.894928768671
487			706.3256810373291
488			706.0895354516543
489			707.7665466964895
490			710.6622972761671
491			714.0918651764766
492			717.5146337567941
493			720.5018873332428
494			722.6278361395331
495			723.4666904093751
496			722.5926603764792
497			719.5799562745559
498			nan
499			nan
500			nan
