Nom de l'instrument : SAM_81D7
Fichier_calib_utilise: /Users/mdlemineahmedou/Documents/Stage/pipeline_LOG/data/calibration/ALL_2023/Cal_SAM_81D7.dat
Date : 2023-10-10
Heure : 11:31:15

l_onde		data
280			nan
281			nan
282			nan
283			nan
284			nan
285			nan
286			nan
287			nan
288			nan
289			nan
290			nan
291			nan
292			nan
293			nan
294			nan
295			nan
296			nan
297			nan
298			nan
299			nan
300			nan
301			nan
302			nan
303			nan
304			nan
305			nan
306			nan
307			nan
308			nan
309			nan
310			nan
311			nan
312			nan
313			nan
314			nan
315			nan
316			nan
317			nan
318			nan
319			0.11167304565692762
320			0.11961419976957942
321			0.12638352171503278
322			0.13228033890389132
323			0.13760397874675884
324			0.142653768654239
325			0.14772903605203186
326			0.1531346282600703
327			0.15919655264560414
328			0.16624588620202152
329			0.1745208287084996
330			0.1832610242835826
331			0.1910984346222822
332			0.19668193483048882
333			0.19991743988629906
334			0.20251614884528044
335			0.20632892793032764
336			0.21257367390037724
337			0.22018722103981306
338			0.22759274054668743
339			0.23337643691171342
340			0.23776751015375536
341			0.24194649603991153
342			0.2470867605192245
343			0.2535282146469316
344			0.260464364770182
345			0.26700536990227564
346			0.2725708856307881
347			0.27764969088909813
348			0.282961253968304
349			0.28917295475421645
350			0.2964487256587139
351			0.30467039604838914
352			0.31370609634111474
353			0.32298246689418675
354			0.3313347876853111
355			0.3375570769169219
356			0.34112893489219404
357			0.3438422801641546
358			0.3479760263865007
359			0.3555771781149875
360			0.3664972339797706
361			0.37937753604156943
362			0.3928630879964572
363			0.4062618258426438
364			0.41976010663798563
365			0.4336046967768888
366			0.447672176210296
367			0.4605986526493018
368			0.47076069776416185
369			0.4767863823101049
370			0.4796822765255666
371			0.4817648891312784
372			0.48532974365977544
373			0.4912509173759881
374			0.4985113049158261
375			0.5059628322071992
376			0.5125805466874622
377			0.5177562110829439
378			0.5209696639161265
379			0.521814352104266
380			0.5209772227716553
381			0.5197559448090034
382			0.5194499068982438
383			0.5211470652091107
384			0.5256489097907742
385			0.5337364982183345
386			0.5456275903017495
387			0.5595839158603976
388			0.5734429115674021
389			0.5852687549132729
390			0.5953868412492892
391			0.6054212158730501
392			0.6170139799654747
393			0.6319268020295422
394			0.6520885451627002
395			0.679440497275275
396			0.7150958845994063
397			0.7571737429796939
398			0.8031165714236906
399			0.8503732458110715
400			0.8964596881116155
401			0.9389319331687702
402			0.9753749115541974
403			1.0048331289642092
404			1.0284844071299581
405			1.047675785471033
406			1.0637653490732462
407			1.0781533611986178
408			1.0922501510678002
409			1.1073749297773527
410			1.1238194162443802
411			1.1412272051310801
412			1.1592284179725307
413			1.1772555152063058
414			1.1944353212447492
415			1.2098684553743508
416			1.2229802861497787
417			1.2345230732076715
418			1.24558792155174
419			1.2571680228133106
420			1.2690517550447986
421			1.280217373563524
422			1.2896366685205618
423			1.2969004786310228
424			1.3026239986903971
425			1.3075185787025212
426			1.312412707103957
427			1.3186533002372447
428			1.3277306491832712
429			1.3410780956253012
430			1.3593505799778192
431			1.3826394652035818
432			1.4110204091506138
433			1.4442825100467134
434			1.4817018201549215
435			1.5225010945017947
436			1.5658715262131508
437			1.6108512419983556
438			1.6564320312619114
439			1.7017011671560591
440			1.747222797607981
441			1.794723034319306
442			1.845948169425413
443			1.9012502834460463
444			1.9582520209527006
445			2.014259386171414
446			2.067068186171141
447			2.1171063006378454
448			2.1656819140225094
449			2.214024222567893
450			2.261940790946944
451			2.308013543973223
452			2.3507891433928396
453			2.389715944615663
454			2.4261923157427265
455			2.4618711569799636
456			2.4981116056226313
457			2.5345044505978334
458			2.5699819648950566
459			2.6035207079082228
460			2.6350544062682126
461			2.6654279818782123
462			2.6955217483063634
463			2.725965449828867
464			2.756784283070206
465			2.7879140956814603
466			2.8193563958515204
467			2.851560318870053
468			2.8851617890847985
469			2.9207909759531976
470			2.9589151752230145
471			2.9998292634584223
472			3.0438190775394838
473			3.09068690113163
474			3.1389209757331473
475			3.1867884532886266
476			3.2326283780976826
477			3.2753411251289415
478			3.314090898082306
479			3.348049063405882
480			3.3765666297636234
481			3.3992074736697733
482			3.415548237645119
483			3.426004505586957
484			3.433582963757631
485			3.4417889747779844
486			3.453909531791369
487			3.4712555103764533
488			3.494087382923106
489			3.522621762896609
490			3.5556636077044574
491			3.590133813224175
492			3.62282220882965
493			3.6511063685297382
494			3.674444005094251
495			3.6927527987104534
496			3.7059504295656147
497			3.7139545778470024
498			3.716682923741882
499			nan
500			nan
