Nom de l'instrument : SAM_80E0
Fichier_calib_utilise: /Users/mdlemineahmedou/Documents/Stage/pipeline_LOG/data/calibration/ALL_2023/Cal_SAM_80E0.dat
Date : 2023-10-10
Heure : 12:03:26
Comment : LIDAR_20231010

l_onde		data
280			nan
281			nan
282			nan
283			nan
284			nan
285			nan
286			nan
287			nan
288			nan
289			nan
290			nan
291			nan
292			nan
293			nan
294			nan
295			nan
296			nan
297			nan
298			nan
299			nan
300			nan
301			nan
302			nan
303			nan
304			nan
305			nan
306			nan
307			nan
308			nan
309			nan
310			nan
311			nan
312			nan
313			nan
314			nan
315			nan
316			nan
317			83.52897794063982
318			89.08155826586392
319			95.36736199374178
320			102.3370183612627
321			109.94115660541587
322			118.13040596319058
323			126.85539567157609
324			136.06139104688475
325			145.55908143274564
326			155.01804368794902
327			164.10108052806538
328			172.43032433068
329			179.5253151347256
330			184.8896669742949
331			188.17310144149465
332			190.00464415336756
333			191.41578365754415
334			193.40773803617603
335			196.27106593116974
336			199.59335194058787
337			202.93256946338636
338			205.9506466831674
339			208.5570194040185
340			210.69716703853138
341			212.35876083760854
342			213.79649206508168
343			215.36920247228258
344			217.4261206724652
345			220.11034224899257
346			223.36957503278737
347			227.14337081305564
348			231.2628747177317
349			235.31141893814672
350			238.83786406883692
351			241.45784663441177
352			243.19347300501713
353			244.21979213178034
354			244.7139610084926
355			244.88967209369784
356			244.99429873312798
357			245.2770456986701
358			246.108195239063
359			248.1280315051318
360			252.01335030599589
361			258.2731510293479
362			266.41701910941833
363			275.5860359279782
364			284.91995072427665
365			293.5438672359711
366			300.56957229425296
367			305.1109662349117
368			306.80757716133576
369			306.4595360602668
370			305.0221463655762
371			303.3943279440498
372			302.1410730217799
373			301.7048995583905
374			302.49053826849
375			304.1702229580542
376			305.75044049169065
377			306.2152037534679
378			304.90682854127465
379			301.9620101014858
380			297.6241513753308
381			292.26380409155723
382			287.0116884421886
383			283.27980170401435
384			282.41654655033295
385			284.4969808095164
386			288.424813810087
387			293.0611017160352
388			297.4790977498494
389			301.2306890883115
390			303.9333379626962
391			305.44131421815956
392			307.0585704544989
393			310.6374182096275
394			317.9765112235767
395			329.7422573304688
396			345.53445758306094
397			364.909801053463
398			387.022288053528
399			410.0902751194242
400			432.1995478466741
401			451.5993518549687
402			467.5774424858851
403			479.8280870115663
404			488.08847314291364
405			493.01906047527734
406			496.18075389307114
407			499.1701439857877
408			503.03704042459157
409			507.50714172134786
410			512.1096425981218
411			516.4101992094817
412			520.2179665613309
413			523.4418415997482
414			525.9906713999754
415			527.764940722995
416			528.6566049506401
417			528.5575775970527
418			527.5060407969456
419			525.9134689496763
420			524.2500273602877
421			522.866866353353
422			521.2694347300751
423			518.5970033725008
424			514.0253893217487
425			507.7331331021247
426			500.9784749146666
427			495.07271077600035
428			491.081923427445
429			489.40572384230484
430			490.33156804324335
431			494.05981326221905
432			500.12452349867175
433			507.7520583816077
434			516.1728968874676
435			524.7897998480818
436			533.2030629275885
437			541.0240098729668
438			548.0604729015968
439			554.6947319093476
440			561.413477700113
441			568.6509733499088
442			576.4047708922124
443			584.455610273506
444			592.5820122365423
445			600.5399072986446
446			608.0574248805995
447			614.8610103400586
448			620.7474690432082
449			625.7368811626212
450			629.8935132293354
451			633.2831063648455
452			635.9849270865855
453			638.0855102260239
454			639.6727532902207
455			640.8876358097251
456			641.9417700828451
457			643.0516538230755
458			644.3494239972233
459			645.6741361619845
460			646.8012408511673
461			647.5158631347626
462			647.7019420293548
463			647.3012316807201
464			646.2598643001506
465			644.7075919778827
466			643.0401314069239
467			641.6740291283439
468			640.9347887214926
469			640.799012565583
470			641.1597366133029
471			641.9150919071926
472			643.0218227364877
473			644.4741973787721
474			646.265343266528
475			648.2762796225574
476			650.2101636072925
477			651.7543636721217
478			652.5958489818979
479			652.4198901933912
480			650.9113064080847
481			647.7948070869069
482			643.3180874612848
483			638.0967054965571
484			632.7535381317114
485			627.8827668322681
486			624.0284218254183
487			621.7294804848524
488			621.3713995117148
489			622.6108667118956
490			624.8885453220144
491			627.6517072305031
492			630.4481170283956
493			632.9034659236457
494			634.6454827015938
495			635.3018961475802
496			634.5004350469452
497			631.8688281850294
498			nan
499			nan
500			nan
