Nom de l'instrument : SAM_81D7
Fichier_calib_utilise: /Users/mdlemineahmedou/Documents/Stage/pipeline_LOG/data/calibration/ALL_2023/Cal_SAM_81D7.dat
Date : 2023-10-10
Heure : 10:16:08

l_onde		data
280			nan
281			nan
282			nan
283			nan
284			nan
285			nan
286			nan
287			nan
288			nan
289			nan
290			nan
291			nan
292			nan
293			nan
294			nan
295			nan
296			nan
297			nan
298			nan
299			nan
300			nan
301			nan
302			nan
303			nan
304			nan
305			nan
306			nan
307			nan
308			nan
309			nan
310			nan
311			nan
312			nan
313			nan
314			nan
315			nan
316			nan
317			nan
318			nan
319			0.05194277341326569
320			0.05351760846200245
321			0.05624515667809172
322			0.05978038901509377
323			0.0637782764265689
324			0.06789378986607743
325			0.07178190052144218
326			0.0751832360365595
327			0.07816678082941145
328			0.08088018861675508
329			0.08345697397492348
330			0.08587863659880793
331			0.08803416579533721
332			0.08981675633072887
333			0.09139129165815191
334			0.09331283796994476
335			0.09616664346554725
336			0.10027582389605219
337			0.10501883571169451
338			0.1095614114161167
339			0.11314275825076278
340			0.11574253753041125
341			0.11776915210797566
342			0.119634801118329
343			0.12168781715739031
344			0.12418868535447893
345			0.12739149003414676
346			0.13143669552622883
347			0.13607227784566892
348			0.14096152411007262
349			0.14578985532336328
350			0.15045662204045512
351			0.15498104864806403
352			0.15937980840308769
353			0.16350816419561698
354			0.1670051754169366
355			0.16949482989007522
356			0.17094006247354285
357			0.1724470021305813
358			0.1753625448244573
359			0.18086793199584775
360			0.18857613765144313
361			0.19723571128614206
362			0.20560226907336665
363			0.21308595941916225
364			0.2199642212440072
365			0.22657417229259802
366			0.23308710156293105
367			0.23911861601633555
368			0.24416806083001596
369			0.24781908182976964
370			0.25045258042239826
371			0.2528885397858607
372			0.2559390611142094
373			0.25990498582415694
374			0.26440694276873467
375			0.2690184448156419
376			0.2732917526926553
377			0.276707197440618
378			0.27872990723978347
379			0.2789395085354731
380			0.2780176931336426
381			0.2772616582598367
382			0.2779599950232325
383			0.2807455629131434
384			0.285362782402009
385			0.2914928601146626
386			0.29875554441159946
387			0.3065571721760248
388			0.3142577880422607
389			0.32129452631152716
390			0.32787331330793534
391			0.3346416036738445
392			0.3422571681332359
393			0.3516111900277174
394			0.3639212406055213
395			0.3804291841707639
396			0.4018584594096005
397			0.42705792846051716
398			0.45445289319220505
399			0.48246987681349235
400			0.5095482436376385
401			0.5341350406570722
402			0.5546987588006296
403			0.570806380628103
404			0.5836304448442738
405			0.594470844513376
406			0.6044502496590126
407			0.6140145993151584
408			0.6234483284689216
409			0.6330189227955315
410			0.642802739305361
411			0.652755574360265
412			0.6628289524123249
413			0.6728323736578457
414			0.6823557314530921
415			0.6909700901407098
416			0.6984118176905902
417			0.7050926951691372
418			0.7115969824556154
419			0.7184567099465283
420			0.7255612298724402
421			0.732367754419439
422			0.73832799822883
423			0.7430762595898243
424			0.7465489627972097
425			0.7487108923903898
426			0.7497756743233387
427			0.7510582497245235
428			0.754178135871113
429			0.7606684697953576
430			0.7708816764676789
431			0.7843153226745266
432			0.8004488674929122
433			0.8188511073357626
434			0.839250784946394
435			0.8613932589231941
436			0.8849686753618892
437			0.9093994151182263
438			0.9340267993364596
439			0.9582527227147732
440			0.9824161631286902
441			1.007593369293608
442			1.0348748141647244
443			1.0646431643830565
444			1.0958954203273044
445			1.1274678320041829
446			1.158306841589259
447			1.1879510352083433
448			1.2161370433487928
449			1.2426167797784962
450			1.2674125539415353
451			1.2907797931485256
452			1.3129812088350687
453			1.3342145990632048
454			1.3545373795152806
455			1.3739886419813148
456			1.3926348574931935
457			1.4107073103928638
458			1.4284986599150016
459			1.446282625198938
460			1.4639314120141833
461			1.4809349971213328
462			1.4967693861081552
463			1.5112879431182957
464			1.5252544839594584
465			1.5395673844219906
466			1.5550362962673376
467			1.5718660135882907
468			1.5900089311166523
469			1.6094157257560873
470			1.6300146684999746
471			1.6517103112972469
472			1.674405956546707
473			1.6979345292259542
474			1.7219377056634642
475			1.7460249843173692
476			1.7697493199786398
477			1.7922221782909462
478			1.8123475223900136
479			1.8290525664849708
480			1.8420445100191924
481			1.8519547994415906
482			1.859468454618341
483			1.86528137066648
484			1.870123031329161
485			1.8747293847231516
486			1.8798589781737183
487			1.8864748687818458
488			1.89564882060219
489			1.9084206690676189
490			1.9244687128087885
491			1.9416540804052342
492			1.9577114819521362
493			1.9708541903975252
494			1.9809892025969553
495			1.9883980374456889
496			1.99336221383899
497			1.99616325067212
498			1.997082666840342
499			nan
500			nan
