Nom de l'instrument : SAM_81D7
Fichier_calib_utilise: /Users/mdlemineahmedou/Documents/Stage/pipeline_LOG/data/calibration/ALL_2023/Cal_SAM_81D7.dat
Date : 2023-10-10
Heure : 12:18:29

l_onde		data
280			nan
281			nan
282			nan
283			nan
284			nan
285			nan
286			nan
287			nan
288			nan
289			nan
290			nan
291			nan
292			nan
293			nan
294			nan
295			nan
296			nan
297			nan
298			nan
299			nan
300			nan
301			nan
302			nan
303			nan
304			nan
305			nan
306			nan
307			nan
308			nan
309			nan
310			nan
311			nan
312			nan
313			nan
314			nan
315			nan
316			nan
317			nan
318			nan
319			0.06493616181827283
320			0.06258233415923184
321			0.06253042752738544
322			0.06395674531603433
323			0.06603759091847924
324			0.0679492677280209
325			0.06886808030954308
326			0.06839871429326334
327			0.0677880178636342
328			0.06867627642587529
329			0.07249100819308017
330			0.0783721963149815
331			0.08406771841728135
332			0.08734114335460878
333			0.08770007745053893
334			0.08715680738351586
335			0.08791740370209834
336			0.09150345276768457
337			0.09696983238358128
338			0.10281595238798455
339			0.1076544748389751
340			0.11123938015842755
341			0.11398550081619208
342			0.11631508770786206
343			0.11862146004684765
344			0.12125814195157077
345			0.12457574497101949
346			0.12874606055537605
347			0.13332316494172303
348			0.1377278472900973
349			0.1414821414116514
350			0.1450866360103624
351			0.14959024574184715
352			0.15601848419897577
353			0.16416948345685442
354			0.1721973412961377
355			0.17814128366120552
356			0.18092635388268832
357			0.18246526329779128
358			0.18529995310069264
359			0.19167684959562914
360			0.20104471095856344
361			0.21131022871692062
362			0.22039965609976211
363			0.22768970058136134
364			0.2344789997500355
365			0.24219839473054325
366			0.25164994731522716
367			0.2615287180255179
368			0.2700889330374013
369			0.27580475376041536
370			0.27923033262831654
371			0.2820653595469905
372			0.2859975257162527
373			0.29173221588214376
374			0.29866789173346914
375			0.30611249274885083
376			0.3133591387340035
377			0.31965079104299665
378			0.32421980967765857
379			0.3264519008190629
380			0.3272087538191341
381			0.32817639719635766
382			0.33102769984774494
383			0.3364873824594045
384			0.3439955367033366
385			0.3529008647212308
386			0.362614049232425
387			0.37276099814658703
388			0.3830143050446664
389			0.3930933224274965
390			0.40318371541668135
391			0.41373895918010006
392			0.4252270425011546
393			0.4386385240900943
394			0.4556946879548124
395			0.47817122180349386
396			0.5071395305157459
397			0.5411244008496203
398			0.5780752116077181
399			0.6159619501631158
400			0.6529712812891156
401			0.6874195052555705
402			0.7176469292115976
403			0.7431396851956311
404			0.765058643715002
405			0.7846975174708036
406			0.8032276618778165
407			0.8213532077328476
408			0.8396667811613434
409			0.8587117244454266
410			0.8784756313364805
411			0.8985955390467703
412			0.9187051581674747
413			0.9385673916823983
414			0.958144907981235
415			0.9774175032696776
416			0.9963919632478404
417			1.0151853498287906
418			1.033942885928685
419			1.0527880984345193
420			1.0715775471148439
421			1.0899882816995103
422			1.1076945159444211
423			1.1244065115519017
424			1.139894179717467
425			1.1539330308706826
426			1.1667189828260607
427			1.18030858030907
428			1.1972729369822415
429			1.2200561495680975
430			1.2493661173381152
431			1.2846536993013757
432			1.3253395437389421
433			1.37064702726086
434			1.41944633842264
435			1.4705709752129428
436			1.5230163628762714
437			1.576563228688892
438			1.631230031890092
439			1.6870715039010586
440			1.7447025461718084
441			1.8051787862667676
442			1.8695602527814192
443			1.9379729451643575
444			2.0087143221307335
445			2.079869714402773
446			2.1497335347086026
447			2.2177237478961462
448			2.2836340942681588
449			2.3472698095016655
450			2.4086366309822296
451			2.4679131558511207
452			2.5252844205205482
453			2.5810790597447384
454			2.635936255640758
455			2.6905357255869538
456			2.7453705734529157
457			2.799810556076688
458			2.8528071066576812
459			2.9033570011832235
460			2.9514279044968292
461			2.997911739295326
462			3.043736425053528
463			3.0896061357277422
464			3.135685215246623
465			3.182058223490954
466			3.228900247525022
467			3.2770035247143543
468			3.327417821343662
469			3.3811617696461056
470			3.4384369027860817
471			3.498579767463138
472			3.56088536082451
473			3.624667577065806
474			3.6892916625764336
475			3.7541315038289684
476			3.8184312263413096
477			3.88042179083133
478			3.9378579645742082
479			3.9885306085229
480			4.031469897043003
481			4.067174534493078
482			4.096228622158357
483			4.119770887868362
484			4.1406530446395236
485			4.162056481855631
486			4.187038521336583
487			4.217533745153938
488			4.254879944260683
489			4.300348491227424
490			4.352693053574541
491			4.407307053100529
492			4.459350146636465
493			4.504925748242617
494			4.543477406242589
495			4.575187250904572
496			4.600237412496755
497			4.618810021287327
498			4.6310872075444784
499			nan
500			nan
