Nom de l'instrument : SAM_80E0
Fichier_calib_utilise: /Users/mdlemineahmedou/Documents/Stage/pipeline_LOG/data/calibration/ALL_2023/Cal_SAM_80E0.dat
Date : 2023-10-10
Heure : 10:34:35
Comment : LIDAR_20231010

l_onde		data
280			nan
281			nan
282			nan
283			nan
284			nan
285			nan
286			nan
287			nan
288			nan
289			nan
290			nan
291			nan
292			nan
293			nan
294			nan
295			nan
296			nan
297			nan
298			nan
299			nan
300			nan
301			nan
302			nan
303			nan
304			nan
305			nan
306			nan
307			nan
308			nan
309			nan
310			nan
311			nan
312			nan
313			nan
314			nan
315			nan
316			nan
317			70.12360467842485
318			74.80616752869233
319			80.32764226509083
320			86.57825382144348
321			93.44822713157333
322			100.82778712930352
323			108.60715874845712
324			116.67537353521432
325			124.89152200707369
326			133.0832993821231
327			141.07668329813043
328			148.60469272824585
329			155.16585518885773
330			160.2222967250128
331			163.38154725220392
332			165.22572415767888
333			166.73746940533312
334			168.86926399064944
335			171.8655335546757
336			175.27030561865004
337			178.59823127526477
338			181.50419175383064
339			183.9769444737055
340			186.0538679943128
341			187.79712278255178
342			189.4257068720056
343			191.21979239646566
344			193.45187519951833
345			196.23089732389826
346			199.51077272407892
347			203.23887427732902
348			207.26000462913183
349			211.18449531361392
350			214.59006216000162
351			217.12129778494887
352			218.82987857655155
353			219.92065450604733
354			220.59811107621198
355			221.0539269953506
356			221.4679747937789
357			222.020326803272
358			223.02665628097103
359			225.105025571777
360			228.91438831416687
361			234.9525377615094
362			242.75737817637827
363			251.5128834186409
364			260.4028025424201
365			268.6173791618641
366			275.35276228451795
367			279.8076916259336
368			281.661519066034
369			281.6548034797434
370			280.6699869724067
371			279.5350537182134
372			278.7554646916359
373			278.7183893947116
374			279.77704920648966
375			281.6268333967885
376			283.36524514267774
377			284.069617630538
378			283.1417787493043
379			280.70298096669404
380			276.971115879961
381			272.2855337395581
382			267.7117343688598
383			264.58390702633665
384			264.1753723206215
385			266.5407044120523
386			270.6133539651635
387			275.286032839089
388			279.673603670674
389			283.3920147665559
390			286.12586547621476
391			287.7773069674693
392			289.58029352931743
393			293.2725490810234
394			300.54178413521873
395			312.0206496416625
396			327.3479014265985
397			346.1220412121729
398			367.54550843619364
399			389.90049531901985
400			411.33880467169183
401			430.17372729879753
402			445.74453483491675
403			457.7921065636807
404			466.09651592680785
405			471.2793965230137
406			474.78313571985973
407			478.08266290174373
408			482.1591450822595
409			486.7980303987406
410			491.607317165619
411			496.21842430263405
412			500.41917957302127
413			504.06147889239213
414			506.9991019214927
415			509.1261292669077
416			510.37774762576
417			510.6912832902376
418			510.127155915714
419			509.0599318291216
420			507.9135690925508
421			507.00090045648983
422			505.84511988027657
423			503.62751784851446
424			499.56461642726606
425			493.83841818846093
426			487.6705233673462
427			482.3336147693058
428			478.8625591286887
429			477.6458564726318
430			478.9632351898888
431			483.0098772528647
432			489.3341966984893
433			497.1859202730381
434			505.81861708248107
435			514.6484283765142
436			523.2778972814323
437			531.3199844181145
438			538.5856106472949
439			545.4643884249684
440			552.45111248428
441			559.9862900985445
442			568.0582263545901
443			576.4307234294339
444			584.8657628275562
445			593.1184161492059
446			600.9352511877454
447			608.0623352744697
448			614.3064162138872
449			619.6668003560515
450			624.1809016237268
451			627.8924402770192
452			630.9029802363556
453			633.345169605571
454			635.3521547384157
455			637.0652886707745
456			638.636844532288
457			640.2198459540783
458			641.901509437454
459			643.5404280165498
460			644.945578474314
461			645.9346140031092
462			646.4138070572819
463			646.3412804043888
464			645.6789587883294
465			644.5471830369902
466			643.2957520908136
467			642.2924356275105
468			641.8296588787802
469			641.9111068251199
470			642.4713073590684
471			643.4470842661148
472			644.8016729837095
473			646.5152175932752
474			648.5665894801919
475			650.8356358731143
476			653.0451000670107
477			654.9037793344902
478			656.1115425921605
479			656.3302788011347
480			655.2117797967692
481			652.4502964577787
482			648.2967433935909
483			643.3935866733498
484			638.3909087064663
485			633.8934715338188
486			630.4268305365308
487			628.5085608411727
488			628.5068893710535
489			630.0810810361344
490			632.6802474116773
491			635.7595328385084
492			638.8658480025708
493			641.6172633918335
494			643.6337101371254
495			644.535119369276
496			643.9414222191144
497			641.4725498174704
498			nan
499			nan
500			nan
