Nom de l'instrument : SAM_877E
Fichier_calib_utilise: /Users/mdlemineahmedou/Documents/Stage/pipeline_LOG/data/calibration/ALL_2023/Cal_SAM_877E.dat
Date : 2023-10-10
Heure : 12:18:54

l_onde		data
280			3.0867225676048866
281			3.277943582675151
282			3.503615310901281
283			3.7100439745393627
284			3.8745985267256953
285			4.002188540836854
286			4.101579038440091
287			4.185430640363755
288			4.270276052036724
289			4.379935138488628
290			4.5265768495215575
291			4.682855436817856
292			4.820789696038476
293			4.948179455499264
294			5.082653811280795
295			5.230737022154644
296			5.3954112163596095
297			5.605834291550229
298			5.910787217920317
299			6.367437464646931
300			7.041709927190297
301			8.000388078038815
302			9.31093599789131
303			11.043570016025066
304			13.27529545620329
305			16.074176736305326
306			19.46875627868749
307			23.486166929241826
308			28.20597489896603
309			33.71304054366444
310			39.937569184802726
311			46.71600581944652
312			53.83663169432226
313			61.04985394197016
314			68.24111289260388
315			75.47364386094739
316			82.78578167726106
317			90.1437395354048
318			97.44122071411753
319			104.38005036520352
320			110.81444450488233
321			117.4775143008932
322			125.27445159423404
323			134.48493318341232
324			145.09013907814017
325			156.85458746592863
326			169.36360602840213
327			181.42263921826313
328			191.09027645617914
329			197.74351907859693
330			202.73747118480708
331			206.87100895336948
332			209.3795808500422
333			209.8255773218887
334			209.5583476515758
335			210.10774398226022
336			212.00092170272256
337			215.38606188775782
338			219.96522701368292
339			225.19924143232322
340			230.24412409476838
341			234.06584988612317
342			236.42414083316595
343			237.93015822405118
344			239.24119819229654
345			241.02145551878317
346			243.81277949735784
347			247.87157909122058
348			253.28174089394037
349			259.6608279373537
350			266.5563380486057
351			273.6939932010925
352			280.70958289489727
353			285.9516473982406
354			287.29199572792896
355			285.1330203797537
356			281.7521059940891
357			279.01282400882445
358			278.27783659004484
359			280.6669266290352
360			286.9537385663008
361			297.1963160044208
362			309.8600806515553
363			323.3822381885662
364			336.89177976157816
365			349.62616626444964
366			360.593044768106
367			368.7307919116916
368			373.03856028431954
369			372.65830001537114
370			368.27235193980516
371			361.69548496533525
372			355.1793899424386
373			351.39020669373974
374			352.1382384670763
375			357.9077212049826
376			367.6845152609433
377			377.4015733690697
378			382.91004960191935
379			381.1222935126902
380			370.43512986851977
381			355.52106662929214
382			342.55069724348516
383			334.3506836826255
384			332.12829532019265
385			336.0528960045101
386			345.5359713046483
387			358.46138127055735
388			371.28026420299506
389			380.98302242414724
390			385.38710101634035
391			383.978659999654
392			379.4093935402952
393			375.2058317045659
394			376.35359569555334
395			387.2230673173188
396			408.405996486027
397			439.1590570090494
398			476.6763777809914
399			517.19196021073
400			555.566505922173
401			586.0842843317687
402			606.6789304212623
403			618.3532102288016
404			623.4940694822466
405			625.9882898891367
406			628.6261282432578
407			632.2253989457299
408			637.3107069551891
409			644.1512312354386
410			652.6557405281087
411			661.5924829322125
412			669.6318615702958
413			676.2523709783301
414			681.1970603714516
415			684.2111262754023
416			685.1017660840901
417			684.4375217146745
418			683.2889225230077
419			682.4200214425072
420			682.276910051085
421			682.6458424937612
422			682.4452076746459
423			680.8549104346833
424			677.6688317859349
425			672.5019223239068
426			664.2906490888174
427			652.7906786401389
428			641.5027916412605
429			634.55066966052
430			634.1927221651325
431			641.7410386560077
432			656.1618148043773
433			675.083336502813
434			694.6183254454428
435			709.9241946364331
436			719.9567371310692
437			727.6021132219262
438			735.2264969161384
439			744.1830083634933
440			755.1201115248688
441			767.4184163165222
442			780.1481161228061
443			791.9241233394756
444			801.784270374726
445			810.8870097732897
446			820.7393804922126
447			831.5691090832698
448			842.9704854773163
449			853.1781794105851
450			859.8502101419256
451			862.8632682287767
452			863.7573843355038
453			863.9375011216094
454			864.6134278444879
455			866.3553304275244
456			868.8281396852718
457			871.6801525759604
458			874.6664029267365
459			877.5830830390001
460			880.306912811814
461			882.5738210657348
462			883.4897737950022
463			882.2428724812916
464			879.4454419746464
465			876.1808135985976
466			873.1187405728789
467			870.7197237253815
468			869.4857687311594
469			869.9220906471519
470			871.9306134160882
471			874.8289992169033
472			878.0843749921182
473			881.3966309972569
474			884.5589415349352
475			887.5065162159603
476			890.2934994797298
477			893.2399922235959
478			896.4413923771243
479			899.0236560910753
480			899.8444954266298
481			897.5121076775873
482			890.7989702084229
483			880.3145387615203
484			867.6194608180599
485			855.5890285020255
486			847.7929402744967
487			845.5979266654548
488			848.4484678982054
489			854.7774264947362
490			861.9330641590407
491			868.232541131904
492			873.6144684753173
493			878.0082699673327
494			881.0156266281064
495			882.2620104611492
496			881.5729192679033
497			878.8112906400659
498			873.8400621693336
499			nan
500			nan
