Nom de l'instrument : SAM_81D7
Fichier_calib_utilise: /Users/mdlemineahmedou/Documents/Stage/pipeline_LOG/data/calibration/ALL_2023/Cal_SAM_81D7.dat
Date : 2023-10-10
Heure : 11:30:45

l_onde		data
280			nan
281			nan
282			nan
283			nan
284			nan
285			nan
286			nan
287			nan
288			nan
289			nan
290			nan
291			nan
292			nan
293			nan
294			nan
295			nan
296			nan
297			nan
298			nan
299			nan
300			nan
301			nan
302			nan
303			nan
304			nan
305			nan
306			nan
307			nan
308			nan
309			nan
310			nan
311			nan
312			nan
313			nan
314			nan
315			nan
316			nan
317			nan
318			nan
319			0.11502874258123676
320			0.12549190499738513
321			0.1294364633470206
322			0.12974513344955074
323			0.1293006311243832
324			0.13098567219092566
325			0.13768296860100018
326			0.15086107705112262
327			0.16656750976580417
328			0.17955097900287856
329			0.1851076802149191
330			0.18441999361848377
331			0.18225240422784694
332			0.18336041513528437
333			0.18955827574359005
334			0.198436186106903
335			0.207257521532234
336			0.21403249406221136
337			0.2194627271727744
338			0.2248559122221958
339			0.23138794585895675
340			0.23890654129557834
341			0.2464903601183343
342			0.25321943891726245
343			0.2586514506624766
344			0.2630010500023366
345			0.26653070271985724
346			0.2697807587051986
347			0.27425148925337733
348			0.2816502920431122
349			0.2933532836671467
350			0.3075346661083326
351			0.32057447232700453
352			0.3289036995077982
353			0.3319020025771515
354			0.3328986596063557
355			0.3354990661173523
356			0.3421323253473547
357			0.3512601643226185
358			0.36050874481908113
359			0.36785402281851515
360			0.3745834899796698
361			0.38380994692889364
362			0.3985918663793777
363			0.41900327387309044
364			0.44116364146568393
365			0.4609203893981232
366			0.4752404120350114
367			0.48484189339004713
368			0.49122787572066356
369			0.4958596010478399
370			0.4998029944838887
371			0.5039062636957249
372			0.5090064200037442
373			0.5155740263147607
374			0.5235920992315224
375			0.5330098297109879
376			0.543390213911813
377			0.5529891386362199
378			0.5597862236516598
379			0.562045669038019
380			0.5607708089962741
381			0.5584947888953549
382			0.5577474496488902
383			0.560203112623928
384			0.5663769710902008
385			0.5767017041662856
386			0.5910908683340949
387			0.6076553865326082
388			0.6241151626156385
389			0.6384395472178892
390			0.6510855485681545
391			0.6639388724378568
392			0.678902028553668
393			0.6978678602694334
394			0.7227156941581833
395			0.7553238211878038
396			0.7967388272663183
397			0.8449999338008852
398			0.8974668486728262
399			0.9515044329496954
400			1.0045317280216042
401			1.0540001907175165
402			1.0973872891784355
403			1.1334869315195928
404			1.1630171354539327
405			1.1868485427690982
406			1.2061273428438974
407			1.2230519110110398
408			1.2400717301957878
409			1.259441814690698
410			1.2812242561261915
411			1.3040978885324062
412			1.3267282410822951
413			1.348279988717385
414			1.3686896169713818
415			1.3879597861480921
416			1.4061161964907611
417			1.4232786869926286
418			1.4395911366602656
419			1.4551692921818316
420			1.4697827353888764
421			1.4829682851151418
422			1.4942639222784488
423			1.5036030749673313
424			1.5115735281937062
425			1.5188244907531787
426			1.5261745794880888
427			1.5351921725008555
428			1.5476529994335202
429			1.5652712350974332
430			1.588919679810744
431			1.6188619626172953
432			1.6553406864628495
433			1.6979172975970835
434			1.7449337239927591
435			1.7946052052585015
436			1.8454278472755141
437			1.8972598790176511
438			1.950371880609783
439			2.005041561108292
440			2.0616554905478583
441			2.120685887736757
442			2.182602015229122
443			2.2472168761410645
444			2.313058720197296
445			2.3785067535965414
446			2.4421997202200845
447			2.504171051704137
448			2.5649206372850717
449			2.6248876351262758
450			2.6834208329701004
451			2.7389289708855835
452			2.78979632065173
453			2.8355749222728486
454			2.878342244234344
455			2.9205053952490827
456			2.9640562104069463
457			3.008486725106112
458			3.0523580733638545
459			3.0942736201177237
460			3.1337602572105103
461			3.171224047143393
462			3.2071063312746833
463			3.2419586263335933
464			3.2765982687802357
465			3.3118818818373135
466			3.3486211695530446
467			3.387321608818332
468			3.428360891852032
469			3.4721089000575254
470			3.5187468884424877
471			3.568256430867675
472			3.620608975491865
473			3.675436793498198
474			3.731450452243574
475			3.787205441041985
476			3.841231374103516
477			3.8918558345685708
478			3.9373114497810273
479			3.975864362422589
480			4.006867255735217
481			4.030960314076432
482			4.048858593850283
483			4.06176768409251
484			4.072408202537761
485			4.0837923451326406
486			4.098781754508008
487			4.1188756527995185
488			4.144849068978302
489			4.1774229997206325
490			4.215361500150109
491			4.254816800593864
492			4.291759439346742
493			4.323007817884334
494			4.348381084879778
495			4.368361924518751
496			4.383433020986932
497			4.394077058469996
498			4.400776721153621
499			nan
500			nan
