Nom de l'instrument : SAM_81D7
Fichier_calib_utilise: /Users/mdlemineahmedou/Documents/Stage/pipeline_LOG/data/calibration/ALL_2023/Cal_SAM_81D7.dat
Date : 2023-10-10
Heure : 11:31:13

l_onde		data
280			nan
281			nan
282			nan
283			nan
284			nan
285			nan
286			nan
287			nan
288			nan
289			nan
290			nan
291			nan
292			nan
293			nan
294			nan
295			nan
296			nan
297			nan
298			nan
299			nan
300			nan
301			nan
302			nan
303			nan
304			nan
305			nan
306			nan
307			nan
308			nan
309			nan
310			nan
311			nan
312			nan
313			nan
314			nan
315			nan
316			nan
317			nan
318			nan
319			0.10912590627321483
320			0.11250555989354029
321			0.11811248067881486
322			0.12516861453274908
323			0.13289590735905354
324			0.14051630506143872
325			0.14725175445167354
326			0.1526562274682647
327			0.15755648626926128
328			0.1630842342289791
329			0.17021903243250966
330			0.17830470659736677
331			0.18568963704766722
332			0.19073905210902187
333			0.1933424950247554
334			0.19557863725189892
335			0.19969551201920718
336			0.2071266922707807
337			0.21637064128410105
338			0.22526487705045245
339			0.23185869034991669
340			0.236335547990671
341			0.24011465839659682
342			0.24461027040678465
343			0.2503471474216975
344			0.25662657895953134
345			0.2626609041945775
346			0.26799441643168115
347			0.2733181095863227
348			0.27957040611288986
349			0.28756969318148634
350			0.2969741868968512
351			0.3067920101414158
352			0.3160323416337724
353			0.3240469809171321
354			0.33064665605653454
355			0.33567425675297763
356			0.3393321084330909
357			0.34303483449209
358			0.3484523792228617
359			0.3570845986939824
360			0.36882110725577893
361			0.3826639586416838
362			0.3976123376362178
363			0.4129257818725909
364			0.42820881055225135
365			0.443089663801052
366			0.45703071831536635
367			0.46893855253501765
368			0.4776034587997651
369			0.4820636300555681
370			0.4837017268785462
371			0.4851916055717581
372			0.48917711198077635
373			0.4965182259043893
374			0.5057015581600427
375			0.515049372047803
376			0.5231308286046581
377			0.5293507353947677
378			0.5332905199315263
379			0.5346370133055993
380			0.53409157404463
381			0.5329221760133243
382			0.5324005969068221
383			0.5336969895111012
384			0.5378438168444802
385			0.5458636869008283
386			0.5581367254144696
387			0.572812062994493
388			0.5875548929149147
389			0.6002694488680221
390			0.6112438426209581
391			0.6221352814126703
392			0.6346192081588385
393			0.650460218869197
394			0.6715475750151557
395			0.69977979649974
396			0.736267830029203
397			0.7792748343280833
398			0.8264205108839491
399			0.8753033251493537
400			0.9232984680482594
401			0.967647548025092
402			1.0056220676597751
403			1.0361249825413965
404			1.060443781131493
405			1.0800550964821778
406			1.0964541668121393
407			1.1112072746734856
408			1.125897657579057
409			1.141989203254325
410			1.1595999533117003
411			1.1779990129661326
412			1.196445879466256
413			1.2144203991534874
414			1.2317431360002324
415			1.248263866989355
416			1.2638332963686103
417			1.2783059170917972
418			1.2915371896265582
419			1.303406585359003
420			1.314089027100192
421			1.323958100691433
422			1.3333858232596814
423			1.3423651307157554
424			1.3502616832262642
425			1.3563822592554187
426			1.360578390412105
427			1.3651125611026647
428			1.3729140210107729
429			1.3867573433064797
430			1.4073028053620893
431			1.4336798938309234
432			1.4649851351670808
433			1.5004259914959013
434			1.5394085401503734
435			1.5813594913939024
436			1.6256763385411275
437			1.6716148808533287
438			1.7183880230058912
439			1.7652819592029978
440			1.812716498760452
441			1.8620033476641193
442			1.9144702105366247
443			1.9704379757678072
444			2.0282564963693566
445			2.0860469666356005
446			2.142174682912229
447			2.1963166822472084
448			2.2485887173923276
449			2.299091464057177
450			2.347650807101665
451			2.3938557242815612
452			2.4372892585255257
453			2.4778715239177243
454			2.516251588351665
455			2.553173668920815
456			2.589324531020645
457			2.6250451012334266
458			2.6605475190910686
459			2.6960203725046035
460			2.7311602775426462
461			2.765195507439241
462			2.7973376203760014
463			2.8273861764559456
464			2.856559405955261
465			2.886285211163945
466			2.917843995138197
467			2.951510615494198
468			2.987140328610252
469			3.0245999052136767
470			3.0640858948570737
471			3.1061439531331465
472			3.1513356336483804
473			3.1996543866615617
474			3.2495498576720605
475			3.299211944726858
476			3.3468704055857694
477			3.3910662199634967
478			3.430486643732517
479			3.463847899291679
480			3.4907630324426906
481			3.5119077839053228
482			3.5280196323529047
483			3.540121637076063
484			3.550118883968964
485			3.5600862113140574
486			3.572069559616013
487			3.5878533611920638
488			3.609083043960671
489			3.637342871683279
490			3.671741620855633
491			3.7080841680613643
492			3.741945547173313
493			3.769868373707304
494			3.791819716521986
495			3.808523871344655
496			3.8207051339026092
497			3.829087799923141
498			3.8343961651335476
499			nan
500			nan
