Nom de l'instrument : SAM_80E0
Fichier_calib_utilise: /Users/mdlemineahmedou/Documents/Stage/pipeline_LOG/data/calibration/ALL_2023/Cal_SAM_80E0.dat
Date : 2023-10-10
Heure : 12:02:57
Comment : LIDAR_20231010

l_onde		data
280			nan
281			nan
282			nan
283			nan
284			nan
285			nan
286			nan
287			nan
288			nan
289			nan
290			nan
291			nan
292			nan
293			nan
294			nan
295			nan
296			nan
297			nan
298			nan
299			nan
300			nan
301			nan
302			nan
303			nan
304			nan
305			nan
306			nan
307			nan
308			nan
309			nan
310			nan
311			nan
312			nan
313			nan
314			nan
315			nan
316			nan
317			90.3839727455482
318			95.2436668169117
319			101.54179859432344
320			109.0333364985275
321			117.4732489502678
322			126.61650437028834
323			136.21807117933312
324			146.03539514588994
325			155.8880764777802
326			165.66088873586364
327			175.2412894141381
328			184.35818938141284
329			192.3405601435771
330			198.45528829537335
331			202.15815135303927
332			204.17099165662194
333			205.7359640807134
334			208.0579331657074
335			211.46460039025064
336			215.41599021400236
337			219.3356551667861
338			222.79781583393464
339			225.73542079996992
340			228.13365886544008
341			230.02176140711603
342			231.70769260278513
343			233.60813566140328
344			236.12694191984065
345			239.39425453111656
346			243.2807762912373
347			247.64666112614535
348			252.27478413800407
349			256.77136438189103
350			260.7180474741041
351			263.7563282968239
352			265.89200847917294
353			267.2679675042843
354			268.0318313243408
355			268.4209790040319
356			268.75553015829155
357			269.3591728795347
358			270.65620254114833
359			273.2952680291015
360			277.95535697410975
361			285.1421342732235
362			294.3289355461208
363			304.60845581719246
364			315.0712429787126
365			324.77768387972753
366			332.76074044368215
367			338.05517137886335
368			340.2611828149677
369			340.2275068312807
370			338.96980325617545
371			337.44721010989787
372			336.28411904932324
373			335.9821471828599
374			337.0017856421946
375			339.00599693673826
376			340.9328910411323
377			341.69599486879656
378			340.5754984182358
379			337.6645061468545
380			333.16531998461005
381			327.4364337055033
382			321.7701456158466
383			317.8042798221915
384			317.1027636832755
385			319.74930137464776
386			324.4659414198331
387			329.92523631324394
388			335.06578608845007
389			339.42629045334513
390			342.6276655329655
391			344.54830491573887
392			346.6428210973699
393			350.96204924605195
394			359.49897484343006
395			373.02568835303754
396			391.1641635554
397			413.4896161334869
398			439.0735503664805
399			465.8171015384268
400			491.45557588323476
401			513.9226990547711
402			532.412813776335
403			546.6137159068104
404			556.2616887657479
405			562.134290546056
406			566.024610261117
407			569.7659324152439
408			574.5586316572824
409			580.0703974702936
410			585.741462268096
411			591.0567251405188
412			595.799380761382
413			599.8748115689648
414			603.1879313737048
415			605.623694166272
416			607.0466953541452
417			607.3210137718177
418			606.4818269287788
419			605.0009734011061
420			603.4189458354346
421			602.1412787603721
422			600.6145157812298
423			597.8699697261723
424			592.9799607855896
425			586.1423960435615
426			578.7671775415283
427			572.3237872595281
428			568.0213962493782
429			566.3616694772352
430			567.727211637053
431			572.3936198283878
432			579.8178984309897
433			589.0790132295926
434			599.2611436357053
435			609.6646848728933
436			619.8379407682154
437			629.3430324971397
438			637.9623528526281
439			646.122208444938
440			654.3659428728472
441			663.1794882971362
442			672.570552664866
443			682.3094219673209
444			692.1634101424554
445			701.8563794221648
446			711.0587173583932
447			719.437551653219
448			726.7403227117769
449			732.969328827915
450			738.1773049847384
451			742.4238722851445
452			745.8318134348207
453			748.5578530932423
454			750.759265416596
455			752.6025090600375
456			754.2662638892191
457			755.9300499071278
458			757.7020954851131
459			759.4429515764117
460			760.959417762443
461			762.0633144666454
462			762.61774407635
463			762.5158135831966
464			761.6556375786543
465			760.1682689431891
466			758.5221605155912
467			757.2121896929492
468			756.627545178909
469			756.7523880803997
470			757.4738700676157
471			758.6842433545544
472			760.3344361434374
473			762.412940791736
474			764.9066870204013
475			767.6634845407364
476			770.3104262057228
477			772.4550119646568
478			773.7119251755909
479			773.726406394884
480			772.151819934441
481			768.6864490580076
482			763.6174896472642
483			757.6463725743805
484			751.4830685888072
485			745.8305759159622
486			741.3797068622941
487			738.8200459746706
488			738.6469274762292
489			740.4335713791664
490			743.4798609403192
491			747.0948605191157
492			750.7271809970161
493			753.9336439820642
494			756.2739005100161
495			757.3076016166286
496			756.5943983376577
497			753.69394170886
498			nan
499			nan
500			nan
