Nom de l'instrument : SAM_877E
Fichier_calib_utilise: /Users/mdlemineahmedou/Documents/Stage/pipeline_LOG/data/calibration/ALL_2023/Cal_SAM_877E.dat
Date : 2023-10-10
Heure : 11:33:42

l_onde		data
280			2.6111861740956313
281			2.6879280547600373
282			2.786797096665417
283			2.929892187033469
284			3.097758063673162
285			3.2352285995528822
286			3.3284305007881656
287			3.4199567080684643
288			3.533694103335389
289			3.6477478726491146
290			3.744011597710797
291			3.8337513064955906
292			3.9324704903685803
293			4.047959858727153
294			4.183380032755683
295			4.323846771923887
296			4.449198854414136
297			4.588486143901883
298			4.806753744862218
299			5.160235615323995
300			5.694681716733793
301			6.467422823437535
302			7.555825341116023
303			9.030221594942674
304			10.938435819238002
305			13.324787648606682
306			16.233567940571664
307			19.71021605195465
308			23.807421885960334
309			28.573400809823678
310			33.981268441268234
311			39.952820124186964
312			46.27938571492269
313			52.64339549047522
314			58.93565256195082
315			65.32322185106966
316			71.89193857020724
317			78.53245661274096
318			85.07594529721638
319			91.24324032694753
320			96.91117217918395
321			102.78139558595976
322			109.70973333119288
323			117.9106831259462
324			127.29819277069188
325			137.63181168936265
326			148.5407953930209
327			159.03303512657055
328			167.52102802226065
329			173.46183947013702
330			177.88018702592865
331			181.3959726321554
332			183.46892034290528
333			183.81350409388227
334			183.5108641474276
335			183.7984877597951
336			185.24212486452845
337			188.1160864570141
338			192.08664424732575
339			196.51622294972643
340			200.6965995781853
341			203.8913814527678
342			205.92649999469793
343			207.22901311193863
344			208.28932271186167
345			209.65090388449465
346			211.80378018043973
347			215.10316340411498
348			219.71348379970044
349			225.19318052030258
350			231.03167594886247
351			237.0698749084145
352			243.1127385544707
353			247.63817971188197
354			248.62063912606055
355			246.4722762365585
356			243.4045497521077
357			241.03957409172884
358			240.31318942324444
359			242.09739881641926
360			247.2151361291402
361			255.83606377507206
362			266.62137571050096
363			278.19105103680323
364			289.76953758720026
365			300.66844123755436
366			309.9577724790169
367			316.65569436431485
368			320.0191024588073
369			319.50644528710126
370			315.7115602940092
371			310.065709639832
372			304.40289543048465
373			300.94635539884655
374			301.26328199615784
375			305.89836285048693
376			314.06093404312
377			322.2106373806648
378			326.7506775829007
379			325.0964929853731
380			315.92769782011334
381			303.1584891726467
382			291.9614888063256
383			284.7874259324592
384			282.7562508541783
385			285.9896820658998
386			293.8936419025827
387			304.69939018686966
388			315.535892591953
389			323.8200608283615
390			327.4343718618837
391			325.8576443068198
392			321.64275769671684
393			317.9930819387812
394			318.95467668352927
395			328.03541182714963
396			345.7727184969947
397			371.62289217194166
398			403.21535362639673
399			437.33921123335904
400			469.66929073559305
401			495.41476979258096
402			512.7788339819889
403			522.4871764272468
404			526.5448870247965
405			528.3550665544377
406			530.3532666019915
407			533.227441070184
408			537.3853236840977
409			542.9592131862893
410			549.8257930905999
411			557.1018706999024
412			563.7992715857371
413			569.2592817721255
414			572.9918478440402
415			574.9896274504088
416			575.492644226484
417			574.9620724869263
418			574.0045631859897
419			573.1507936915767
420			572.8423191872605
421			572.9401829240317
422			572.5316148932911
423			570.9328083236202
424			567.9993919011973
425			563.4392735625644
426			556.3902281135896
427			546.6618402111628
428			537.1443202698613
429			531.2353532674596
430			530.7692866967672
431			536.8022382547533
432			548.5570433177859
433			564.1907409783172
434			580.3903434448582
435			592.9028462004069
436			600.8701094792848
437			606.9463051690379
438			613.1920823130037
439			620.5779331721191
440			629.5220940039973
441			639.4956843596842
442			649.7505944360698
443			659.2352355085724
444			667.2363996519414
445			674.6916819453592
446			682.8003890562832
447			691.7066728526578
448			701.0359110349838
449			709.3258408130645
450			714.6567174820326
451			716.9384243856568
452			717.4530165155278
453			717.3866113894488
454			717.7797066577574
455			719.109026482434
456			721.0516689547817
457			723.2692888454454
458			725.516367124973
459			727.6207914497128
460			729.5869324879944
461			731.2950588186338
462			731.9948020271668
463			730.9622302900366
464			728.5711438978259
465			725.5884809532582
466			722.7232033774234
467			720.6310816547773
468			719.6597222302813
469			719.9258673286994
470			721.2749042928634
471			723.2947728639865
472			725.6622359245695
473			728.1870442216278
474			730.6975462910422
475			733.039559437649
476			735.1819577813959
477			737.40445235346
478			739.8223089207835
479			741.7745719346499
480			742.3682946624631
481			740.421413729958
482			734.866097368836
483			726.1922445224093
484			715.6955599526954
485			705.7776542501767
486			699.419241108627
487			697.6595158358762
488			699.8531894280312
489			704.7433342688762
490			710.4367454861796
491			715.6310289096459
492			720.011013747688
493			723.3862610473591
494			725.6484243573906
495			726.6587604942349
496			726.1549410360353
497			723.8515055177262
498			719.4629934742412
499			nan
500			nan
