Nom de l'instrument : SAM_80E0
Fichier_calib_utilise: /Users/mdlemineahmedou/Documents/Stage/pipeline_LOG/data/calibration/ALL_2023/Cal_SAM_80E0.dat
Date : 2023-10-10
Heure : 10:22:20
Comment : LIDAR_20231010

l_onde		data
280			nan
281			nan
282			nan
283			nan
284			nan
285			nan
286			nan
287			nan
288			nan
289			nan
290			nan
291			nan
292			nan
293			nan
294			nan
295			nan
296			nan
297			nan
298			nan
299			nan
300			nan
301			nan
302			nan
303			nan
304			nan
305			nan
306			nan
307			nan
308			nan
309			nan
310			nan
311			nan
312			nan
313			nan
314			nan
315			nan
316			nan
317			65.15093817001147
318			68.83236399705264
319			73.69617184595025
320			79.53143387912056
321			86.12722225897976
322			93.27260914794407
323			100.7566667084297
324			108.37133817152986
325			115.98059931377057
326			123.52395716196428
327			130.94415821095947
328			138.05163439369883
329			144.3230495699754
330			149.1832548422334
331			152.20327049818763
332			153.9338339148177
333			155.3283151560448
334			157.31101768272424
335			160.12272810463952
336			163.32810804452285
337			166.46345733123468
338			169.19944726756938
339			171.52667636205527
340			173.48233292490323
341			175.12406104524354
342			176.63896355518278
343			178.2646383453973
344			180.2331719963758
345			182.65891193995728
346			185.54460395131696
347			188.88812677505535
348			192.57596746550902
349			196.23997649330605
350			199.47658354046217
351			201.94105618069167
352			203.6468124279082
353			204.74203171388982
354			205.3767080867322
355			205.7321732694348
356			206.0186481944353
357			206.44793516227645
358			207.337908071491
359			209.2429797208202
360			212.74954945217792
361			218.29983658272954
362			225.47730833398293
363			233.54879273483573
364			241.77947541191423
365			249.41225391254943
366			255.66975961118592
367			259.7761825715816
368			261.42027627039397
369			261.31656502392616
370			260.31671856976624
371			259.2154289737526
372			258.4699421186721
373			258.41373912900747
374			259.34998110602754
375			260.99483659169255
376			262.5309722164057
377			263.12306641057967
378			262.22735900124957
379			259.9464992431038
380			256.46996751427986
381			252.10047999408093
382			247.8177415035432
383			244.85195580014363
384			244.3779629079803
385			246.46188269969585
386			250.14992461963405
387			254.45114339609435
388			258.55579599838296
389			262.06286110832093
390			264.62731416335055
391			266.1148199860742
392			267.6808362534992
393			270.9686994131887
394			277.57447919572115
395			288.0966714632375
396			302.19403005943985
397			319.48728997146
398			339.2334802910523
399			359.8445626763211
400			379.6127615653951
401			396.9780405892194
402			411.3189940245154
403			422.3816316356606
404			429.94908933547305
405			434.60232502080544
406			437.70039354904276
407			440.63320036657393
408			444.32250927601234
409			448.5564095974172
410			452.95474848276706
411			457.1610138655451
412			460.97657291617
413			464.2674632596393
414			466.9015983318797
415			468.78696004506565
416			469.8723992879694
417			470.10885960495955
418			469.554884625966
419			468.5436242461455
420			467.4514033523153
421			466.55482998585524
422			465.421940143188
423			463.31396720796505
424			459.5241015249147
425			454.22092527128075
426			448.515613766312
427			443.56566318450757
428			440.31602479582034
429			439.1339683473026
430			440.28955040189777
431			443.97301201240856
432			449.76401704880413
433			456.96025553158984
434			464.86320637096384
435			472.9326417144735
436			480.80982948021244
437			488.14616854243417
438			494.77167784985136
439			501.0385313854889
440			507.39380939329556
441			514.236421427032
442			521.5640261531279
443			529.1750749045183
444			536.8660140211684
445			544.4137086084744
446			551.5709257479214
447			558.0889733435014
448			563.7816712446834
449			568.6612096936312
450			572.7790366769109
451			576.1889985857171
452			578.9669407141164
453			581.2005301863966
454			582.9784745558009
455			584.4275387343263
456			585.7251280656202
457			587.0521495579732
458			588.5185633118147
459			589.9878496296172
460			591.269997351586
461			592.1826670494818
462			592.6218769607934
463			592.529491670853
464			591.8512066738731
465			590.69639798377
466			589.4115250100846
467			588.3616151035129
468			587.8359048538042
469			587.8331802002184
470			588.2826603309312
471			589.1162973895279
472			590.2974830808736
473			591.80973660315
474			593.6354476423398
475			595.6637778007371
476			597.6359803402665
477			599.2801787878204
478			600.3197991831316
479			600.4582851242357
480			599.393767795709
481			596.8611824946909
482			593.0779883212294
483			588.60104658348
484			583.9940395881567
485			579.7999743452573
486			576.5257235338938
487			574.6745192155909
488			574.6076317129751
489			576.012433182982
490			578.3765362127788
491			581.1930697919878
492			584.0390926890665
493			586.5567466442133
494			588.3898751472557
495			589.1823216880214
496			588.5779297563378
497			586.2205428420325
498			nan
499			nan
500			nan
