Nom de l'instrument : SAM_80E0
Fichier_calib_utilise: /Users/mdlemineahmedou/Documents/Stage/pipeline_LOG/data/calibration/ALL_2023/Cal_SAM_80E0.dat
Date : 2023-10-10
Heure : 10:36:11
Comment : LIDAR_20231010

l_onde		data
280			nan
281			nan
282			nan
283			nan
284			nan
285			nan
286			nan
287			nan
288			nan
289			nan
290			nan
291			nan
292			nan
293			nan
294			nan
295			nan
296			nan
297			nan
298			nan
299			nan
300			nan
301			nan
302			nan
303			nan
304			nan
305			nan
306			nan
307			nan
308			nan
309			nan
310			nan
311			nan
312			nan
313			nan
314			nan
315			nan
316			nan
317			70.99998185255906
318			75.44962293822836
319			80.81709595918375
320			86.9846289423573
321			93.83444991468107
322			101.24878690308712
323			109.10986793450756
324			117.29765497082987
325			125.6352564285775
326			133.8861657358161
327			141.81095891980507
328			149.13087365586085
329			155.46791526165282
330			160.42868463938493
331			163.73593957197602
332			165.89099373879674
333			167.71512262855782
334			170.00457712262173
335			172.9689891127393
336			176.23771546725382
337			179.4157605326646
338			182.2201415522203
339			184.63456907850133
340			186.68159121265896
341			188.408929026915
342			190.02361608922178
343			191.794825407618
344			193.98451648509035
345			196.70073360569475
346			199.90562910832372
347			203.5551857547726
348			207.50554304534296
349			211.38460310506292
350			214.788519487309
351			217.37400596832543
352			219.1664107171344
353			220.32978812190072
354			221.0297342476886
355			221.4575943493141
356			221.82845104366294
357			222.3588265209718
358			223.38205488382195
359			225.49195995872512
360			229.31759092325862
361			235.33230253278325
362			243.08211642842363
363			251.77112785594835
364			260.6029114072945
365			268.78139964871275
366			275.5108506464313
367			279.9978411201862
368			281.915613933715
369			281.9678256877716
370			280.9958991591396
371			279.79666962985306
372			278.90290613541544
373			278.75052643008934
374			279.73956427484086
375			281.5738752152268
376			283.3245769489124
377			284.0414087748061
378			283.11078983922135
379			280.66557907777354
380			276.93890346475354
381			272.28162104743495
382			267.74845383102524
383			264.6545671457632
384			264.2551906333233
385			266.6056203530297
386			270.6573348027612
387			275.3216775477258
388			279.72314573431294
389			283.467028006
390			286.2244836540494
391			287.8856140655858
392			289.68083471406953
393			293.3475500722929
394			300.5735358903118
395			311.99934803587695
396			327.2790324479176
397			346.026630115532
398			367.4502364101454
399			389.81473564807516
400			411.25136900061585
401			430.05532505144566
402			445.56339862714157
403			457.5201085801296
404			465.7099514293144
405			470.7759048300776
406			474.1982028387706
407			477.49022552720265
408			481.6456955054594
409			486.39990770077054
410			491.30140096091367
411			495.9308012025065
412			500.08302006461463
413			503.64074485173927
414			506.48811181967756
415			508.53748760466925
416			509.7300332186249
417			510.0084873876862
418			509.43554941879876
419			508.38007011402294
420			507.25903496833126
421			506.3781972967346
422			505.25291223352684
423			503.0563026323193
424			498.99705241396873
425			493.2580516766013
426			487.07118369772314
427			481.7198718020447
428			478.2448759212579
429			477.0274146128164
430			478.3377177414438
431			482.36328894942784
432			488.6587881654438
433			496.4866184454027
434			505.11256800837356
435			513.9503278766474
436			522.5831713849772
437			530.6038739464085
438			537.8134362409613
439			544.6215580086616
440			551.5485753868057
441			559.0572973706779
442			567.1313449537287
443			575.5164386858166
444			583.9566616908278
445			592.1988553800716
446			599.9932557044644
447			607.0903304123888
448			613.301866274454
449			618.6342349270266
450			623.1323165904436
451			626.8458089253111
452			629.868596631948
453			632.3183097621792
454			634.3133351786672
455			635.99377402653
456			637.5286212226167
457			639.0888668737796
458			640.7748586383511
459			642.4415221124035
460			643.8905209813298
461			644.9311820256773
462			645.4511014810937
463			645.3836703198442
464			644.6665722289522
465			643.4244412369835
466			642.0526999908832
467			640.9679787999523
468			640.4965249352904
469			640.6182134728826
470			641.229958792157
471			642.233730546814
472			643.5896536040377
473			645.2950835881569
474			647.3462361271321
475			649.6275789329136
476			651.8462892686647
477			653.6938064303007
478			654.8596040980584
479			655.0247945028833
480			653.8682669503936
481			651.1089215742691
482			646.9902238804575
483			642.1246131842204
484			637.1319048445481
485			632.6061024045459
486			629.0960979533585
487			627.1462384965862
488			627.1455283646508
489			628.7455538718984
490			631.3793129566724
491			634.4864326077511
492			637.6073471991964
493			640.360661741269
494			642.367025202083
495			643.2470865497518
496			642.6214947523893
497			640.1108987781092
498			nan
499			nan
500			nan
