Nom de l'instrument : SAM_877E
Fichier_calib_utilise: /Users/mdlemineahmedou/Documents/Stage/pipeline_LOG/data/calibration/ALL_2023/Cal_SAM_877E.dat
Date : 2023-10-10
Heure : 11:34:15

l_onde		data
280			2.778984079046692
281			2.8758417323314207
282			3.0057190984937256
283			3.189560695147701
284			3.395290738433698
285			3.545523109245849
286			3.6259984953665114
287			3.708324517565143
288			3.8312149593455898
289			3.954760901351196
290			4.045519794411584
291			4.120366696453024
292			4.205837445322499
293			4.327300831358947
294			4.50177885589772
295			4.681334461062964
296			4.795324443968567
297			4.898176882852312
298			5.133357206340248
299			5.553119922564093
300			6.107991881066052
301			6.832661463826317
302			7.909604292133228
303			9.471946303894253
304			11.493190989281988
305			13.949823346630446
306			16.92818159430992
307			20.53181306927589
308			24.80191554516654
309			29.750619631149146
310			35.33903496341592
311			41.49144282979026
312			48.00664115598755
313			54.578421083324365
314			61.09613627114656
315			67.70858072613778
316			74.49296944127656
317			81.35241548131401
318			88.13166396560248
319			94.56116985253786
320			100.52120018817098
321			106.6913984681943
322			113.90674722741724
323			122.424618489658
324			132.22407062207688
325			143.05106162437778
326			154.4689046877677
327			165.4359447045962
328			174.33290078514568
329			180.6104843488514
330			185.32308218454367
331			189.0918252530931
332			191.30909585001442
333			191.66756397618653
334			191.409351855465
335			191.92096666761785
336			193.6564449918952
337			196.72116957230915
338			200.83675515480084
339			205.5192823240891
340			210.04995766545136
341			213.56421242623824
342			215.823799771682
343			217.26325312732914
344			218.41694166623944
345			219.9237235442578
346			222.33106661683556
347			225.9531765322182
348			230.91516079758267
349			236.7912446252148
350			243.08605468116994
351			249.58642276766682
352			256.02279909054965
353			260.82434747351283
354			261.93359164089054
355			259.7841502219491
356			256.6496808377994
357			254.24178588639995
358			253.61347203532898
359			255.70178596781295
360			261.31027689020357
361			270.5666492624555
362			282.0549287036609
363			294.3340490323577
364			306.6413777271081
365			318.3009903094294
366			328.3063136218528
367			335.5737905240861
368			339.2963673999165
369			338.8912228046866
370			334.96448859162274
371			329.00271228380325
372			323.002637244294
373			319.4587557251675
374			320.0593171208745
375			325.2360070586712
376			334.0585226565126
377			342.8308472107102
378			347.7949524510604
379			346.1937664464635
380			336.5963547342694
381			323.1245241490408
382			311.24649398251654
383			303.6304809452851
384			301.56593147755325
385			305.19636124176867
386			313.84719153497565
387			325.58289911813097
388			337.28690892365603
389			346.2103007314547
390			350.1832222925375
391			348.6897892729131
392			344.38552567354856
393			340.6386715725612
394			341.80692087278504
395			351.6724365947855
396			370.7726443348688
397			398.48924258869914
398			432.37243736177385
399			469.1043994225657
400			503.991665603339
401			531.7457854732914
402			550.4423644115093
403			560.9860541721254
404			565.5330071865407
405			567.5946679040876
406			569.774295891356
407			573.0301559429219
408			577.895841985732
409			584.2588347953027
410			591.7790787531147
411			599.6485787766009
412			606.9907878433638
413			613.1115501684013
414			617.4343384273237
415			619.8420883479507
416			620.4707358956123
417			619.885404171963
418			618.9287955701471
419			618.175232788087
420			617.9262981538213
421			618.0211573307464
422			617.6929716687179
423			616.3028906503805
424			613.5367327094305
425			608.929532207347
426			601.5037338063523
427			591.048802784383
428			580.7773655364022
429			574.4620130547403
430			574.1148914137882
431			580.8743182048345
432			593.8366606717632
433			610.9227993163915
434			628.5799450981306
435			642.319670752749
436			651.2029872905478
437			657.9636228652329
438			664.7951585937698
439			672.8666154810019
440			682.7091382265596
441			693.7230797529074
442			705.0564034029073
443			715.5218068964158
444			724.3166900403095
445			732.5078664057012
446			741.451148597522
447			751.2621794084101
448			761.4719012836189
449			770.5629493722314
450			776.5803394005212
451			779.3790963932944
452			780.1757080910412
453			780.192976595733
454			780.6145096510478
455			782.061868297718
456			784.3513059155108
457			787.1398335194058
458			789.8905545121686
459			792.2366210473207
460			794.3577843499162
461			796.3075495635854
462			797.2357324380865
463			796.2777182890554
464			793.8343260396664
465			790.7547991178175
466			787.780198412965
467			785.57577083362
468			784.5405764378312
469			784.8707915253409
470			786.4482665578907
471			788.8534213924155
472			791.6921493053422
473			794.6220946089318
474			797.4074806336976
475			800.0021457542729
476			802.470070777681
477			805.1055366968084
478			807.9927835428601
479			810.3203799638501
480			811.0422868026856
481			808.9505755635961
482			802.989688566927
483			793.639236540372
484			782.199849097989
485			771.3623059394703
486			764.5527823301039
487			762.8772582713656
488			765.4350733348292
489			770.8062543214552
490			777.0531926627459
491			782.8135362187679
492			787.6774756860182
493			791.4066725182956
494			793.9524648661369
495			795.2103474400259
496			794.8335353668807
497			792.4298951391665
498			787.6072932493487
499			nan
500			nan
