Nom de l'instrument : SAM_877E
Fichier_calib_utilise: /Users/mdlemineahmedou/Documents/Stage/pipeline_LOG/data/calibration/ALL_2023/Cal_SAM_877E.dat
Date : 2023-10-10
Heure : 10:57:21

l_onde		data
280			2.3859270835244346
281			2.4602884065187163
282			2.5537041981919977
283			2.6835163711342034
284			2.8345855891170926
285			2.963694910366177
286			3.053179592591578
287			3.1206867098542594
288			3.185808571120949
289			3.2671199700825775
290			3.3734683056005053
291			3.4834130649202164
292			3.5771722517262794
293			3.673151386166355
294			3.7968833134095323
295			3.934679216610045
296			4.056939485286305
297			4.178697224089893
298			4.34793314940218
299			4.611439922553572
300			5.014017562193448
301			5.612374760231145
302			6.483063969631387
303			7.691484166069365
304			9.270169064716368
305			11.254116134630253
306			13.708255112330585
307			16.701531708856994
308			20.28167987307209
309			24.48162523283008
310			29.26618422318816
311			34.55501495218148
312			40.17476888252708
313			45.87496865642098
314			51.56965644695808
315			57.39049583604174
316			63.39203152349536
317			69.44940071840756
318			75.40916575714766
319			81.09453104347716
320			86.4507829804925
321			92.01394318556305
322			98.43394366783942
323			105.92731099185508
324			114.50015005722493
325			123.96402619004962
326			133.97526195750694
327			143.62284494928375
328			151.45291599701213
329			156.97066606925625
330			161.12029560731753
331			164.46265508618015
332			166.4678798065038
333			166.85231300456098
334			166.63959668595587
335			166.99255726055821
336			168.37754998652196
337			170.9858104875115
338			174.6008529021819
339			178.78667625521607
340			182.8421903513954
341			185.8999345024982
342			187.75331810732226
343			188.90446666339352
344			189.87036848366907
345			191.13716249044185
346			193.13546807562486
347			196.17322345600195
348			200.403523385987
349			205.49424829170357
350			211.0275490369166
351			216.70123735985842
352			222.14652522465485
353			226.08867724359243
354			226.9320631959033
355			225.07088569268356
356			222.3691172525125
357			220.2520532394189
358			219.63027227347885
359			221.3352959358476
360			226.11222155243942
361			234.09365728352114
362			244.00617727924393
363			254.5611874852932
364			265.11496160304824
365			275.10890434442035
366			283.6846510783418
367			289.91045860070216
368			293.0753871510699
369			292.65594670935366
370			289.19278977046514
371			284.0117589601501
372			278.8238019796134
373			275.71205463592975
374			276.1119195981526
375			280.4507291485303
376			287.9606430206638
377			295.42966180034796
378			299.59802820623383
379			298.1136275421714
380			289.77476738830046
381			278.1569815160947
382			267.98133342729324
383			261.46245940214703
384			259.5970998334805
385			262.5543856632985
386			269.89873716005485
387			279.97362003988655
388			289.9766789646637
389			297.5060999875957
390			300.78001685406633
391			299.40867852220924
392			295.6529345099027
393			292.38382392894596
394			293.3412244321425
395			301.7752051910991
396			318.1537161376417
397			341.9483614212967
398			371.02530170377304
399			402.498016399403
400			432.3571351020925
401			456.1132033361151
402			472.1146568967647
403			481.0981491867682
404			484.9147064105828
405			486.62644035731876
406			488.4630190295165
407			491.1495605777764
408			495.11111656635916
409			500.39419548133935
410			506.81131450182886
411			513.5451230019236
412			519.709146979077
413			524.7839746685037
414			528.4034454292896
415			530.4645378372886
416			531.0203624955168
417			530.5102426560317
418			529.6261454251218
419			528.8729883700393
420			528.5618009307725
421			528.5669348940497
422			528.1872725081853
423			526.8690057560715
424			524.4156826159409
425			520.4681461108461
426			514.1119698012778
427			505.10206094688186
428			496.25392101696025
429			490.87141101816763
430			490.6116839832281
431			496.3447875498476
432			507.3005282649907
433			521.7583803835375
434			536.7271959274764
435			548.4056379568036
436			555.9784805346279
437			561.7213758668653
438			567.48009668038
439			574.2736698638948
440			582.5791853367916
441			591.9061421738779
442			601.5381530907489
443			610.4432425352904
444			617.9127438244078
445			624.8346201322308
446			632.356245373682
447			640.6430968311056
448			649.3768019215047
449			657.2168136588419
450			662.385667858403
451			664.7250168943126
452			665.2963366471862
453			665.2065898706046
454			665.5665970247064
455			666.8675261267832
456			668.7111893768766
457			670.7432998346169
458			672.8349597027056
459			674.8857919041202
460			676.8002060899363
461			678.3798928251733
462			679.0054726664415
463			678.105692122315
464			676.0214265576423
465			673.4167123015632
466			670.8770447635357
467			668.9357542267522
468			667.9711341632482
469			668.2341296890734
470			669.5899671633189
471			671.5341605255379
472			673.7053780927835
473			675.9542026833794
474			678.1695254131376
475			680.2837700274252
476			682.3145799925843
477			684.486202060523
478			686.8626211346633
479			688.8066814338215
480			689.4752333527471
481			687.7824423063431
482			682.7495501500517
483			674.7892707608561
484			665.0465673916005
485			655.7932704707974
486			649.8968558545538
487			648.3393944587807
488			650.4684413154401
489			655.089907035528
490			660.4519073042884
491			665.348417404787
492			669.4829106884202
493			672.6798727192903
494			674.8525973883915
495			675.8772311697719
496			675.4834033606642
497			673.3733189339123
498			669.2491828623595
499			nan
500			nan
