Nom de l'instrument : SAM_80E0
Fichier_calib_utilise: /Users/mdlemineahmedou/Documents/Stage/pipeline_LOG/data/calibration/ALL_2023/Cal_SAM_80E0.dat
Date : 2023-10-10
Heure : 10:37:24
Comment : LIDAR_20231010

l_onde		data
280			nan
281			nan
282			nan
283			nan
284			nan
285			nan
286			nan
287			nan
288			nan
289			nan
290			nan
291			nan
292			nan
293			nan
294			nan
295			nan
296			nan
297			nan
298			nan
299			nan
300			nan
301			nan
302			nan
303			nan
304			nan
305			nan
306			nan
307			nan
308			nan
309			nan
310			nan
311			nan
312			nan
313			nan
314			nan
315			nan
316			nan
317			70.04547842166826
318			74.66042264642238
319			80.10362400061366
320			86.27612184976083
321			93.07895555938259
322			100.41316449499767
323			108.17978802212478
324			116.27708305050928
325			124.53349716296823
326			132.70427789485606
327			140.54111635233156
328			147.75768374289487
329			153.97174476055363
330			158.78617597396303
331			161.92264736908686
332			163.899056541793
333			165.56052541169058
334			167.72614759910226
335			170.60525537073931
336			173.80401387802047
337			176.90331113323404
338			179.61094718755243
339			181.93688900887142
340			183.93510700234643
341			185.67543930236997
342			187.32814633910817
343			189.10265800776457
344			191.20422973732462
345			193.7488930995592
346			196.76810685937565
347			200.28942585959362
348			204.20481528678027
349			208.09628824065854
350			211.50274246341667
351			214.03342705333714
352			215.72582482725417
353			216.77855028470267
354			217.390423155474
355			217.758536002538
356			218.07838916850403
357			218.545997423983
358			219.47876991691447
359			221.46482438310707
360			225.12888577995312
361			230.94339985128076
362			238.47382058528993
363			246.95117584341048
364			255.60471314895446
365			263.63924947478154
366			270.23738750814044
367			274.5833161414284
368			276.345700104924
369			276.2629422383079
370			275.216469220512
371			274.0309926569676
372			273.19533318939176
373			273.07511710724964
374			274.003509717274
375			275.6849596570979
376			277.25249172009404
377			277.81988078490104
378			276.81667101784944
379			274.3724863862721
380			270.71099143461043
381			266.1673959959695
382			261.74379169072114
383			258.68902934337166
384			258.19564170357853
385			260.3285884470261
386			264.1155760387445
387			268.5465163916844
388			272.7938108372464
389			276.4414857905515
390			279.12996219755865
391			280.7194568667716
392			282.41572725992626
393			285.93349684627697
394			292.93796325748593
395			304.0491576668646
396			318.90253570073924
397			337.09373545341896
398			357.8412247778591
399			379.4871198044813
400			400.2493667870809
401			418.4993484163076
402			433.5832742995186
403			445.22893811933477
404			453.2033962367275
405			458.1177968261216
406			461.4065108956089
407			464.53652749037275
408			468.47264558647447
409			472.9635363612089
410			477.5773923971099
411			481.9156189770912
412			485.8014243642891
413			489.1488717045745
414			491.8720123052202
415			493.8780810045479
416			495.0673599904129
417			495.34012714450745
418			494.7286326130859
419			493.601933065333
420			492.38203960250695
421			491.3822033022371
422			490.1428438111727
423			487.8697546727408
424			483.80320122669735
425			478.12811844063515
426			472.0466304762726
427			466.81082743013724
428			463.43009223391215
429			462.25414747641526
430			463.52170703350157
431			467.3938147575437
432			473.4373499827054
433			480.94479781237294
434			489.21202422368674
435			497.67980143026466
436			505.9550481563831
437			513.6539852005432
438			520.5882719791308
439			527.1408881172863
440			533.7986557030965
441			540.9945033672414
442			548.7124395044322
443			556.7135989756827
444			564.7577753928183
445			572.6140029315667
446			580.0626878458093
447			586.8849529075582
448			592.9069978506421
449			598.098066023176
450			602.4557092802629
451			605.9872705431242
452			608.7898993944433
453			611.0090059647447
454			612.7906639181036
455			614.2891707046014
456			615.6697666270749
457			617.0984435333456
458			618.6695283701716
459			620.2283738743384
460			621.5662999788535
461			622.484150879235
462			622.8800498497437
463			622.7090372568031
464			621.9302282605188
465			620.671667580385
466			619.3060863141764
467			618.2253789319856
468			617.7358277817629
469			617.8156264542599
470			618.3643869675348
471			619.2869032155076
472			620.5475807137003
473			622.1489881219837
474			624.0925020265292
475			626.2634481402855
476			628.3630349941515
477			630.0761271467436
478			631.0942341718628
479			631.1371325920012
480			629.9321138130146
481			627.2415730249891
482			623.2881355670096
483			618.6181478627282
484			613.7847045220715
485			609.3417670993043
486			605.8448123121242
487			603.8494695344564
488			603.7564267200314
489			605.2308585802784
490			607.7199160712279
491			610.6771509383846
492			613.6534676704472
493			616.2752625055524
494			618.1709055938012
495			618.9687670852948
496			618.2972171301342
497			615.7846258784206
498			nan
499			nan
500			nan
