Nom de l'instrument : SAM_80E0
Fichier_calib_utilise: /Users/mdlemineahmedou/Documents/Stage/pipeline_LOG/data/calibration/ALL_2023/Cal_SAM_80E0.dat
Date : 2023-10-10
Heure : 10:15:52
Comment : LIDAR_20231010

l_onde		data
280			nan
281			nan
282			nan
283			nan
284			nan
285			nan
286			nan
287			nan
288			nan
289			nan
290			nan
291			nan
292			nan
293			nan
294			nan
295			nan
296			nan
297			nan
298			nan
299			nan
300			nan
301			nan
302			nan
303			nan
304			nan
305			nan
306			nan
307			nan
308			nan
309			nan
310			nan
311			nan
312			nan
313			nan
314			nan
315			nan
316			nan
317			64.09838094589195
318			68.13456082813404
319			73.05864843127787
320			78.74721234127014
321			85.07682114405753
322			91.92404342558676
323			99.16544777180451
324			106.67648311824725
325			114.30450737299233
326			121.86742300264883
327			129.18158929190434
328			136.0033732086503
329			141.9378090201856
330			146.5664387393802
331			149.58988328938202
332			151.50690475526906
333			153.14427595512385
334			155.3031797112462
335			158.18486940249844
336			161.3971568758479
337			164.52295109081538
338			167.26035300665814
339			169.581726069452
340			171.49937354483438
341			173.05597174152467
342			174.48641922451674
343			176.10059036859417
344			178.19840684606118
345			180.86794120315574
346			183.99646010546482
347			187.46310921381487
348			191.09761103982495
349			194.61670891470555
350			197.7214303930551
351			200.15480983813066
352			201.91558005135738
353			203.09868559381695
354			203.80279230810012
355			204.197340225631
356			204.5170138597647
357			204.999370245474
358			205.97369901080842
359			207.97385280625568
360			211.5613468102978
361			217.157617651595
362			224.34977869921667
363			232.41731153346706
364			240.63821233586808
365			248.2709732292684
366			254.55635162641366
367			258.73666794058624
368			260.5010363680999
369			260.52510603514554
370			259.6164256534172
371			258.5367889493637
372			257.77700902400045
373			257.7285117181023
374			258.7493225573385
375			260.5497474727258
376			262.2513972978396
377			262.9560468699578
378			262.0899079850204
379			259.7984889960131
380			256.3239201885073
381			252.01284091337112
382			247.83670572510695
383			244.998162929979
384			244.6452088697654
385			246.8318903545579
386			250.60593124276855
387			254.9784263025404
388			259.1460882945143
389			262.72431190812944
390			265.38585318391534
391			267.00886077468715
392			268.7288505398313
393			272.15695174036273
394			278.8588705166352
395			289.44138601394974
396			303.60794177672875
397			321.0252903941289
398			340.9733445498842
399			361.8331978261863
400			381.85859053589644
401			399.45480249554646
402			413.98988866263556
403			425.2087705496963
404			432.894329505482
405			437.64512296202395
406			440.8552179937022
407			443.95017831982653
408			447.86287957587797
409			452.3330800664575
410			456.92347435378605
411			461.23162239252724
412			465.0879242214709
413			468.41815577795404
414			471.1480507370343
415			473.1954758517923
416			474.4702737855429
417			474.88221008032764
418			474.46253044023206
419			473.5525101889657
420			472.54216908158173
421			471.71992593812786
422			470.6522394928658
423			468.592969017219
424			464.82859089042597
425			459.53899939124966
426			453.86609181670934
427			448.9990196605694
428			445.8968113399987
429			444.8930375618217
430			446.2160159944032
431			450.0210775318726
432			455.905214733894
433			463.2075710070706
434			471.2699681103731
435			479.5555231215738
436			487.66642783646984
437			495.2126894140712
438			502.00104659633774
439			508.4133380223518
440			514.9359317856811
441			522.0016350425221
442			529.5971045293285
443			537.4874985678213
444			545.4364471509112
445			553.2100173287123
446			560.5772753627799
447			567.3074926960902
448			573.2251312132329
449			578.3297897185039
450			582.655726827756
451			586.2416777943752
452			589.1674389642353
453			591.5348722047
454			593.4467837257192
455			595.0360553464175
456			596.4755885268152
457			597.9410507059421
458			599.5379409706637
459			601.1279834247537
460			602.5199977132111
461			603.5309205684154
462			604.0605951715778
463			604.0573725028108
464			603.4733758347236
465			602.4197712186319
466			601.2380905557014
467			600.2879075840882
468			599.8558061990971
469			599.9486535196047
470			600.5063208174248
471			601.4697188054585
472			602.791715790829
473			604.432835289191
474			606.3526203576079
475			608.4399330844875
476			610.4714986960823
477			612.2140880963677
478			613.415757614251
479			613.7449544402793
480			612.848961351537
481			610.4150648701996
482			606.6550260436132
483			602.1495158275392
484			597.486629262521
485			593.2328438170114
486			589.9168558086731
487			588.0635550166587
488			588.0508783042203
489			589.5591710480743
490			592.0619957869388
491			595.0383760862784
492			598.0504441721022
493			600.7247785096531
494			602.6896426649123
495			603.5733002038605
496			603.0040146924787
497			600.6100496967481
498			nan
499			nan
500			nan
