Nom de l'instrument : SAM_80E0
Fichier_calib_utilise: /Users/mdlemineahmedou/Documents/Stage/pipeline_LOG/data/calibration/ALL_2023/Cal_SAM_80E0.dat
Date : 2023-10-10
Heure : 11:47:17
Comment : LIDAR_20231010

l_onde		data
280			nan
281			nan
282			nan
283			nan
284			nan
285			nan
286			nan
287			nan
288			nan
289			nan
290			nan
291			nan
292			nan
293			nan
294			nan
295			nan
296			nan
297			nan
298			nan
299			nan
300			nan
301			nan
302			nan
303			nan
304			nan
305			nan
306			nan
307			nan
308			nan
309			nan
310			nan
311			nan
312			nan
313			nan
314			nan
315			nan
316			nan
317			93.79030042629698
318			99.17028381293498
319			105.94342880762225
320			113.89802790957562
321			122.82237361801182
322			132.50475843214767
323			142.7334748512
324			153.29622190540803
325			163.96580901912293
326			174.49943280526094
327			184.65333657555436
328			194.09799989639217
329			202.28756031090356
330			208.6425713328959
331			212.74840145689558
332			215.2951120227687
333			217.42675813392597
334			220.25252781071566
335			224.0636987424647
336			228.34248354409297
337			232.5371214867122
338			236.24647172344845
339			239.42800670956643
340			242.09142241345492
341			244.28670995184012
342			246.31887684890626
343			248.59239914007745
344			251.4994993781082
345			255.1712364098525
346			259.49111928608437
347			264.33250011988764
348			269.4732698190875
349			274.47309910716405
350			278.86130356024216
351			282.2374014049422
352			284.6282394048594
353			286.2214554132345
354			287.2077253139561
355			287.8325328799846
356			288.3918875404151
357			289.18433628339415
358			290.645680050162
359			293.5177951096564
360			298.5839475050755
361			306.4338583708481
362			316.5044740634855
363			327.8076896624341
364			339.3519841454208
365			350.0923012645205
366			358.9349060981458
367			364.7874916489276
368			367.20509133058346
369			367.17208684078923
370			365.863963547738
371			364.38146100593406
372			363.382642037861
373			363.3632094172079
374			364.7746379581307
375			367.21161609085414
376			369.49012190869286
377			370.3999074211863
378			369.1624460321157
379			365.9563638499422
380			361.0888597438323
381			355.01776323380864
382			349.1014603659765
383			345.03156057909825
384			344.42374871646484
385			347.37356642453295
386			352.5781773217937
387			358.683732111841
388			364.56903155591
389			369.6376443731136
390			373.365034907865
391			375.5316735684105
392			377.7852090329537
393			382.4795713299516
394			391.90057606025005
395			406.8963448302902
396			426.9606519656296
397			451.53254630089646
398			479.54409010610163
399			508.74936684887484
400			536.7355527165845
401			561.3008576996372
402			581.5842517523265
403			597.2495289204883
404			608.0126629850769
405			614.710512178605
406			619.2731068977001
407			623.6737262515979
408			629.1980412464195
409			635.4665777962739
410			641.8527471233897
411			647.7851465808272
412			653.0609207383866
413			657.6281783870215
414			661.4326155744441
415			664.351551013344
416			666.1925600179459
417			666.7605499380388
418			666.0627271127483
419			664.6225852952058
420			663.0447915678388
421			661.7838385892356
422			660.2271034455523
423			657.2999158586979
424			651.9738122988305
425			644.4880140783107
426			636.4467438655804
427			629.5212840358075
428			625.0628172101485
429			623.5525182635218
430			625.3251557555019
431			630.6112787192852
432			638.8441717879612
433			649.0889307427268
434			660.4145095643969
435			672.0640683438984
436			683.4805083153569
437			694.117944816835
438			703.7011026427929
439			712.7457715921025
440			721.9115244720977
441			731.786277343738
442			742.3610618772167
443			753.3305770699704
444			764.3870748558721
445			775.2121715344441
446			785.4743944567055
447			794.8414954186557
448			803.0606001072139
449			810.130712946894
450			816.1006854738005
451			821.0249919911854
452			825.0096805471501
453			828.1885140289857
454			830.6971232502476
455			832.7369072151386
456			834.5967783463507
457			836.5717004308109
458			838.834260133419
459			841.1318883339742
460			843.1197478853433
461			844.4727993945312
462			845.0682141154557
463			844.9014748873775
464			843.9732047924582
465			842.4676220289399
466			840.8348735300143
467			839.5459332593658
468			838.9777114199002
469			839.1466404971329
470			839.9828138219069
471			841.4172804265896
472			843.392083608777
473			845.8563051548643
474			848.757141199788
475			851.9138713512423
476			854.9428329220531
477			857.4423481587419
478			859.0049587219421
479			859.1986164827711
480			857.5847360167172
481			853.7811038202115
482			848.1445756271894
483			841.5518607614825
484			834.8894706612082
485			828.9574172105798
486			824.4045365431116
487			821.8644334850428
488			821.7866242320364
489			823.7467487407482
490			827.0614091036277
491			831.0530252884068
492			835.1326484560902
493			838.7800584302281
494			841.4768321092869
495			842.7045463917328
496			841.9447781760329
497			838.6791043606534
498			nan
499			nan
500			nan
