Nom de l'instrument : SAM_81D7
Fichier_calib_utilise: /Users/mdlemineahmedou/Documents/Stage/pipeline_LOG/data/calibration/ALL_2023/Cal_SAM_81D7.dat
Date : 2023-10-10
Heure : 12:04:43

l_onde		data
280			nan
281			nan
282			nan
283			nan
284			nan
285			nan
286			nan
287			nan
288			nan
289			nan
290			nan
291			nan
292			nan
293			nan
294			nan
295			nan
296			nan
297			nan
298			nan
299			nan
300			nan
301			nan
302			nan
303			nan
304			nan
305			nan
306			nan
307			nan
308			nan
309			nan
310			nan
311			nan
312			nan
313			nan
314			nan
315			nan
316			nan
317			nan
318			nan
319			0.004180630651230652
320			0.004385611814698937
321			0.004213398801348013
322			0.0038011251801697743
323			0.0032859245201561204
324			0.0028049303902989483
325			0.0024952762373448827
326			0.002449397391039635
327			0.0025883827330160777
328			0.0027922691368948704
329			0.0029491844868805525
330			0.0030342459733000266
331			0.003075509119764863
332			0.0031013216238165195
333			0.0031174943537059254
334			0.0030974721565462174
335			0.003012196154244421
336			0.0028517365713093346
337			0.0026751000985429105
338			0.0025568169463490273
339			0.0025655245490238186
340			0.0027104748948884477
341			0.0029665343049187698
342			0.003307329135814985
343			0.00367010818774236
344			0.003942083477363692
345			0.00400683403005192
346			0.0038089419182824815
347			0.0035037178210593676
348			0.00329194223813644
349			0.003351668263771112
350			0.003641282929819867
351			0.0039960850248611
352			0.0042526520191396595
353			0.0043574036841224975
354			0.004403889683308528
355			0.004495946322177755
356			0.004698788697478135
357			0.004947371028834453
358			0.0051492134190616315
359			0.005223527289807551
360			0.0052002069121795825
361			0.005170154626466574
362			0.005223679972649028
363			0.005401073226959517
364			0.005676346443069097
365			0.0060189472159161315
366			0.006389216285591339
367			0.006716977875899399
368			0.006925671435909473
369			0.006951899428594839
370			0.006856750741091005
371			0.006769874106219746
372			0.0068192251654300194
373			0.007033952035180309
374			0.007311743008834021
375			0.007541187392217636
376			0.007652521302647339
377			0.007716938056249585
378			0.007835423294600262
379			0.008094847531736239
380			0.00844622076789124
381			0.008764674670179115
382			0.008927088382570711
383			0.008920569738449388
384			0.00888157344648464
385			0.008957175387568331
386			0.009249348776004277
387			0.009703449537761751
388			0.010230860887580955
389			0.010748078084427445
390			0.011222577264202215
391			0.011651113613818605
392			0.012031787985574055
393			0.01240870812727196
394			0.012890314616993732
395			0.013589838267620238
396			0.014574377667669303
397			0.015744221774948764
398			0.0169619689380055
399			0.01810214290199647
400			0.019164650389862693
401			0.020224413260259082
402			0.021355859884986027
403			0.022555981698287136
404			0.023708588251686258
405			0.024688511536573247
406			0.025423391333501015
407			0.026042515398890673
408			0.026723295433011558
409			0.02762912137169226
410			0.02876526693130999
411			0.03003726885800559
412			0.03134971511362472
413			0.03264381157309905
414			0.03391738503246728
415			0.03517311694573106
416			0.036420433688584636
417			0.03769632067170549
418			0.039044800998202636
419			0.040504071755094254
420			0.04204064158043886
421			0.04357281543716839
422			0.04501901021726898
423			0.046370261480333415
424			0.04773776882159462
425			0.04924401150563491
426			0.050979391755129874
427			0.052892346143404365
428			0.05489204968475943
429			0.05689893824700141
430			0.058987369551372064
431			0.06134314369389299
432			0.0641533021190321
433			0.06749060864877209
434			0.07122322858897741
435			0.07519807274543466
436			0.0792902526799932
437			0.08351164575664345
438			0.08791553201159884
439			0.0925553947687222
440			0.09748772150317343
441			0.1027713632723464
442			0.10846473822573452
443			0.1145643948527102
444			0.12094575994738381
445			0.12747020904340112
446			0.1340240601577406
447			0.14062766570168764
448			0.14734620630107717
449			0.15423816497062964
450			0.16124185919976844
451			0.16819200744378188
452			0.17492050515188126
453			0.18136458607246803
454			0.18768928972495205
455			0.19408939075952789
456			0.20072074566404083
457			0.20750493741398843
458			0.2142763077803518
459			0.22087602664139686
460			0.22729233185606595
461			0.23365346570836532
462			0.24009312168647506
463			0.24671063289557452
464			0.25352243126530594
465			0.2605326963662007
466			0.2677512607103887
467			0.27522649456711695
468			0.2830228495182698
469			0.29120417400088355
470			0.2998175436759258
471			0.30889227843296235
472			0.3184567510399143
473			0.32847910837817995
474			0.33876383518805075
475			0.3490878798105773
476			0.3592356250804724
477			0.36904950185855206
478			0.37839922392090075
479			0.3871562795078434
480			0.39524370551039806
481			0.4026456216246802
482			0.40934972419573873
483			0.41541494763008824
484			0.42112024779785856
485			0.42678692528845674
486			0.43272417583982814
487			0.4391316532801866
488			0.44615078455218765
489			0.4539160279639896
490			0.46229600588319225
491			0.4708045437237536
492			0.4789307847694577
493			0.4862688071919388
494			0.49278407345901304
495			0.49852416780787356
496			0.5035366744757138
497			0.5078691776997267
498			0.5115692617171057
499			nan
500			nan
