Nom de l'instrument : SAM_877E
Fichier_calib_utilise: /Users/mdlemineahmedou/Documents/Stage/pipeline_LOG/data/calibration/ALL_2023/Cal_SAM_877E.dat
Date : 2023-10-10
Heure : 10:55:00

l_onde		data
280			2.4098212803168546
281			2.5355899096745764
282			2.6682800149145667
283			2.7872703143059634
284			2.8910793571558773
285			2.994909538545282
286			3.104607978483514
287			3.212824220578899
288			3.3149798852340453
289			3.413957938759249
290			3.5113081557563706
291			3.6015361123266354
292			3.681928415251047
293			3.770667014950195
294			3.8876687934178165
295			4.0137697236513175
296			4.114625236976778
297			4.209804890411994
298			4.358498915253968
299			4.614084624757535
300			5.022548264868442
301			5.6327648093416425
302			6.499021138521873
303			7.676650363762722
304			9.222345899226841
305			11.19204506566005
306			13.637859983565027
307			16.609870498041037
308			20.151336353667105
309			24.298093088392505
310			29.036605042542266
311			34.31699553005426
312			39.95546141530616
313			45.65595004015604
314			51.32548134585268
315			57.14037834718479
316			63.17252417279538
317			69.25419476489432
318			75.20012014807442
319			80.85549020083299
320			86.19339445777509
321			91.75804121280225
322			98.20142677108042
323			105.73919399446082
324			114.37327367318034
325			123.88679101025019
326			133.89400775281084
327			143.5035661815771
328			151.3416653008388
329			156.92996034682574
330			161.13221588783978
331			164.46609091138612
332			166.45701462793812
333			166.87526130181774
334			166.7502019366116
335			167.23261159295498
336			168.73672054713958
337			171.39542377358438
338			174.98958934954985
339			179.10953210303595
340			183.10242003065534
341			186.16246926919436
342			188.08235799621227
343			189.29727769126077
344			190.2967816474946
345			191.60625891124994
346			193.68224319807615
347			196.81417402990738
348			201.12857957802083
349			206.26048049554424
350			211.77437425432555
351			217.44070300807834
352			222.9772957821658
353			227.05409372209314
354			227.95621861215164
355			226.07557210333118
356			223.35928310052523
357			221.25828119592862
358			220.6448895546422
359			222.3533407418694
360			227.20085388011861
361			235.3411273393966
362			245.38901844274682
363			255.97402928521902
364			266.5409062596465
365			276.6315826038597
366			285.35316464066295
367			291.7011603664805
368			294.94834874304183
369			294.58253552524656
370			291.1491688170721
371			285.9741210073449
372			280.77052121857645
373			277.6264244745226
374			278.0032346949953
375			282.385646999266
376			290.02322217457595
377			297.6278160839656
378			301.8720376160928
379			300.40472590789346
380			292.03794683028514
381			280.35500303829946
382			270.08841338849834
383			263.50630958037436
384			261.6707309273042
385			264.7252056781961
386			272.152105171801
387			282.30079892341485
388			292.45746177386
389			300.2082930607419
390			303.6184485522556
391			302.2282714385143
392			298.411970873185
393			295.139200066803
394			296.1442854626341
395			304.6677533858245
396			321.2312664782414
397			345.35254194564067
398			374.7837142026529
399			406.4820786330493
400			436.5025589021362
401			460.5348659626781
402			476.88907182874357
403			486.0880035327423
404			489.945245623311
405			491.6971868804663
406			493.65269920402744
407			496.4375555275702
408			500.42247126775044
409			505.7485238664543
410			512.2980730834258
411			519.1588293318459
412			525.351574304073
413			530.4666534353881
414			534.2841552676754
415			536.6116602295821
416			537.3126071060163
417			536.7845394414271
418			535.7803833673678
419			534.9076909969762
420			534.6150939005848
421			534.7875937744708
422			534.5627100860901
423			533.2919564393503
424			530.8342149923573
425			526.8771173109596
426			520.4835703989852
427			511.38757613287356
428			502.438012517027
429			496.98532895342635
430			496.73097397050105
431			502.58180028677384
432			513.7451401064596
433			528.4476735013689
434			543.6565013636989
435			555.5375043778679
436			563.2574722151018
437			569.0899193897867
438			574.9180715837889
439			581.853895380288
440			590.405921809261
441			599.9818870015112
442			609.7803024784059
443			618.7788262039379
444			626.3036222733815
445			633.3117889204524
446			641.0116826458786
447			649.5243313255976
448			658.450703894992
449			666.4044987014121
450			671.586626089316
451			673.8937303586448
452			674.4959946434682
453			674.5205930807854
454			675.0063379464946
455			676.4204664703043
456			678.4155817870378
457			680.6297264843918
458			682.7978915440412
459			684.7592081507605
460			686.6148838262038
461			688.3343747806196
462			689.1642685055223
463			688.3555537209814
464			686.2651991780824
465			683.6357265811088
466			681.0599530678321
467			679.045767135049
468			677.996084829065
469			678.2195262652613
470			679.5800109361594
471			681.5153286748309
472			683.678225067982
473			686.0312247481497
474			688.466169864562
475			690.705748620632
476			692.6676099734567
477			694.8160744578694
478			697.4034531663432
479			699.5974939865936
480			700.3243149899076
481			698.5343648563604
482			693.3677446074803
483			685.3276617490502
484			675.6219878223865
485			666.42137967465
486			660.4039679344803
487			658.6160423516086
488			660.6797844934906
489			665.4589465001233
490			671.0020338435094
491			675.9920992624728
492			680.183980532133
493			683.4445813042222
494			685.6794572820233
495			686.7517049229126
496			686.381594093118
497			684.2626611191419
498			680.0884423274861
499			nan
500			nan
