Nom de l'instrument : SAM_877D
Fichier_calib_utilise: /Users/mdlemineahmedou/Documents/Stage/pipeline_LOG/data/calibration/ALL_2023/Cal_SAM_877d.dat
Date : 2023-10-10
Heure : 11:30:36

l_onde		data
280			1.4924304818024257
281			1.6528496560933674
282			1.7958782605607853
283			1.8808982760955202
284			1.9030550620329958
285			1.9111761446527986
286			1.942831978774103
287			2.000376421760619
288			2.091183049590554
289			2.2563083271292106
290			2.513861129404798
291			2.7213640794186627
292			2.7139513504908033
293			2.586727862914745
294			2.554355552278092
295			2.6791540423221942
296			2.909821154867776
297			3.192860506634266
298			3.475771084614167
299			3.735888891472876
300			3.9979902566502643
301			4.355567637744979
302			5.05378414200834
303			6.282783360594456
304			7.958724831182363
305			9.951024398404243
306			12.207788222271494
307			14.72653127657527
308			17.699295193469094
309			21.394548417151178
310			25.752181906327355
311			30.471277138237916
312			35.39620080995968
313			40.53348326930249
314			45.79046816937407
315			50.90637990966012
316			55.77524999699406
317			60.68310471914674
318			65.85333064283911
319			71.10006181142889
320			76.20917543614976
321			81.2864769746097
322			86.57218896258989
323			92.5449630212888
324			99.73670505269064
325			107.83277270026294
326			115.9262089374321
327			123.36861672925923
328			129.79178702929474
329			134.9563017115639
330			138.79402189060343
331			141.32324580803672
332			142.71773694485486
333			143.2740807526577
334			143.61423434161003
335			144.3081953192639
336			145.3728571487132
337			146.7107177853618
338			148.58718184938328
339			151.3492008848741
340			154.4443438938671
341			156.78976745151522
342			158.17064604499436
343			159.16597132651566
344			160.11917044394508
345			161.03193497392763
346			162.102162488795
347			163.93469541436988
348			166.91464304616056
349			170.71251120509967
350			174.90870725794
351			179.20242715964778
352			183.23635284119126
353			186.13468018335644
354			186.95286629693987
355			185.88682407457898
356			183.76725063494865
357			181.72958295696364
358			181.11382103268986
359			182.6104581227999
360			186.19842977569684
361			191.67891658480033
362			198.63493781003584
363			206.51290303096258
364			214.50127653590877
365			221.87268622280496
366			228.27457908262005
367			233.3509131629133
368			236.38271132711913
369			236.69299513368156
370			234.6348966826596
371			231.0517178410956
372			227.3468900762875
373			225.2102093738786
374			225.42239630710336
375			227.96460878691076
376			232.10545342044944
377			236.29372231461255
378			238.79331274952494
379			237.64388330667353
380			232.13856161458116
381			224.58810545576497
382			217.45982479504997
383			212.26408498328126
384			210.12291465256854
385			211.2397331500742
386			215.4071534861611
387			221.4979205399172
388			227.96676507522275
389			233.19216716223684
390			235.59530545326894
391			235.23714043520653
392			233.62177218776546
393			232.50914361695266
394			233.90823309003395
395			239.68186973992275
396			251.41670742176802
397			269.33037327353634
398			290.46346176247937
399			311.71196369765113
400			331.0359536949764
401			346.8806528234348
402			358.9629946253557
403			367.44963619653305
404			372.95049306467797
405			376.29766191429366
406			378.644615476464
407			381.2879382638894
408			384.6599523326342
409			388.4711708614887
410			392.4725605180638
411			396.486731578496
412			400.3368509509602
413			403.840320594025
414			406.7249395281774
415			408.5243655279384
416			408.9817305879293
417			408.5613661954613
418			407.7999499076591
419			406.94762934200054
420			406.16133169397045
421			405.50449473443746
422			404.9496298609341
423			403.96610458919145
424			401.7830167855754
425			398.0542413178254
426			392.7750065604241
427			386.55336671754674
428			380.6075747011396
429			376.3404337426902
430			375.36193074923364
431			378.49837137177013
432			385.09243434756905
433			393.9812214121996
434			403.1187053273548
435			410.7954968838574
436			417.01366715829647
437			422.20947231291376
438			427.07203894428557
439			432.30833768666383
440			438.1755056131075
441			444.68901538766016
442			451.40017221423255
443			457.6191756233076
444			463.2636472067218
445			468.7423695779279
446			474.3274799941052
447			480.1195511351704
448			485.86265726383334
449			490.79198030661735
450			494.3576473057747
451			496.51788256105624
452			497.47624304389944
453			497.9407063516775
454			498.5417915324093
455			499.29650368962467
456			500.1172759726677
457			501.1286693716768
458			502.4772722590262
459			503.95581360254585
460			505.2069426928593
461			505.9728140679594
462			506.0635413072787
463			505.4029592999766
464			504.01373183799456
465			502.1086319258865
466			500.1031444222991
467			498.43001344510145
468			497.52964603557234
469			497.53569466813855
470			497.991265540185
471			498.5640085359494
472			499.41913779770096
473			500.6986748797721
474			502.17866890028483
475			503.61298790550524
476			505.0449740311421
477			506.5602844294849
478			507.93123227864373
479			508.790497286723
480			508.68070255254565
481			507.11133195180383
482			503.8280912189073
483			498.78212567344286
484			492.59681109797515
485			486.54368929329354
486			481.8753035105476
487			479.7732023091866
488			480.46812530703875
489			482.5992107829879
490			485.0663070162473
491			487.6938421548866
492			490.33983139704276
493			492.5865518439505
494			494.0242556276033
495			494.4857632555
496			493.90093075509907
497			492.395182187777
498			490.16136177510396
499			487.39237677708127
500			nan
