Nom de l'instrument : SAM_80E0
Fichier_calib_utilise: /Users/mdlemineahmedou/Documents/Stage/pipeline_LOG/data/calibration/ALL_2023/Cal_SAM_80E0.dat
Date : 2023-10-10
Heure : 10:37:43
Comment : LIDAR_20231010

l_onde		data
280			nan
281			nan
282			nan
283			nan
284			nan
285			nan
286			nan
287			nan
288			nan
289			nan
290			nan
291			nan
292			nan
293			nan
294			nan
295			nan
296			nan
297			nan
298			nan
299			nan
300			nan
301			nan
302			nan
303			nan
304			nan
305			nan
306			nan
307			nan
308			nan
309			nan
310			nan
311			nan
312			nan
313			nan
314			nan
315			nan
316			nan
317			73.76724093339044
318			78.97328241163787
319			84.85883651185536
320			91.35379736870517
321			98.38805911684956
322			105.89151589095074
323			113.794061825671
324			122.02344714531259
325			130.45363328060407
326			138.90218028417993
327			147.18374605973574
328			155.01914474362889
329			161.89246631313358
330			167.25105267882796
331			170.68697982139258
332			172.762421773404
333			174.43823213474593
334			176.64705135918067
335			179.65752747158723
336			183.08149678594575
337			186.50315913671253
338			189.61262034121134
339			192.35213947651187
340			194.70069575524784
341			196.66911071296752
342			198.46972679108086
343			200.3934891557775
344			202.72377513188474
345			205.58184742846834
346			208.9353048297582
347			212.7452577442641
348			216.86999636754007
349			220.9327683376447
350			224.524126097694
351			227.29512210773112
352			229.26507674272776
353			230.59187870202243
354			231.43541928331103
355			231.99054070338838
356			232.4843053238113
357			233.14555018377442
358			234.3237358006331
359			236.63731218001513
360			240.7411040797436
361			247.12929103492002
362			255.33923195372435
363			264.5554867091862
364			273.9604605624512
365			282.7053962645401
366			289.91320102398976
367			294.7083114262163
368			296.7332207187502
369			296.77430778997405
370			295.77088888235886
371			294.6035489432568
372			293.80504102807276
373			293.7805442790969
374			294.90050605062254
375			296.8625498458206
376			298.7527874799837
377			299.6365935073756
378			298.8890629222108
379			296.57195985474226
380			292.83928757959364
381			287.98854447327193
382			283.17512502922796
383			279.8718619542345
384			279.48479800401395
385			282.08194357297015
386			286.5004545816179
387			291.5327942747438
388			296.22278151349377
389			300.18119557516474
390			303.09649192331386
391			304.8851061762716
392			306.85911699507903
393			310.85852084516563
394			318.6705147160199
395			330.9686144140363
396			347.3772174436867
397			367.47817714516566
398			390.4215560033536
399			414.3541542667697
400			437.2806204143758
401			457.38348486769155
402			473.9754144692596
403			486.81145414305144
404			495.68779917175607
405			501.28314726148034
406			505.1368799137959
407			508.82244374761666
408			513.3764336956657
409			518.5353786409072
410			523.8428720741574
411			528.8749777272852
412			533.4246039774795
413			537.3734830527283
414			540.6039869050792
415			543.0073504146704
416			544.4838484560349
417			544.9345138391387
418			544.4102528306635
419			543.3444638671688
420			542.2306827467236
421			541.4355692906353
422			540.4242228073815
423			538.2713784598653
424			534.0908537222241
425			528.0686448064234
426			521.5452347356405
427			515.9178346123788
428			512.3196971995076
429			511.16665577647984
430			512.7538151078844
431			517.2849540687865
432			524.2652216032202
433			532.8771287045357
434			542.307841984448
435			551.9352033318322
436			561.3556789870004
437			570.1779254513942
438			578.2106746615258
439			585.8475334397845
440			593.588414753055
441			601.8792352339627
442			610.7161343383934
443			619.8719525467701
444			629.1171978094328
445			638.1974912913834
446			646.8278267553494
447			654.7213388679588
448			661.6584490651439
449			667.6331012183985
450			672.6814955515156
451			676.8468139840921
452			680.2362766910043
453			682.9915168988133
454			685.2548829866337
455			687.1845233853195
456			688.9596106184745
457			690.7607667039938
458			692.6922269338322
459			694.5928480888298
460			696.2438940568929
461			697.4364941059266
462			698.0625406943251
463			698.0728818943091
464			697.4226892138429
465			696.2472817209289
466			694.9429135986635
467			693.9262749878116
468			693.528184892124
469			693.7503809432682
470			694.5157814558949
471			695.7498585736207
472			697.4074633541777
473			699.4622551297592
474			701.8864546027934
475			704.5406657960356
476			707.1084104926981
477			709.2574909913554
478			710.6523434440332
479			710.9430848945036
480			709.7760255933265
481			706.8422572460707
482			702.419982782129
483			697.2003730395629
484			691.8825705050484
485			687.112712666969
486			683.4442998838484
487			681.4214991086656
488			681.4342021844994
489			683.1399507142828
490			685.9792001352062
491			689.3965716440883
492			692.9002237433854
493			696.0475846551296
494			698.3973708757633
495			699.5082989017285
496			698.9390852294675
497			696.2484463554226
498			nan
499			nan
500			nan
