Nom de l'instrument : SAM_877D
Fichier_calib_utilise: /Users/mdlemineahmedou/Documents/Stage/pipeline_LOG/data/calibration/ALL_2023/Cal_SAM_877d.dat
Date : 2023-10-10
Heure : 10:55:35

l_onde		data
280			0.2743756852001244
281			0.3075976771861231
282			0.3541371018396382
283			0.38235811426278005
284			0.382595170999081
285			0.3781646252347126
286			0.3862634107077677
287			0.40423999774381264
288			0.425126296767214
289			0.43642216323846805
290			0.4312163616646787
291			0.4386611477509873
292			0.49100902472324326
293			0.5458772793378721
294			0.5305959531237708
295			0.47330439473001834
296			0.4736671164674661
297			0.5424704741602442
298			0.59324860254777
299			0.589774989742079
300			0.5830476400651508
301			0.6090144370339484
302			0.6500859598624412
303			0.6880122220595052
304			0.7296027820553944
305			0.7886589519652377
306			0.886692682063968
307			1.0426009442530537
308			1.23003920389727
309			1.4045595472396748
310			1.5934740668174099
311			1.874843272159129
312			2.2455476187059205
313			2.614114463797652
314			2.9486953879308357
315			3.318047540750632
316			3.76345283517713
317			4.242276718074001
318			4.713191533392343
319			5.1804526441114165
320			5.663579222965102
321			6.210509733025352
322			6.87081537887408
323			7.630784848659062
324			8.449378336323225
325			9.334238061883637
326			10.323314545891954
327			11.346758071262133
328			12.226237450634661
329			12.91659754984686
330			13.57540564220094
331			14.283356844135913
332			14.922241715251944
333			15.403511488395917
334			15.81345835257807
335			16.260052925161446
336			16.79021495970953
337			17.426828502544822
338			18.150099900360843
339			18.922933222587115
340			19.725471947183735
341			20.546080819478938
342			21.317462265386744
343			21.925247323809295
344			22.404066204153487
345			22.983260154295593
346			23.790171004424696
347			24.738299740213876
348			25.749407592266152
349			26.830621487622626
350			27.99492962554677
351			29.221451842803415
352			30.457895045684655
353			31.514322139021353
354			32.18045341533981
355			32.5294943906801
356			32.78199199907156
357			33.078708074214696
358			33.50054015600394
359			34.19253721252801
360			35.36788806877322
361			37.07048840912365
362			39.08037657032291
363			41.20347067282944
364			43.35075219339174
365			45.436589443885545
366			47.34215410871351
367			48.94156970939348
368			50.10670499156012
369			50.73437653759446
370			50.89964771589153
371			50.762378076847284
372			50.57913396478979
373			50.65951920777614
374			51.21914608830057
375			52.38444278126602
376			54.00771641511788
377			55.618700726650566
378			56.75787453221278
379			57.01598608344497
380			56.25697323117735
381			54.980208146660026
382			53.74162000697354
383			52.97628043631308
384			53.03286157451105
385			53.95754923651438
386			55.66856436985322
387			57.83511587973031
388			60.02055284418655
389			61.84973236231511
390			63.00395210736831
391			63.48316702256961
392			63.571253112715965
393			63.740047118479715
394			64.67596753630151
395			66.94295228281668
396			70.87579863350393
397			76.4774916923247
398			83.0178362488748
399			89.69830166462486
400			95.84771579872624
401			100.926235418783
402			104.90386759130608
403			107.9095550318032
404			110.09786149793031
405			111.6482024619128
406			112.88706140919335
407			114.2160410210232
408			115.80139225558133
409			117.61052024125645
410			119.56645036223442
411			121.54913725973107
412			123.48477775375311
413			125.37561266944867
414			127.15265210802784
415			128.57713431166516
416			129.5234127323376
417			130.2815273816125
418			131.138127984395
419			132.01749011860275
420			132.78085064317523
421			133.5154066190079
422			134.35959320921157
423			135.11938878071646
424			135.43748421166492
425			135.17553319677026
426			134.3659234690732
427			133.22990137493204
428			132.17525085131174
429			131.6674194716718
430			132.23714670283215
431			134.20249875739924
432			137.4774673995671
433			141.7297477034509
434			146.10801033322124
435			149.89488839059013
436			153.14925484731788
437			156.10883730652685
438			159.03434189289888
439			162.17631311353946
440			165.65916582745282
441			169.52846683470344
442			173.5822039628979
443			177.48512215887092
444			181.15261710151475
445			184.70670872588838
446			188.30977450862574
447			192.15605081056822
448			196.1452354893957
449			199.74379075581078
450			202.6113284545324
451			204.85997650550908
452			206.6613123900144
453			208.2033346716167
454			209.66577664623784
455			211.18670623802544
456			212.86572771452393
457			214.65154067940028
458			216.44464509053824
459			218.15548867075418
460			219.70486869407418
461			221.076560913034
462			222.28752699217452
463			223.2718311706892
464			223.9027789248504
465			224.24005523898632
466			224.54560509589254
467			225.02846735114466
468			225.80671929572205
469			226.94600017294877
470			228.42459773245338
471			230.1787099072067
472			232.06092026484558
473			233.9386777766042
474			235.77992717678987
475			237.59241680355996
476			239.46948675036776
477			241.49250111133358
478			243.48389476412981
479			245.16375983861084
480			246.3029614454254
481			246.7018972922992
482			246.1758049042074
483			244.57586929403774
484			242.30479845851858
485			240.29208589109462
486			239.15203723942722
487			239.0659172518986
488			240.0062278813511
489			241.64141030576016
490			243.6213193336673
491			245.61954996450217
492			247.40024652644422
493			248.98986954317417
494			250.39785956764234
495			251.36445764960945
496			251.62255315526318
497			251.2445279718703
498			250.41980071525242
499			249.337899431582
500			nan
