[Spectrum]
Version            = 1
IDData             = DLAB_2023-07-10_10-37-27_434_387
IDDevice           = SAM_839E
IDDataType         = SPECTRUM
IDDataTypeSub1     = BACK
IDDataTypeSub2     = 
IDDataTypeSub3     = 
DateTime           = 2023-07-10 10:28:31
PositionLatitude   = 0
PositionLongitude  = 0
Comment            = 
CommentSub1        = 
CommentSub2        = 
CommentSub3        = 
IDMethodType       = SAM Calibration Station
MethodName         = SAM Calibration Station
Mission            = 
MissionSub         = 0
RecordType         = 0

[Attributes]
CalFactor = 1
IDBasisSpec = 
IDDataBack = 
IDDataCal = 
IntegrationTime = 8192
P31 = -1
P31e = 0
PathLength = +INF
RAWDynamic = 65535
Temperature = +NAN
Unit1 = $05 $00 Pixel 
Unit2 = $03 $05 Intensity counts
Unit3 = $03 $05 Intensity counts
Unit4 = $f1 $00 Status 
[END] of [Attributes]
[DATA]
 0 12 0 0
 1 0.0144294230247251 0.0282980606842994 0
 2 0.0142669747057285 0.0283120914375925 0
 3 0.0142925850728856 0.028505408848667 0
 4 0.0143598203125944 0.02864614475624 0
 5 0.0143459485538141 0.0285898487523299 0
 6 0.0143097490298475 0.0284949400287746 0
 7 0.0142429595777455 0.0286803897652448 0
 8 0.0143193171498369 0.0286835189599588 0
 9 0.014279390283152 0.0287765708697145 0
 10 0.0143375040628611 0.0286512964238959 0
 11 0.0142943005264083 0.0284951170344334 0
 12 0.0143116759489592 0.0286206733975488 0
 13 0.0142560784701761 0.0287745501423905 0
 14 0.0143183397321564 0.0285826396993732 0
 15 0.0142477730370403 0.0288382840497687 0
 16 0.0142995842000282 0.0288987791376265 0
 17 0.0142894640362078 0.0286170435596104 0
 18 0.0143141871900651 0.0288430247989623 0
 19 0.0142782301885148 0.0285422120607587 0
 20 0.0143119285910158 0.0289613886924914 0
 21 0.0142560598011844 0.0288749418518862 0
 22 0.0143428721831353 0.02869622112344 0
 23 0.0142755620929828 0.0284456270202984 0
 24 0.0143510474567585 0.0289535615162232 0
 25 0.0143369213111559 0.0287750708602211 0
 26 0.0143487989773496 0.0286844272049715 0
 27 0.0142639632403295 0.0287841449313818 0
 28 0.0143169990542812 0.02845617945529 0
 29 0.0142785599492103 0.0286626230404427 0
 30 0.0143305806585449 0.0287847403616601 0
 31 0.0143040209644333 0.0288327761014917 0
 32 0.0143408960616342 0.0286464074717395 0
 33 0.0142870320074594 0.0286972416116861 0
 34 0.0143237902053662 0.02862570391932 0
 35 0.0142847324064189 0.0288141484379231 0
 36 0.0143348398058135 0.0284687952106833 0
 37 0.0143456440922195 0.0285588498944409 0
 38 0.0143389325024453 0.0285382521264684 0
 39 0.0142954011245391 0.0288083713153602 0
 40 0.0143342834000685 0.0286142252594509 0
 41 0.0142891245048251 0.0287276455629821 0
 42 0.0143510289622433 0.0285539742089808 0
 43 0.0143076232074592 0.0286280632965238 0
 44 0.0143409789379994 0.0287380483985165 0
 45 0.0143379981804747 0.0286868871297685 0
 46 0.0143938158486745 0.0288235126307849 0
 47 0.0143072815823578 0.028697659687182 0
 48 0.0143502460859255 0.0286723178533418 0
 49 0.0143002957154336 0.028728742334732 0
 50 0.0143529612901283 0.0286596108021304 0
 51 0.0143075642343825 0.0287002739246046 0
 52 0.0143494338975459 0.0288157921117726 0
 53 0.0143392275423056 0.0285960710074667 0
 54 0.0143381915005015 0.0287000260468576 0
 55 0.0143067991546736 0.028490192471671 0
 56 0.0143509652782995 0.0288876750873667 0
 57 0.0143039911289418 0.0285716660467734 0
 58 0.0143726467823131 0.0287578356760808 0
 59 0.0143365842224449 0.0285431044206482 0
 60 0.014350204386028 0.0287538799312736 0
 61 0.0143519255972772 0.0289963757636813 0
 62 0.0144060998707729 0.0288228581986203 0
 63 0.0143247245273367 0.0288749514527849 0
 64 0.0143590082986914 0.0287075597847505 0
 65 0.014312803765433 0.0287065392965045 0
 66 0.0143839870607068 0.0289812981633113 0
 67 0.0143161664521443 0.0286466319582062 0
 68 0.0143539106170828 0.0288056444855806 0
 69 0.0143086883868486 0.0288815956237771 0
 70 0.0143673186171708 0.0288403279938113 0
 71 0.0143247773937339 0.0289955472934084 0
 72 0.014353723229259 0.0287743113418567 0
 73 0.0143583971073071 0.0288020684126747 0
 74 0.0143768111888104 0.0288121910765302 0
 75 0.0143411752241277 0.0289791976612476 0
 76 0.0143609692407319 0.0291592396479104 0
 77 0.0143202061079023 0.0290124605856011 0
 78 0.0143805845933402 0.0289586318380833 0
 79 0.0143228761226764 0.0288275488485791 0
 80 0.0144012837943297 0.0289111646460138 0
 81 0.0143326225577085 0.0289950822607899 0
 82 0.0143802005704351 0.0289141962606852 0
 83 0.0143360771935661 0.0287967647016963 0
 84 0.0143762451868548 0.0288708986516203 0
 85 0.0143768731279887 0.028940320305923 0
 86 0.0143693252720697 0.0288564101973041 0
 87 0.0143773150771112 0.0285318490253133 0
 88 0.0144026413964311 0.0288189371916099 0
 89 0.0143385537138368 0.0289651113973041 0
 90 0.0143619339216236 0.0287536029017069 0
 91 0.0143854048572208 0.0286775400439624 0
 92 0.0143753089456421 0.0288220447406616 0
 93 0.0143271671991552 0.0287402494481734 0
 94 0.014386412808299 0.0289775016188599 0
 95 0.0143803476541738 0.0290099013351435 0
 96 0.0143890973046275 0.0289269663287042 0
 97 0.0143493674219771 0.0288976268552262 0
 98 0.014369480032777 0.0287879161643731 0
 99 0.01436758329811 0.0288307359978086 0
 100 0.0143729097184867 0.0290001597396836 0
 101 0.0143438258720038 0.02906929563633 0
 102 0.0143805086960373 0.028810618973016 0
 103 0.0143460230553045 0.0288371090743353 0
 104 0.0143741603664577 0.0288098772599545 0
 105 0.0143494431448035 0.0289273264496846 0
 106 0.0143612063543748 0.0286013120507611 0
 107 0.0143277468102824 0.0288846270638867 0
 108 0.0143887469556981 0.0290243292165173 0
 109 0.0143356033152333 0.0288639999695329 0
 110 0.0143729549079153 0.0290263787465372 0
 111 0.0143515769931134 0.0286023297460185 0
 112 0.0143916001708586 0.0287448482786287 0
 113 0.0143283450904013 0.0286442748503057 0
 114 0.0143986891534289 0.0290427683533488 0
 115 0.0143802021407241 0.0288283050502694 0
 116 0.014373987983618 0.0285503359920762 0
 117 0.0143328980561944 0.0289128554515477 0
 118 0.0143754500971779 0.028729846612639 0
 119 0.0143216427478846 0.0291645810642362 0
 120 0.0143803651018297 0.0289772680551799 0
 121 0.0143280444672911 0.0289386005231314 0
 122 0.0143822977786678 0.0288042876167581 0
 123 0.0143404591723318 0.0287456769234635 0
 124 0.01436900231596 0.0286748584256875 0
 125 0.0143422927464846 0.0286615693854558 0
 126 0.0143803584717205 0.0291233267009667 0
 127 0.0143439221830641 0.0287581353986806 0
 128 0.0143794487509447 0.0289625448152512 0
 129 0.0143587019178547 0.0291154932404739 0
 130 0.0144006535850006 0.0286394871439896 0
 131 0.0143821526141711 0.0289251545518472 0
 132 0.0143650273910051 0.0288560022463922 0
 133 0.0143325370641949 0.0287727509339827 0
 134 0.0143786698875877 0.028832764056728 0
 135 0.0143112301613523 0.0291379605652571 0
 136 0.0143808046082804 0.028801637419606 0
 137 0.0143238011973894 0.0289728952822475 0
 138 0.0144442043298047 0.0286639886373549 0
 139 0.0143179469854233 0.0288846583104478 0
 140 0.0143686294595545 0.0288583429454841 0
 141 0.0143270000506122 0.029071272374082 0
 142 0.0143651580739474 0.0285692717572108 0
 143 0.0143533317038619 0.0287919783918746 0
 144 0.01438423987724 0.0289040917512563 0
 145 0.0143128306348231 0.028870358208307 0
 146 0.0143495007220678 0.0288131483734069 0
 147 0.0143012760992156 0.028869663452368 0
 148 0.0143546978553146 0.0290250236233326 0
 149 0.0143115906299221 0.0289126295685867 0
 150 0.0143520646550943 0.0286561204390651 0
 151 0.014307125425838 0.0288148309745365 0
 152 0.01441226936188 0.0289362500485791 0
 153 0.0143041293143761 0.0287600220625471 0
 154 0.0143698822012443 0.028588842578151 0
 155 0.0143132010485567 0.0289235309526039 0
 156 0.0143664811296902 0.0288285534517019 0
 157 0.0143324601200326 0.0288861879954461 0
 158 0.0143622537371553 0.0290811749155157 0
 159 0.0143489017440426 0.0289323306126249 0
 160 0.0143696400277811 0.0292641868965367 0
 161 0.0143236541136506 0.0289516142794144 0
 162 0.0143719870864455 0.0288643279711432 0
 163 0.0143435065799019 0.0289106032552853 0
 164 0.0143485828008937 0.028902445284418 0
 165 0.0143117295132626 0.0287946942242611 0
 166 0.0143731332229581 0.0289862501322753 0
 167 0.0143534955373503 0.0290602011414395 0
 168 0.0144245783341263 0.028897154840136 0
 169 0.0143585494253426 0.0289501943937843 0
 170 0.0143522455872854 0.0291808226426467 0
 171 0.0143281475829372 0.0291187551021512 0
 172 0.0143646998985049 0.0291229531387281 0
 173 0.0143061649323836 0.0289150921118106 0
 174 0.0143484100691008 0.0289940368102074 0
 175 0.0142981463387099 0.0289193741126103 0
 176 0.0143804738007256 0.0287900116041448 0
 177 0.0143443630853273 0.02895365560503 0
 178 0.0143762943892443 0.0288932568752824 0
 179 0.0143020214630733 0.0289635550043514 0
 180 0.0143367784148545 0.0289569787378969 0
 181 0.0143036191449191 0.028880135239811 0
 182 0.0143350528416913 0.0289635653034972 0
 183 0.0143076715374659 0.0289090070622436 0
 184 0.0143475387331679 0.0288652737469415 0
 185 0.0143001711391709 0.0291547122132287 0
 186 0.0143361581506892 0.0289485385006092 0
 187 0.0144248306272298 0.0291128797012985 0
 188 0.0143528454376934 0.0291093385407512 0
 189 0.014332101570705 0.0289273460006055 0
 190 0.0143364039881601 0.0289954490151185 0
 191 0.014306024129801 0.0286790571605116 0
 192 0.0143555370875608 0.02894518010626 0
 193 0.0143116459389911 0.028842367573809 0
 194 0.0143344477569866 0.0288003849387361 0
 195 0.0142902699434314 0.0287112229639916 0
 196 0.0143412915999922 0.0289626504251364 0
 197 0.0143832980527774 0.0288028207740056 0
 198 0.0143482701389009 0.0289144736393754 0
 199 0.0143338152794622 0.0291012252577031 0
 200 0.0143733602169606 0.0287642963826279 0
 201 0.0143521077508043 0.028973379691225 0
 202 0.0143483708118752 0.0286996350284396 0
 203 0.0143057613681039 0.0288966337731818 0
 204 0.0143385716849224 0.0290689164881141 0
 205 0.014300017774276 0.0289712940269138 0
 206 0.01435683903164 0.0289652012966279 0
 207 0.0143148121650975 0.0288380550246954 0
 208 0.0143444491022707 0.0288630184085668 0
 209 0.0142952646838704 0.0289863915273282 0
 210 0.0143785170461225 0.0290663057419274 0
 211 0.0143314376874 0.0289441938321255 0
 212 0.0143337819544395 0.0290367094880508 0
 213 0.0143358484547979 0.0291322820701076 0
 214 0.0144129602890515 0.0290832192086818 0
 215 0.0143051461637588 0.028872871374451 0
 216 0.0143429285390637 0.0288683029177478 0
 217 0.0143212362175034 0.0290087570825857 0
 218 0.0143332098458043 0.0290878510313162 0
 219 0.0143061631876181 0.0289675898256512 0
 220 0.0143373002742409 0.0289712727303749 0
 221 0.014299931233903 0.0288920974358486 0
 222 0.0143433888082249 0.0290225813292768 0
 223 0.0143162809087666 0.0290957333691112 0
 224 0.0143386798603886 0.0290276514765752 0
 225 0.0143155796874781 0.029113946273858 0
 226 0.0143380721585355 0.0291459755700153 0
 227 0.0143243778424151 0.0288024344687561 0
 228 0.0143336381857553 0.0290716871329039 0
 229 0.0143037901319464 0.0291759497501752 0
 230 0.0143464004481005 0.0287203654633754 0
 231 0.014305642375091 0.0292261725747202 0
 232 0.0143505029154195 0.0289280672899371 0
 233 0.0142949439959559 0.0290500325678322 0
 234 0.0143469493513534 0.028862218566428 0
 235 0.0143632135327034 0.0292146893762445 0
 236 0.0143626771917627 0.0293474945924055 0
 237 0.0144002039589094 0.0289383151145987 0
 238 0.0143625871618585 0.0288351501418862 0
 239 0.014300593895872 0.0293781026064385 0
 240 0.0143781827490365 0.0292694031520564 0
 241 0.0143415158023698 0.0291538764113605 0
 242 0.0143670143300529 0.0289782126090457 0
 243 0.0143510575763989 0.0290297825269528 0
 244 0.0143670099681389 0.0293618308288377 0
 245 0.0143527503479691 0.0292201128366134 0
 246 0.0143972512921106 0.0289727186257122 0
 247 0.0143248522441775 0.0290090358577702 0
 248 0.0143681779142212 0.0289835358709449 0
 249 0.0143492674469091 0.0289750594993659 0
 250 0.0144078284100376 0.0292503794077777 0
 251 0.0143642926702174 0.0290549190761236 0
 252 0.0144153635291678 0.0288583064620692 0
 253 0.0144100076222527 0.0293609321847236 0
 254 0.0145648719686827 0.0290620621447223 0
 255 0.0149421803179778 0.0294981730160628 0
[END] of [DATA]
[END] of [Spectrum]

