[Spectrum]
Version            = 1
IDData             = DLAB_2022-04-08_10-16-51_098_148
IDDevice           = SAM_877D
IDDataType         = SPECTRUM
IDDataTypeSub1     = CAL
IDDataTypeSub2     = Aqua
IDDataTypeSub3     = 
DateTime           = 2022-04-08 10:15:20
PositionLatitude   = 0
PositionLongitude  = 0
Comment            = 
CommentSub1        = 
CommentSub2        = 
CommentSub3        = 
IDMethodType       = 
MethodName         = 
Mission            = No Mission
MissionSub         = 1
RecordType         = 0

[Attributes]
CalFactor = 1
IDBasisSpec = 
IDDataBack = DLAB_2022-04-07_09-42-08_769_372
IDDataCal = 
IntegrationTime = 2048
P31 = -1
P31e = 0
PathLength = +INF
RAWDynamic = 65535
Temperature = +NAN
Unit1 = $05 $00 Pixel 
Unit2 = $04 $09 1/Intensity (m^2 nm)/mW
Unit3 = $04 $09 1/Intensity (m^2 nm)/mW
Unit4 = $f1 $00 Status 
[END] of [Attributes]
[DATA]
 0 10 0 0
 1 +NAN 0 0
 2 +NAN 0 0
 3 +NAN 0 0
 4 +NAN 0 0
 5 +NAN 0 0
 6 +NAN 0 0
 7 +NAN 0 0
 8 +NAN 0 0
 9 +NAN 0 0
 10 +NAN 0 0
 11 +NAN 0 0
 12 +NAN 0 0
 13 +NAN 0 0
 14 +NAN 0 0
 15 +NAN 0 0
 16 +NAN 0 0
 17 +NAN 0 0
 18 +NAN 0 0
 19 +NAN 0 0
 20 +NAN 0 0
 21 +NAN 0 0
 22 +NAN 0 0
 23 +NAN 0 0
 24 +NAN 0 0
 25 +NAN 0 0
 26 +NAN 0 0
 27 +NAN 0 0
 28 +NAN 0 0
 29 +NAN 0 0
 30 +NAN 0 0
 31 +NAN 0 0
 32 +NAN 0 0
 33 +NAN 0 0
 34 +NAN 0 0
 35 +NAN 0 0
 36 +NAN 0 0
 37 +NAN 0 0
 38 +NAN 0 0
 39 +NAN 0 0
 40 +NAN 0 0
 41 +NAN 0 0
 42 +NAN 0 0
 43 0.0827376503630935 0 0
 44 0.0776645562379059 0 0
 45 0.0712168656548295 0 0
 46 0.0652602011023652 0 0
 47 0.0603116450169826 0 0
 48 0.0568600697427371 0 0
 49 0.0532175574979383 0 0
 50 0.0504424739297596 0 0
 51 0.0489156111217249 0 0
 52 0.0480637003468162 0 0
 53 0.0478345469663425 0 0
 54 0.0478983405719412 0 0
 55 0.0482233042409098 0 0
 56 0.0494442748220371 0 0
 57 0.0511157963111633 0 0
 58 0.0524417643320962 0 0
 59 0.0529698745495698 0 0
 60 0.052969922488409 0 0
 61 0.052270966739968 0 0
 62 0.0512212222337289 0 0
 63 0.0489961675704594 0 0
 64 0.0464346712229505 0 0
 65 0.0437258105092517 0 0
 66 0.0413483271476915 0 0
 67 0.0391386419398723 0 0
 68 0.0369972947712371 0 0
 69 0.0351901416191078 0 0
 70 0.0339494981693916 0 0
 71 0.0330299946125905 0 0
 72 0.0324058196575788 0 0
 73 0.0318301731828485 0 0
 74 0.0315825696464771 0 0
 75 0.0316348280839833 0 0
 76 0.0319909958477438 0 0
 77 0.0324664410090544 0 0
 78 0.0331028685618759 0 0
 79 0.0338686173422457 0 0
 80 0.0349658609402815 0 0
 81 0.0361827823994461 0 0
 82 0.0371748347146197 0 0
 83 0.0381766074883343 0 0
 84 0.0390316928335225 0 0
 85 0.0396139699143412 0 0
 86 0.0399172413502429 0 0
 87 0.0396901294498052 0 0
 88 0.0391625715313799 0 0
 89 0.0384297461157041 0 0
 90 0.0374797369371431 0 0
 91 0.0364767406812622 0 0
 92 0.0353958105261665 0 0
 93 0.0343728441857243 0 0
 94 0.0334560916187722 0 0
 95 0.0327045170489167 0 0
 96 0.031973652944455 0 0
 97 0.031325871673161 0 0
 98 0.0306343887063781 0 0
 99 0.0299822537903976 0 0
 100 0.0296836318811021 0 0
 101 0.0294153398376634 0 0
 102 0.0293806010066173 0 0
 103 0.0295242186408264 0 0
 104 0.0298175481862779 0 0
 105 0.0302890708501562 0 0
 106 0.0309199332997881 0 0
 107 0.0317282926933631 0 0
 108 0.0326665634843608 0 0
 109 0.0337253480756054 0 0
 110 0.0347877835923863 0 0
 111 0.0359529071929057 0 0
 112 0.0373119957249114 0 0
 113 0.0388449787023335 0 0
 114 0.0405856328563557 0 0
 115 0.0424333067157574 0 0
 116 0.0437047666652645 0 0
 117 0.0446423724954293 0 0
 118 0.0455749084692521 0 0
 119 0.0462819075564927 0 0
 120 0.0466827025907615 0 0
 121 0.0468151255619714 0 0
 122 0.0467040380151764 0 0
 123 0.0464214411148719 0 0
 124 0.0460096100932935 0 0
 125 0.0455034031878216 0 0
 126 0.0449876997808368 0 0
 127 0.0444506855021807 0 0
 128 0.0439036729924704 0 0
 129 0.0433284001039028 0 0
 130 0.0426952070459923 0 0
 131 0.0420794942876401 0 0
 132 0.0414791220271671 0 0
 133 0.040847538503565 0 0
 134 0.0401876218550475 0 0
 135 0.0395210424962344 0 0
 136 0.0387726517407197 0 0
 137 0.0379645451275303 0 0
 138 0.0371166827470641 0 0
 139 0.0362436285483718 0 0
 140 0.035419404421687 0 0
 141 0.0346953196421921 0 0
 142 0.0341263055242163 0 0
 143 0.0336842478660784 0 0
 144 0.0333526643993053 0 0
 145 0.0330918913830278 0 0
 146 0.0329082589181101 0 0
 147 0.032768212832026 0 0
 148 0.0326590276930065 0 0
 149 +NAN 0 0
 150 +NAN 0 0
 151 +NAN 0 0
 152 +NAN 0 0
 153 +NAN 0 0
 154 +NAN 0 0
 155 +NAN 0 0
 156 +NAN 0 0
 157 +NAN 0 0
 158 +NAN 0 0
 159 +NAN 0 0
 160 +NAN 0 0
 161 +NAN 0 0
 162 +NAN 0 0
 163 +NAN 0 0
 164 +NAN 0 0
 165 +NAN 0 0
 166 +NAN 0 0
 167 +NAN 0 0
 168 +NAN 0 0
 169 +NAN 0 0
 170 +NAN 0 0
 171 +NAN 0 0
 172 +NAN 0 0
 173 +NAN 0 0
 174 +NAN 0 0
 175 +NAN 0 0
 176 +NAN 0 0
 177 +NAN 0 0
 178 +NAN 0 0
 179 +NAN 0 0
 180 +NAN 0 0
 181 +NAN 0 0
 182 +NAN 0 0
 183 +NAN 0 0
 184 +NAN 0 0
 185 +NAN 0 0
 186 +NAN 0 0
 187 +NAN 0 0
 188 +NAN 0 0
 189 +NAN 0 0
 190 +NAN 0 0
 191 +NAN 0 0
 192 +NAN 0 0
 193 +NAN 0 0
 194 +NAN 0 0
 195 +NAN 0 0
 196 +NAN 0 0
 197 +NAN 0 0
 198 +NAN 0 0
 199 +NAN 0 0
 200 +NAN 0 0
 201 +NAN 0 0
 202 +NAN 0 0
 203 +NAN 0 0
 204 +NAN 0 0
 205 +NAN 0 0
 206 +NAN 0 0
 207 +NAN 0 0
 208 +NAN 0 0
 209 +NAN 0 0
 210 +NAN 0 0
 211 +NAN 0 0
 212 +NAN 0 0
 213 +NAN 0 0
 214 +NAN 0 0
 215 +NAN 0 0
 216 +NAN 0 0
 217 +NAN 0 0
 218 +NAN 0 0
 219 +NAN 0 0
 220 +NAN 0 0
 221 +NAN 0 0
 222 +NAN 0 0
 223 +NAN 0 0
 224 +NAN 0 0
 225 +NAN 0 0
 226 +NAN 0 0
 227 +NAN 0 0
 228 +NAN 0 0
 229 +NAN 0 0
 230 +NAN 0 0
 231 +NAN 0 0
 232 +NAN 0 0
 233 +NAN 0 0
 234 +NAN 0 0
 235 +NAN 0 0
 236 +NAN 0 0
 237 +NAN 0 0
 238 +NAN 0 0
 239 +NAN 0 0
 240 +NAN 0 0
 241 +NAN 0 0
 242 +NAN 0 0
 243 +NAN 0 0
 244 +NAN 0 0
 245 +NAN 0 0
 246 +NAN 0 0
 247 +NAN 0 0
 248 +NAN 0 0
 249 +NAN 0 0
 250 +NAN 0 0
 251 +NAN 0 0
 252 +NAN 0 0
 253 +NAN 0 0
 254 +NAN 0 0
 255 +NAN 0 0
[END] of [DATA]
[END] of [Spectrum]

